41546464
42372704
42478080
44901056
40593344
40744352
39916928
41045440
41969488
42344048
41962800
43089040
42970800
42841296
56838224
347539040
345468672
339098912
349973120
198268880
42621120
42696368
40753280
40281264
42267264
42240272
42812848
42715568
40315472
42174032
42001552
41003232
42060592
45168672
42606944
41754272
42581296
40608224
43744400
41044416
41298352
41278832
39755856
39308928
47067696
368927376
326390832
354137952
348022784
194304448
42078736
42541504
40464368
39350144
40386240
43040800
43093552
42700112
42509888
41516656
40832688
42712896
41171168
40586272
39981152
41164576
43934000
43106368
39068544
40768448
41837728
43395888
41937744
42078656
39961744
360119408
348978992
357628608
354517984
171637184
39283568
42049232
43189408
43588848
43137392
41885008
41139808
43826768
40824368
39870000
12959792
