29827856
29677920
29649232
30113600
29260496
29288784
29189984
29296304
29593952
29123984
30005552
29754544
29450352
30015936
29418832
29675520
29391600
30068480
29665472
30478784
30025344
30166320
29722064
29717856
29555152
30093984
29709632
29507264
29777232
29256384
29817360
29865424
29695600
30469792
29605616
29567648
29738336
29260128
29857072
29379680
29306368
29721104
29310864
27525216
29823648
29628448
29958336
29450304
29768640
29549360
29673472
29097824
29811072
28529424
29652288
29746720
29739792
29722496
30081104
29982784
29822656
29462336
29476256
29742560
29157888
29413584
30074224
29868160
28938960
29474000
29403600
30567680
29737152
29485312
29669920
29849584
29154144
29727792
29442624
30344272
29575760
29420224
30338816
29741872
29875616
29988240
29401344
30320752
29193792
29251120
13299392
