0.000377741
0.000006656
0.000461624
0.000740526
0.000006816
0.000966720
0.001264229
0.001604363
0.000593692
0.001656234
0.001474380
0.002190769
0.001256555
0.001745492
0.000198305
0.001217008
0.000141561
0.000903308
0.001194596
0.000025332
0.000209689
0.000242352
0.001365662
0.001212299
0.000783980
0.001233935
0.000946522
0.000437498
0.001603007
0.004836798
0.000394464
0.000037193
0.000804424
0.002119422
0.000609159
0.000841856
0.000868797
0.002095580
0.000407577
0.001998186
0.000915527
0.000118971
0.001987338
0.000199676
0.000989676
0.000215411
0.001167536
0.000077963
0.000535488
0.000851393
0.000437737
0.002416849
0.000666380
0.001512527
0.000951529
0.001731873
0.000415087
0.001592875
0.001864672
0.001551628
0.000690222
0.001490355
0.000907898
0.002411366
0.001325130
0.004221678
0.001521349
0.000842571
0.004185200
0.001174927
0.001583099
0.001029730
0.001107454
0.000892162
0.000940084
0.001144648
0.000746489
0.001168728
0.002293825
0.002217054
0.000345707
0.001556873
0.002452135
0.000868320
0.001192808
0.000797510
0.001200438
0.003129721
0.001709461
0.001205921
0.000705957
0.001502991
0.000032663
0.001167774
0.000899076
0.000409365
0.002216339
0.001688242
0.001051188
0.001336813
0.001885891
0.000320673
0.000095367
0.002506495
0.000356436
0.000876188
0.002051592
0.001753807
0.001138687
0.001733303
0.000902176
0.000844955
0.001688004
0.001582146
0.003894329
0.000792503
0.001152039
0.000902176
0.001214504
0.000807762
0.002049446
0.000683308
0.000574112
0.001041412
0.000662327
0.000151634
0.002029419
0.001188755
0.000894070
0.000375271
0.000960827
0.000121117
0.000897408
0.000414848
0.001150608
0.000185490
0.002385616
0.001221657
0.001229286
0.001779556
0.001524448
0.001741886
0.001645565
0.001499653
0.002437115
0.005562305
0.001697063
0.000348568
0.001390457
0.004087448
0.001435280
0.000838757
0.000852108
0.002136230
0.001551151
0.001129150
0.002447128
0.001584530
0.000611782
0.000750065
0.001277924
0.000961781
0.000929356
0.000460625
0.001917362
0.001899719
0.000815868
0.000937462
0.001280785
0.002287865
0.002517700
0.004561424
0.000792503
0.002317429
0.001314163
0.000612736
0.001190662
0.001331329
0.001691818
0.001223087
0.001857281
0.001056671
0.001811028
0.002127171
0.000877857
0.001472473
0.001054764
0.001046181
0.000379086
0.001434326
0.001748085
0.004221916
0.001777649
0.000472069
0.000248909
0.000124931
0.001046181
0.001729965
0.000697136
0.000091553
0.000441551
0.001694679
0.001522064
0.001265526
0.002253532
0.001672745
0.001069069
0.003092766
0.001382828
0.001056671
0.003305435
0.001079559
0.002084732
0.001339912
0.000926018
0.000746727
0.000514984
0.001008987
0.003205299
0.001367569
0.001269341
0.000383377
0.000748634
0.000969887
0.003724098
0.001029968
0.000390053
0.000830650
0.000778198
0.000877380
0.001265526
0.004395485
0.000964165
0.002017021
0.001283646
0.000879288
0.001853943
0.001709938
0.001293182
0.001956940
0.000905037
0.000953674
0.000960350
0.001650810
0.001376152
0.000578880
0.001149178
0.000099182
0.001361847
0.001056671
0.000557899
0.001821518
0.002334595
0.002047539
0.001802444
0.000357628
0.001887321
0.000504494
0.001166344
0.000920296
0.000234604
0.000555992
0.000776291
0.001424789
0.000692368
0.000993729
0.001041412
0.000540733
0.001278877
0.000591278
0.002020836
0.000092506
0.001654625
0.001305580
0.000633240
0.002141953
0.000702858
0.001014709
0.000659943
0.000981331
0.000114441
0.001338005
0.001591682
0.001429558
0.000729561
0.001727104
0.000893593
0.001412392
0.001903534
0.000321388
0.002181053
0.002241135
0.000823021
0.002133369
0.002515793
0.000756264
0.000292778
0.004453659
0.001207352
0.000856400
0.001785278
0.001557350
0.000061035
0.001602173
0.001418114
0.000651360
0.002349854
0.002078056
0.000800133
0.002532005
0.000460625
0.000434875
0.001485825
0.001526833
0.000284195
0.001463890
0.001723289
0.002157211
0.000037193
0.001826286
0.000464439
0.001431465
0.000698090
0.001758575
0.000220299
0.001237869
0.000819206
0.000919342
0.001188278
0.001721382
0.000281334
0.001290321
0.000773430
0.001252174
0.000824928
0.001194000
0.000372887
0.000906944
0.000081062
0.003014565
0.002281189
0.001748085
0.001590729
0.001192093
0.001476288
0.000804901
0.000676155
0.001303673
0.001453400
0.001926422
0.000804901
0.000760078
0.000609398
0.001461029
0.001460075
0.000778198
0.000674248
0.001482964
0.001363754
0.001568794
0.000896454
0.000858307
0.002331734
0.003109932
0.002576828
0.004802704
0.008745193
0.004054070
0.010407448
0.000711441
0.002873421
0.005533218
0.010423660
0.005593300
0.005566597
0.002703667
0.003863335
0.011063576
0.011023521
0.006209373
0.003272057
0.004531860
0.008477211
0.006743431
0.001523972
0.007991791
0.005521774
0.011384964
0.004993439
0.001708984
0.003767014
0.008228302
0.006168365
0.008388519
0.004741669
0.001529694
0.007207870
0.009683609
0.006494522
0.008632660
0.004116058
0.003995895
0.006164551
0.013254166
0.009040833
0.005249023
0.003353119
0.008342743
0.006126404
0.005580902
0.004890442
0.005636215
0.012275696
0.006526947
0.007011414
0.009515762
0.005498886
0.003351212
0.008499146
0.005212784
0.012620926
0.005775452
0.003057480
0.009387970
0.007711411
0.006864548
0.002710342
0.003721237
0.011423111
0.008047104
0.004919052
0.001504898
0.011945724
0.002914429
0.002677917
0.011585236
0.005228043
0.014762878
0.007396698
0.008152008
0.014244080
0.004102707
0.005105972
0.000650406
0.004283905
0.005226135
0.005197525
0.010396957
0.003334045
0.003810883
0.010261536
0.009361267
0.006509781
0.003219604
0.004291534
0.005159378
0.003849030
0.009866714
0.003980637
0.010156631
0.005914688
0.003612518
0.003763199
0.004060745
0.013046265
0.007453918
0.003534317
0.004865646
0.002307892
0.002565384
0.002676010
0.002611160
0.002756119
0.001398087
0.000070572
0.001512527
0.001443863
0.000507355
0.000280380
0.000654221
0.000705719
0.001571655
0.001993179
0.001697540
0.002782822
0.000995636
0.001480103
0.000606537
0.000665665
0.000524521
0.001583099
0.000701904
0.001295090
0.000940323
0.000427246
0.002126694
0.001306534
0.000949860
0.000650406
0.001703262
0.001239777
0.003482819
0.000699997
0.000391006
0.001140594
0.000875473
0.000223160
0.002895355
0.000812531
0.001424789
0.001354218
0.000597000
0.002483368
0.001518250
0.001455307
0.000766754
0.000762939
0.001365662
0.000551224
0.002286911
0.001506805
0.001298904
0.001876831
0.001285553
0.000936508
0.000520706
0.000446320
0.001783371
0.001173019
0.001091003
0.000713348
0.000791550
0.001165390
0.000825882
0.002475739
0.001371384
0.000816345
0.001590729
0.002073288
0.002902985
0.001874924
0.001054764
0.000833511
0.000991821
0.004011154
0.001815796
0.000213623
0.001749039
0.003217697
0.002874374
0.001289368
0.000608444
0.001480103
0.001308441
0.000434875
0.002471924
0.000125885
0.002452850
0.002428055
0.001722336
0.002649307
0.001216888
0.001150131
0.002115250
0.002021790
0.000608444
0.000068665
0.001401901
0.001161575
0.000949860
0.000720978
0.001569748
0.002361298
0.000490189
0.001512527
0.000862122
0.000671387
0.001827240
0.001199722
0.000726700
0.001468658
0.001091003
0.001905441
0.001985550
0.001861572
0.000774384
0.001077652
0.000850677
0.000972748
0.001485825
0.001361847
0.000480652
0.000280380
0.000680923
0.001581192
0.000295639
0.002489090
0.001520157
0.000333786
0.000240326
0.000242233
0.002079010
0.000545502
0.000772476
0.000555038
0.000570297
0.001691818
0.001190186
0.000627518
0.000751495
0.000093460
0.001491547
0.001407623
0.001571655
0.001279831
0.000820160
0.001476288
0.001457214
0.001480103
0.002229691
0.000558853
0.000734329
0.000728607
0.000940323
0.002162933
0.001764297
0.001731873
0.001493454
0.000535965
0.001091003
0.000755310
0.001708984
0.001558304
0.001792908
0.000711441
0.001901627
0.002346039
0.000398636
0.001846313
0.000244141
0.000913620
0.001245499
0.000875473
0.000978470
0.001274109
0.000988007
0.003454208
0.000984192
0.002527237
0.000398636
0.001461029
0.000423431
0.000102997
0.000402451
0.001186371
0.001268387
0.001937866
0.001611710
0.001121521
0.002513885
0.001045227
0.001735687
0.000680923
0.000461578
0.000759125
0.001117706
0.001424789
0.002161026
0.001493454
0.001033783
0.001110077
0.001466751
0.000957489
0.002561569
0.001354218
0.001705170
0.000812531
0.001646042
0.001132965
0.002084732
0.000480652
0.001049042
0.001714706
0.000873566
0.000476837
0.001211166
0.001657486
0.002079010
0.001131058
0.001319885
0.000482559
0.001182556
0.000783920
0.000667572
0.000997543
0.001190186
0.000581741
0.000152588
0.001832962
0.001268387
0.000858307
0.000085831
0.000829697
0.001058578
0.001871109
0.000619888
0.001169205
0.001558304
0.001171112
0.000286102
0.001205444
0.001512527
0.001644135
0.000869751
0.001319885
0.000820160
0.001810074
0.000875473
0.001970291
0.001737595
0.001432419
0.001134872
0.001245499
0.002241135
0.001855850
0.001115799
0.001049042
0.002527237
0.000785828
0.000587463
0.000249863
0.001260757
0.001388550
0.001729965
0.001663208
0.001550674
0.000631332
0.002208710
0.001213074
0.001321793
0.002565384
0.001714706
0.000659943
0.001220703
0.001655579
0.002372742
0.000879288
0.000581741
0.001869202
0.001922607
0.001501083
0.000726700
0.001129150
0.000768661
0.000444412
0.001335144
0.000810623
0.001602173
0.001131058
0.001016617
0.000976562
0.001136780
0.001266479
0.000869751
0.000865936
0.000995636
0.001369476
0.000888824
0.001079559
0.000831604
0.002388000
0.000965118
0.001194000
0.001075745
0.002338409
0.001464844
0.001541138
0.001110077
0.000385284
0.002216339
0.001178741
0.001220703
0.001869202
0.002227783
0.002185822
0.001056671
0.002162933
0.000465393
0.002460480
0.001831055
0.000614166
0.000957489
0.002513885
0.003288269
0.002429962
0.001464844
0.002555847
0.000743866
0.002616882
0.000785828
0.000808716
0.001316071
0.000469208
0.000289917
0.002410889
0.001594543
0.002216339
0.000602722
0.001361847
0.000274658
0.002410889
0.001987457
0.002723694
0.001663208
0.001392365
0.001178741
0.001213074
0.000499725
0.001480103
0.001834869
0.001117706
0.000679016
0.001499176
0.001453400
0.000408173
0.001701355
0.000858307
0.000846863
0.001354218
0.000030518
0.002212524
0.000164032
0.002094269
0.001338959
0.000297546
0.000385284
0.001731873
0.002517700
0.000885010
0.002246857
0.000438690
0.000404358
0.000953674
0.001758575
0.001647949
0.004589081
0.000671387
0.001079559
0.000938416
0.002159119
0.001056671
0.001335144
0.001167297
0.000843048
0.000858307
0.000328064
0.001941681
0.002056122
0.000083923
0.001091003
0.001457214
0.001052856
0.001068115
0.002170563
0.002254486
0.000968933
0.001922607
0.001152039
0.000934601
0.000663757
0.000373840
0.000114441
0.002769470
0.000713348
0.001369476
0.001281738
0.000919342
0.001804352
0.001411438
0.001850128
0.001972198
0.001598358
0.001434326
0.000892639
0.000823975
0.005233765
0.000232697
0.000854492
0.000659943
0.000789642
0.000305176
0.000061035
0.000690460
0.000720978
0.000850677
0.000907898
0.001815796
0.001197815
0.001762390
0.000991821
0.000728607
0.000812531
0.000686646
0.001167297
0.000545502
0.001995087
0.001094818
0.001262665
0.000949860
0.000640869
0.000560760
0.000633240
0.001754761
0.000816345
0.001430511
0.001407623
0.000591278
0.001197815
0.000179291
0.000961304
0.002128601
0.001205444
0.000911713
0.002227783
0.002174377
0.000709534
0.001365662
0.000484467
0.001472473
0.000724792
0.001426697
0.000396729
0.001621246
0.001014709
0.001091003
0.000759125
0.000564575
0.001586914
0.002399445
0.001319885
0.003150940
0.003189087
0.001091003
0.000553131
0.001956940
0.002464294
0.001720428
0.001132965
0.001152039
0.000709534
0.001426697
0.001964569
0.001369476
0.000957489
0.000869751
0.002185822
0.000728607
0.005268097
0.000148773
0.001327515
0.000881195
0.001365662
0.003410339
0.000129700
0.001232147
0.001354218
0.001270294
0.000679016
0.002243042
0.001132965
0.001308441
0.000690460
0.001491547
0.001026154
0.000778198
0.002437592
0.001609802
0.001091003
0.001773834
0.000507355
0.001586914
0.001426697
0.001476288
0.000976562
0.000663757
0.001270294
0.000591278
0.001255035
0.000495911
0.001483917
0.000865936
0.000938416
0.001785278
0.001636505
0.001541138
0.002647400
0.002033234
0.002738953
0.000438690
0.001491547
0.001270294
0.001358032
0.000274658
0.001052856
0.000862122
0.000652313
0.000946045
0.000438690
0.001575470
0.000846863
0.002002716
0.001125336
0.002082825
0.000320435
0.000446320
0.000949860
0.000934601
0.000755310
0.000350952
0.001869202
0.002552032
0.002254486
0.001457214
0.001117706
0.000915527
0.001674652
0.001003265
0.000377655
0.000461578
0.001327515
0.000675201
0.000835419
0.000930786
0.000576019
0.001152039
0.004364014
0.001060486
0.001743317
0.000293732
0.001918793
0.000099182
0.000686646
0.002510071
0.000099182
0.000835419
0.000755310
0.001491547
0.000782013
0.000488281
0.001430511
0.001564026
0.000133514
0.001171112
0.000091553
0.000961304
0.001003265
0.001033783
0.000595093
0.000972748
0.001163483
0.001300812
0.000644684
0.001575470
0.000934601
0.000946045
0.003822327
0.000595093
0.001251221
0.002010345
0.001468658
0.001567841
0.002052307
0.001319885
0.000835419
0.002307892
0.000801086
0.002410889
0.006980896
0.005325317
0.005569458
0.011474609
0.005569458
0.005474091
0.004077911
0.010921478
0.007255554
0.006313324
0.001823425
0.002628326
0.007373810
0.004608154
0.004714966
0.004093170
0.001964569
0.005378723
0.004501343
0.010612488
0.007278442
0.014564514
0.012252808
0.007747650
0.009540558
0.003971100
0.004932404
0.003898621
0.002582550
0.009552002
0.009971619
0.005668640
0.005756378
0.007427216
0.004089355
0.008319855
0.008064270
0.006153107
0.009948730
0.002342224
0.003440857
0.014801025
0.004814148
0.004051208
0.005409241
0.003356934
0.010948181
0.005695343
0.009693146
0.004566193
0.008705139
0.007633209
0.014465332
0.008453369
0.004535675
0.008018494
0.003448486
0.000549316
0.005069733
0.003414154
0.014163971
0.005283356
0.005352020
0.006328583
0.004604340
0.005172729
0.003234863
0.010730743
0.004013062
0.005828857
0.007156372
0.014720917
0.004894257
0.001300812
0.008968353
0.002330780
0.004592896
0.009208679
0.004741669
0.006443024
0.010761261
0.007946014
0.005611420
0.002712250
0.003898621
0.010925293
0.009391785
0.004539490
0.010375977
0.004089355
0.007377625
0.005958557
0.004505157
0.004192352
0.009300232
0.003208160
0.003692627
0.003974915
0.005104065
0.003551483
0.003623962
0.013729095
0.008213043
0.009479523
0.004920959
0.003471375
0.010902405
0.006996155
0.006752014
0.003017426
0.001403809
0.000564575
0.001392365
0.001506805
0.002422333
0.002197266
0.001140594
0.001411438
0.001506805
0.000095367
0.001628876
0.002189636
0.000568390
0.000404358
0.000526428
0.001689911
0.000949860
0.001785278
0.001602173
0.005615234
0.001869202
0.000755310
0.000232697
0.000553131
0.000015259
0.000659943
0.002269745
0.001197815
0.003055573
0.001190186
0.001113892
0.001518250
0.001586914
0.001365662
0.001098633
0.002067566
0.001209259
0.001152039
0.001056671
0.000469208
0.002040863
0.000629425
0.001636505
0.000591278
0.001674652
0.000579834
0.000156403
0.000362396
0.001838684
0.000251770
0.001415253
0.001277924
0.002010345
0.001464844
0.001262665
0.000778198
0.000755310
0.001304626
0.001617432
0.000782013
0.001911163
0.000297546
0.001060486
0.001556396
0.000591278
0.001056671
0.001197815
0.001770020
0.002098083
0.000911713
0.000854492
0.002223969
0.001647949
0.001171112
0.000896454
0.001060486
0.000026703
0.002017975
0.001083374
0.001213074
0.001110077
0.000499725
0.001300812
0.001346588
0.001716614
0.002861023
0.000186920
0.001819611
0.001396179
0.000255585
0.004650116
0.001136780
0.000549316
0.000942230
0.001007080
0.000385284
0.001140594
0.002204895
0.000946045
0.000812531
0.001602173
0.000518799
0.000808716
0.000648499
0.000335693
0.000736237
0.000789642
0.000389099
0.001014709
0.002506256
0.000263214
0.001174927
0.001129150
0.000228882
0.001617432
0.001338959
0.004596710
0.000167847
0.001369476
0.001445770
0.001396179
0.000698090
0.001518250
0.000488281
0.001537323
0.000144958
0.001811981
0.000957489
0.000850677
0.001766205
0.000984192
0.000820160
0.002132416
0.000461578
0.000572205
0.000881195
0.000770569
0.000686646
0.001117706
0.000602722
0.000400543
0.001354218
0.000583649
0.001434326
0.000091553
0.000865936
0.001419067
0.001270294
0.000080109
0.000633240
0.001499176
0.000461578
0.001407623
0.002506256
0.000850677
0.000915527
0.001773834
0.001255035
0.000343323
0.001255035
0.000717163
0.000011444
0.001243591
0.000610352
0.000255585
0.001480103
0.000621796
0.000720978
0.002250671
0.002418518
0.000984192
0.001163483
0.001430511
0.001331329
0.001037598
0.000350952
0.001461029
0.001586914
0.001419067
0.002185822
0.001075745
0.002388000
0.000278473
0.002082825
0.001087189
0.000087738
0.002101898
0.002109528
0.001388550
0.000690460
0.002017975
0.001285553
0.000389099
0.001003265
0.001445770
0.000598907
0.000190735
0.001594543
0.001625061
0.001556396
0.000091553
0.003540039
0.000293732
0.000812531
0.002063751
0.001232147
0.000423431
0.000865936
0.000701904
0.000122070
0.000938416
0.002113342
0.001976013
0.000789642
0.000823975
0.000713348
0.002292633
0.005012512
0.001152039
0.001247406
0.000209808
0.001049042
0.000514984
0.001293182
0.002403259
0.000446320
0.000808716
0.001918793
0.001575470
0.001506805
0.003952026
0.000751495
0.001487732
0.000198364
0.000770569
0.000938416
0.001544952
0.000267029
0.000938416
0.002178192
0.001327515
0.000671387
0.001724243
0.000415802
0.000274658
0.000305176
0.000999451
0.001049042
0.001895905
0.001766205
0.001705170
0.000419617
0.000595093
0.001922607
0.000312805
0.001056671
0.000705719
0.001224518
0.000156403
0.000789642
0.001335144
0.001663208
0.000617981
0.002670288
0.000461578
0.000953674
0.000843048
0.001102448
0.001831055
0.000743866
0.001255035
0.001876831
0.000625610
0.000251770
0.000755310
0.000339508
0.002288818
0.002357483
0.001586914
0.000789642
0.000404358
0.005538940
0.001338959
0.001197815
0.002040863
0.001159668
0.001205444
0.001251221
0.000686646
0.001205444
0.001358032
0.000286102
0.001594543
0.000267029
0.001419067
0.001567841
0.001583099
0.001518250
0.000076294
0.001682281
0.001575470
0.001079559
0.001731873
0.001102448
0.000186920
0.000907898
0.001602173
0.000869751
0.000862122
0.001197815
0.001464844
0.001197815
0.000736237
0.002361298
0.000762939
0.000690460
0.000938416
0.002414703
0.000976562
0.001701355
0.001373291
0.001041412
0.000339508
0.001762390
0.000701904
0.000633240
0.000278473
0.000938416
0.001716614
0.001464844
0.000846863
0.002059937
0.001220703
0.002098083
0.002670288
0.001342773
0.000282288
0.001991272
0.001060486
0.001251221
0.002159119
0.002021790
0.000221252
0.000892639
0.002174377
0.001228333
0.004089355
0.000434875
0.000175476
0.001602173
0.001686096
0.001190186
0.001312256
0.001564026
0.001502991
0.000068665
0.002563477
0.000953674
0.002197266
0.002128601
0.001724243
0.000946045
0.000740051
0.001678467
0.001068115
0.001747131
0.001693726
0.001266479
0.000816345
0.002182007
0.000373840
0.000823975
0.001220703
0.004821777
0.004539490
0.002243042
0.000076294
0.000854492
0.001274109
0.000114441
0.001678467
0.004806519
0.000976562
0.001579285
0.000404358
0.000053406
0.000335693
0.000549316
0.000259399
0.002693176
0.000236511
0.000373840
0.002212524
0.002082825
0.001319885
0.002784729
0.000045776
0.000946045
0.002014160
0.004112244
0.000473022
0.000930786
0.001884460
0.001548767
0.001350403
0.001708984
0.000961304
0.001533508
0.000885010
0.000625610
0.004531860
0.001243591
0.001480103
0.000099182
0.001159668
0.001899719
0.000610352
0.004318237
0.001289368
0.001464844
0.000228882
0.003829956
0.002006531
0.001937866
0.000419617
0.000213623
0.001579285
0.000686646
0.001670837
0.004066467
0.001525879
0.001152039
0.002677917
0.003013611
0.001068115
0.000526428
0.001457214
0.002037048
0.001815796
0.001991272
0.000328064
0.000305176
0.000724792
0.000793457
0.001976013
0.001632690
0.001037598
0.000297546
0.000556946
0.000816345
0.000091553
0.000076294
0.001602173
0.001312256
0.001243591
0.000602722
0.000579834
0.002502441
0.000656128
0.000793457
0.004676819
0.000373840
0.003036499
0.000061035
0.001060486
0.000717163
0.000419617
0.001792908
0.001319885
0.000457764
0.000450134
0.000633240
0.000320435
0.002304077
0.001182556
0.000923157
0.001907349
0.001548767
0.001091003
0.001693726
0.000793457
0.001289368
0.001930237
0.000007629
0.000732422
0.000709534
0.001014709
0.000587463
0.001968384
0.001243591
0.000808716
0.001510620
0.001289368
0.000595093
0.001487732
0.001724243
0.001350403
0.001136780
0.004280090
0.001785278
0.001167297
0.001510620
0.001472473
0.002120972
0.001220703
0.000679016
0.001380920
0.000968933
0.002693176
0.001808167
0.000656128
0.000808716
0.001998901
0.001930237
0.003372192
0.002044678
0.000213623
0.001663208
0.001190186
0.000831604
0.002769470
0.000450134
0.000068665
0.001991272
0.000534058
0.001914978
0.001609802
0.001014709
0.001365662
0.000755310
0.000457764
0.002517700
0.001907349
0.001274109
0.000595093
0.000892639
0.002197266
0.001815796
0.000854492
0.002182007
0.000389099
0.001876831
0.004333496
0.005004883
0.001663208
0.000617981
0.000587463
0.002380371
0.000190735
0.002037048
0.002510071
0.001190186
0.001922607
0.001487732
0.000114441
0.000312805
0.000991821
0.000045776
0.000793457
0.002555847
0.000816345
0.000526428
0.001686096
0.002433777
0.001068115
0.001129150
0.000411987
0.001731873
0.001686096
0.002136230
0.001846313
0.001304626
0.002174377
0.002296448
0.002899170
0.008911133
0.001159668
0.009666443
0.004096985
0.008049011
0.004356384
0.013725281
0.007606506
0.004905701
0.002433777
0.012138367
0.004333496
0.008476257
0.011611938
0.005821228
0.005233765
0.003013611
0.012733459
0.007293701
0.005844116
0.003387451
0.004608154
0.010475159
0.002464294
0.001060486
0.003768921
0.011444092
0.012100220
0.006263733
0.014533997
0.005203247
0.008750916
0.004600525
0.010482788
0.007942200
0.003166199
0.008865356
0.005760193
0.005134583
0.007713318
0.010772705
0.010498047
0.004402161
0.000518799
0.014976501
0.009330750
0.005165100
0.009674072
0.004646301
0.008285522
0.005752563
0.007934570
0.003761292
0.008842468
0.011322021
0.014083862
0.005165100
0.002113342
0.000862122
0.010208130
0.004859924
0.004913330
0.011947632
0.004386902
0.003623962
0.012855530
0.006347656
0.013519287
0.001922607
0.012588501
0.005981445
0.002738953
0.010009766
0.007759094
0.005035400
0.010559082
0.012855530
0.004890442
0.011932373
0.011993408
0.006011963
0.003944397
0.003280640
0.007164001
0.004478455
0.008651733
0.004112244
0.002799988
0.008720398
0.013717651
0.008811951
0.003898621
0.005180359
0.002273560
0.011344910
0.005348206
0.001441956
0.003959656
0.003822327
0.014038086
0.006225586
0.005844116
0.002944946
0.001182556
0.002029419
0.000373840
0.002593994
0.001228333
0.001525879
0.001182556
0.001380920
0.001403809
0.000740051
0.000427246
0.000015259
0.001800537
0.002609253
0.000892639
0.001495361
0.002197266
0.000511169
0.001579285
0.001228333
0.001312256
0.002449036
0.000335693
0.000572205
0.001419067
0.000808716
0.000427246
0.002006531
0.001998901
0.000411987
0.000411987
0.002304077
0.001541138
0.001937866
0.001953125
0.000732422
0.000442505
0.001190186
0.001106262
0.000839233
0.000465393
0.001014709
0.000923157
0.002151489
0.000808716
0.001159668
0.001251221
0.000404358
0.001441956
0.001335144
0.000885010
0.001144409
0.000923157
0.000350952
0.000854492
0.002517700
0.002151489
0.002250671
0.000984192
0.000724792
0.001609802
0.001838684
0.001068115
0.001136780
0.000404358
0.001686096
0.000228882
0.001037598
0.000976562
0.000076294
0.000541687
0.000991821
0.000335693
0.000190735
0.001548767
0.000999451
0.001068115
0.000953674
0.000587463
0.001533508
0.001884460
0.001419067
0.000816345
0.001350403
0.001007080
0.001678467
0.000526428
0.001632690
0.001167297
0.002067566
0.001556396
0.001548767
0.001457214
0.001159668
0.002082825
0.001914978
0.000534058
0.001075745
0.000114441
0.000350952
0.005142212
0.000717163
0.001045227
0.001449585
0.003532410
0.002571106
0.001541138
0.000694275
0.001602173
0.001327515
0.002090454
0.001838684
0.000152588
0.000053406
0.000106812
0.001556396
0.001182556
0.001182556
0.000915527
0.002105713
0.000534058
0.000663757
0.001266479
0.002014160
0.000877380
0.002090454
0.001029968
0.000633240
0.001205444
0.001403809
0.001167297
0.001182556
0.001518250
0.002204895
0.001487732
0.000663757
0.000556946
0.000663757
0.001350403
0.000724792
0.001296997
0.000518799
0.001106262
0.001495361
0.000846863
0.000717163
0.001113892
0.002006531
0.001914978
0.001396179
0.000282288
0.000877380
0.001770020
0.004287720
0.000305176
0.001945496
0.001228333
0.001953125
0.001449585
0.001045227
0.002571106
0.000602722
0.001678467
0.001495361
0.001266479
0.001296997
0.002166748
0.001152039
0.000144958
0.002334595
0.002647400
0.002052307
0.001007080
0.000885010
0.000381470
0.000907898
0.001998901
0.001747131
0.001487732
0.000885010
0.000648499
0.001182556
0.004562378
0.002426147
0.000801086
0.001983643
0.000129700
0.000778198
0.001358032
0.000526428
0.002075195
0.001235962
0.002548218
0.002540588
0.000999451
0.001487732
0.000747681
0.001174927
0.002326965
0.001686096
0.000633240
0.000000000
0.002212524
0.001838684
0.000518799
0.001335144
0.001380920
0.001564026
0.001846313
0.001495361
0.001525879
0.000106812
0.000885010
0.000762939
0.000869751
0.001983643
0.002021790
0.001258850
0.001403809
0.000495911
0.000274658
0.001205444
0.000823975
0.002029419
0.001091003
0.000480652
0.001266479
0.001998901
0.002517700
0.001052856
0.001686096
0.000694275
0.001312256
0.001464844
0.001899719
0.001602173
0.001472473
0.000335693
0.001014709
0.001472473
0.000106812
0.000007629
