0.000004352
0.000006656
0.000005536
0.000178900
0.000006816
0.000091644
0.000086159
0.000198778
0.000126049
0.000065371
0.000167057
0.000050277
0.000047699
0.000330716
0.000235111
0.000115201
0.000235140
0.000115052
0.000251085
0.000088006
0.000224322
0.000129759
0.000275195
0.000094831
0.000412554
0.000420213
0.000155181
0.000073045
0.000314116
0.000237465
0.000116825
0.000363886
0.000297785
0.000282109
0.000110686
0.000290751
0.000315726
0.000105977
0.000242054
0.000094235
0.000239193
0.000107050
0.000274658
0.000181019
0.000269413
0.000106156
0.000232756
0.000082672
0.000065565
0.000372350
0.000270784
0.000144064
0.000333667
0.000040174
0.000040114
0.000046194
0.000040710
0.000189781
0.000247121
0.000280261
0.000235081
0.000238776
0.000069499
0.000226974
0.000090837
0.000321388
0.000061393
0.000149727
0.000098467
0.000059247
0.000175238
0.000047445
0.000040174
0.000042677
0.000193000
0.000106812
0.000056386
0.000395417
0.000040174
0.000188947
0.000040174
0.000040054
0.000208974
0.000258088
0.000040412
0.000040174
0.000484347
0.000040174
0.000222445
0.000087380
0.000053287
0.000064135
0.000062823
0.000068784
0.000107527
0.000073195
0.000051498
0.000047088
0.000089526
0.000064611
0.000088453
0.000151515
0.000079989
0.000040174
0.000065804
0.000101328
0.000040293
0.000060320
0.000270605
0.000361919
0.000099421
0.000123501
0.000040054
0.000482082
0.000998259
0.000272274
0.000048637
0.000101089
0.000040293
0.000043869
0.000040054
0.000048637
0.000040293
0.000259876
0.000040054
0.000057459
0.000101089
0.000040054
0.000090599
0.000204563
0.000276089
0.000044584
0.000346661
0.000074148
0.000091076
0.000515699
0.000068903
0.000555754
0.000041723
0.000288486
0.000105619
0.000560760
0.000088692
0.000401974
0.000058651
0.000040054
0.000341415
0.000040054
0.000363588
0.000460148
0.000227213
0.000580549
0.000096321
0.000382185
0.000230789
0.000040293
0.000539064
0.000072002
0.000478268
0.000103951
0.000557184
0.000071287
0.000318050
0.000403404
0.000064611
0.000522852
0.000067472
0.000375748
0.000058889
0.000487089
0.000085115
0.000341892
0.000040054
0.000323772
0.000040293
0.000235558
0.000358343
0.000482082
0.000080109
0.000346422
0.001113892
0.000040293
0.000235796
0.000364304
0.000081301
0.000500679
0.000565529
0.000149250
0.000472069
0.000071764
0.000453949
0.000075102
0.000512123
0.000142336
0.000253916
0.000326395
0.000513554
0.000089169
0.000542641
0.000455379
0.000040293
0.000325680
0.000070095
0.000464201
0.000060558
0.000395060
0.000040054
0.000352383
0.000080585
0.000428200
0.000325203
0.000058651
0.000373363
0.000046253
0.000070095
0.000378132
0.000059605
0.000516891
0.000070572
0.000390530
0.000081539
0.000379086
0.000059128
0.000335693
0.000400543
0.000051498
0.000451088
0.000092506
0.000349998
0.000074863
0.000425339
0.000060081
0.000514507
0.000081062
0.000088692
0.000343323
0.000077248
0.001486778
0.000240803
0.000040531
0.000514030
0.000053883
0.000579357
0.000137806
0.000057220
0.000517368
0.000080109
0.000383854
0.000164509
0.000457764
0.000076294
0.000383377
0.000420570
0.000308990
0.000188828
0.000491619
0.000240803
0.000306606
0.000040054
0.000040054
0.000384331
0.000040054
0.000378609
0.000153065
0.000075340
0.000208378
0.000519276
0.000043392
0.000288486
0.000040054
0.000404835
0.000174999
0.000391483
0.000108719
0.000046253
0.001333714
0.000040054
0.000538826
0.000569344
0.000060081
0.000372887
0.000421524
0.000133514
0.000351429
0.000228882
0.000267506
0.000527382
0.000048161
0.001275539
0.000088215
0.000548840
0.000247955
0.000472069
0.000562191
0.000094891
0.000449181
0.000221729
0.000492096
0.000088692
0.000073910
0.000416279
0.000586510
0.000040054
0.000466824
0.000307083
0.000040054
0.000396252
0.000059128
0.000483990
0.000508308
0.000367641
0.000164032
0.000142097
0.000308514
0.000040054
0.000330448
0.000369549
0.000040054
0.000313282
0.000154018
0.000445843
0.000491142
0.000040531
0.000459671
0.000260830
0.000270844
0.000576496
0.000099182
0.000372887
0.000040054
0.000472069
0.000096321
0.000206470
0.000157356
0.001420498
0.000042439
0.000040054
0.000514507
0.000097275
0.000483990
0.000376225
0.000457764
0.000140190
0.000041962
0.000569820
0.000241280
0.001285553
0.000052452
0.000367641
0.000174522
0.000361919
0.000068188
0.000340939
0.000122070
0.000093937
0.000080585
0.000366211
0.000246525
0.001100063
0.000066757
0.000326157
0.000069141
0.000365734
0.000040054
0.000361919
0.000329018
0.000113487
0.000520706
0.000069141
0.000040054
0.000261784
0.000349522
0.000105858
0.000598431
0.000098705
0.000338554
0.000153065
0.000461578
0.000070572
0.000329018
0.000085831
0.000375271
0.000073910
0.000099182
0.000040531
0.000534534
0.000194550
0.000531197
0.000092030
0.000353336
0.000377178
0.000154018
0.000306606
0.000481129
0.000051975
0.000348568
0.000060081
0.000390530
0.000082016
0.000300407
0.000211716
0.000545502
0.000040054
0.001083851
0.000058651
0.000341892
0.000077248
0.000607491
0.000090599
0.000041008
0.000545502
0.000188828
0.000436783
0.000164032
0.000337601
0.000089645
0.000453949
0.000040054
0.000343323
0.000394821
0.000040054
0.000318527
0.000083923
0.000148773
0.000042915
0.000554085
0.000099182
0.000291824
0.000069618
0.000270844
0.000229836
0.000518799
0.000061035
0.000312805
0.000296593
0.000471115
0.000040054
0.000510216
0.000061035
0.001046181
0.000049591
0.000406265
0.000382423
0.000151634
0.000350952
0.000041962
0.000478745
0.000075340
0.000431061
0.000334740
0.000328064
0.000071526
0.000526428
0.000054359
0.000355721
0.000056267
0.000316620
0.000054359
0.000347137
0.000288010
0.000258446
0.000552177
0.000060081
0.000514984
0.000063896
0.000433922
0.000128746
0.000082016
0.000492096
0.000095367
0.000082016
0.000467300
0.000091553
0.000040054
0.000488281
0.000040054
0.000381470
0.000175476
0.000320435
0.000040054
0.000499725
0.000040054
0.000538826
0.000040054
0.000565529
0.000040054
0.000516891
0.000143051
0.000223160
0.000351906
0.000040054
0.000418663
0.000040054
0.000040054
0.000328064
0.000083923
0.000549316
0.000156403
0.000356674
0.000040054
0.000516891
0.000107765
0.000334740
0.000521660
0.000381470
0.000041008
0.000548363
0.000377655
0.000302315
0.000203133
0.000069618
0.000040054
0.000364304
0.000158310
0.000040054
0.000401497
0.000040054
0.000297546
0.000132561
0.000391006
0.000221252
0.000334740
0.000041008
0.000056267
0.000422478
0.000056267
0.000336647
0.000227928
0.000108719
0.000281334
0.000489235
0.000040054
0.000369072
0.000040054
0.000307083
0.000040054
0.000391960
0.000061035
0.000322342
0.000063896
0.000257492
0.000049591
0.000520706
0.000069618
0.000406265
0.000351906
0.000276566
0.000052452
0.000553131
0.000061035
0.000324249
0.000216484
0.000377655
0.000569344
0.000308990
0.000139236
0.000080109
0.000288963
0.000166893
0.000062943
0.000301361
0.000372887
0.000047684
0.000311852
0.000070572
0.000447273
0.000398636
0.000233650
0.000506401
0.000040054
0.000458717
0.000355721
0.000048637
0.000314713
0.000604630
0.000143051
0.000064850
0.000585556
0.000092506
0.000350952
0.000567436
0.000082016
0.000473976
0.000074387
0.000052452
0.000363350
0.000089645
0.000518799
0.000108719
0.000059128
0.000351906
0.000041962
0.000340462
0.000040054
0.000077248
0.000040054
0.000076294
0.000402451
0.000041008
0.000332832
0.000049591
0.000521660
0.000295639
0.000569344
0.000061989
0.000410080
0.000099182
0.000040054
0.000041008
0.000054359
0.000352859
0.000064850
0.000373840
0.000041008
0.000289917
0.000316620
0.000411034
0.000160217
0.000079155
0.000354767
0.000393867
0.000040054
0.000441551
0.000041008
0.000314713
0.000040054
0.000387192
0.000069618
0.000341415
0.000045776
0.000594139
0.000068665
0.000342369
0.000096321
0.000071526
0.001498222
0.000495911
0.000268936
0.000104904
0.000153542
0.000316620
0.000091553
0.000491142
0.000345230
0.000519753
0.000219345
0.000251770
0.000349045
0.000304222
0.000300407
0.000580788
0.000134468
0.000453949
0.000059128
0.000076294
0.000536919
0.000047684
0.000367165
0.000047684
0.000548363
0.000095367
0.000388145
0.000050545
0.000432968
0.000360489
0.000062943
0.000361443
0.000094414
0.000173569
0.000040054
0.000302315
0.000316620
0.000369072
0.000139236
0.000052452
0.000041008
0.000431061
0.000158310
0.000367165
0.000040054
0.000277519
0.000562668
0.000041008
0.000347137
0.000040054
0.001318932
0.000358582
0.000356674
0.000040054
0.000343323
0.000450134
0.000040054
0.000324249
0.000235558
0.000332832
0.000349045
0.000047684
0.000325203
0.000452042
0.000040054
0.000384331
0.000040054
0.000499725
0.000358582
0.000475883
0.000380516
0.000384331
0.000178337
0.000198364
0.000267982
0.000542641
0.000191689
0.000059128
0.000054359
0.000383377
0.000069618
0.000575066
0.000238419
0.000365257
0.000530243
0.000808716
0.000427246
0.000081062
0.000471115
0.000040054
0.000535965
0.000051498
0.000531197
0.000062943
0.000071526
0.000491142
0.000097275
0.000326157
0.000040054
0.000586510
0.000074387
0.000361443
0.000056267
0.000499725
0.000149727
0.000370026
0.000066757
0.000378609
0.000058174
0.000321388
0.000080109
0.000136375
0.000047684
0.000309944
0.000040054
0.000050545
0.000607491
0.000040054
0.000329971
0.000225067
0.000296593
0.000518799
0.000040054
0.000755310
0.000092506
0.000623703
0.000041008
0.001979828
0.000423431
0.001217842
0.000563622
0.000625610
0.000640869
0.001133919
0.001421928
0.000175476
0.000414848
0.003384590
0.001198769
0.000969887
0.000883102
0.000821114
0.001677513
0.002651215
0.000655174
0.000284195
0.000061035
0.000401497
0.003417015
0.001008034
0.000205040
0.000077248
0.001574516
0.001735687
0.001205444
0.000360489
0.000433922
0.005711555
0.002378464
0.000213623
0.000219345
0.000794411
0.005528450
0.002449036
0.001386642
0.000866890
0.000082970
0.004668236
0.000654221
0.001727104
0.000906944
0.000048637
0.003065109
0.002693176
0.001855850
0.000194550
0.000921249
0.000202179
0.003171921
0.000560760
0.000780106
0.000383377
0.007251740
0.001495361
0.001338959
0.000078201
0.000997543
0.001428604
0.002063751
0.000776291
0.000953674
0.000442505
0.001277924
0.002210617
0.001836777
0.000406265
0.000341415
0.001007080
0.003677368
0.000415802
0.001060486
0.000831604
0.000652313
0.001302719
0.001384735
0.001041412
0.000255585
0.003887177
0.002662659
0.001033783
0.000946045
0.000328064
0.005254745
0.001766205
0.001596451
0.000164032
0.000905991
0.000993729
0.001987457
0.000684738
0.000642776
0.000520706
0.003650665
0.001464844
0.001869202
0.000341415
0.000774384
0.000055313
0.003364563
0.000095367
0.000791550
0.000822067
0.000494003
0.002470016
0.000167847
0.001350403
0.000900269
0.002130508
0.002788544
0.000082016
0.000860214
0.000574112
0.006105423
0.000200272
0.000413895
0.000938416
0.000072479
0.005229950
0.001508713
0.001054764
0.001052856
0.000606537
0.000885010
0.002676010
0.001565933
0.000154495
0.000335693
0.000082016
0.004543304
0.002943039
0.000200272
0.000560760
0.000289917
0.004154205
0.000812531
0.001455307
0.000040054
0.000917435
0.000589371
0.003183365
0.001155853
0.000675201
0.000497818
0.002098083
0.002704620
0.000917435
0.000213623
0.000890732
0.002723694
0.002801895
0.000129700
0.000299454
0.000373840
0.004945755
0.001541138
0.001628876
0.000535965
0.000593185
0.000717163
0.002246857
0.000764847
0.000539780
0.000308990
0.000961304
0.001941681
0.002134323
0.000772476
0.001083374
0.000040054
0.004417419
0.000282288
0.000040054
0.000831604
0.000366211
0.004804611
0.000226974
0.000402451
0.000333786
0.000699997
0.003856659
0.001302719
0.000494003
0.000541687
0.000127792
0.003120422
0.000434875
0.000532150
0.000753403
0.000307083
0.002037048
0.000186920
0.000274658
0.000379562
0.005926132
0.002412796
0.001337051
0.000928879
0.000699997
0.004386902
0.002319336
0.001092911
0.000915527
0.000040054
0.002647400
0.002510071
0.001325607
0.000919342
0.000066757
0.000349045
0.002859116
0.001161575
0.000499725
0.000698090
0.000326157
0.004554749
0.000282288
0.000982285
0.000602722
0.000070572
0.000394821
0.000150681
0.000677109
0.000049591
0.000358582
0.001007080
0.000061035
0.000333786
0.000190735
0.000247955
0.001373291
0.000078201
0.000488281
0.000051498
0.000425339
0.000284195
0.000528336
0.000040054
0.000551224
0.000392914
0.000074387
0.000377655
0.000102997
0.000349045
0.000200272
0.000095367
0.000307083
0.000102997
0.000158310
0.000225067
0.000312805
0.000600815
0.000164032
0.000057220
0.000335693
0.000066757
0.000389099
0.000322342
0.000040054
0.000240326
0.000476837
0.000040054
0.000303268
0.000040054
0.000381470
0.000041962
0.000356674
0.000040054
0.000389099
0.000040054
0.000478745
0.000131607
0.000379562
0.000040054
0.000343323
0.000192642
0.000040054
0.000102997
0.000040054
0.000040054
0.000364304
0.000137329
0.000293732
0.000066757
0.000566483
0.000249863
0.000473022
0.000041962
0.000459671
0.000041962
0.000524521
0.000112534
0.000040054
0.000263214
0.000171661
0.000360489
0.000095367
0.000270844
0.000337601
0.000234604
0.001295090
0.000068665
0.000419617
0.000139236
0.000301361
0.000040054
0.000509262
0.000085831
0.000318527
0.000068665
0.000560760
0.000158310
0.000062943
0.000331879
0.000167847
0.000795364
0.000047684
0.000389099
0.000146866
0.000070572
0.000450134
0.000106812
0.000556946
0.000080109
0.000520706
0.000343323
0.000055313
0.000549316
0.000051498
0.000574112
0.000139236
0.000381470
0.000164032
0.000322342
0.000303268
0.000059128
0.000566483
0.000059128
0.000570297
0.000099182
0.000335693
0.000087738
0.000526428
0.000087738
0.000303268
0.000535965
0.000040054
0.000085831
0.000322342
0.000171661
0.000274658
0.000339508
0.000322342
0.000040054
0.000305176
0.000099182
0.000549316
0.000104904
0.000549316
0.000061035
0.000318527
0.000076294
0.000085831
0.000352859
0.000234604
0.000343323
0.000251770
0.000680923
0.000425339
0.000360489
0.000551224
0.000064850
0.000520706
0.000053406
0.000289917
0.000288010
0.000076294
0.000328064
0.000082016
0.000371933
0.000076294
0.000520706
0.000131607
0.000465393
0.000057220
0.000476837
0.000040054
0.000574112
0.000040054
0.000314713
0.000070572
0.001308441
0.000040054
0.000421524
0.000040054
0.000423431
0.000040054
0.001491547
0.000099182
0.000316620
0.000362396
0.000188828
0.000448227
0.000600815
0.000095367
0.001499176
0.000091553
0.000339508
0.000394821
0.000490189
0.000062943
0.000312805
0.000062943
0.000530243
0.000104904
0.000041962
0.000556946
0.000080109
0.000518799
0.000150681
0.000368118
0.000192642
0.000328064
0.000066757
0.000043869
0.000455856
0.000339508
0.000064850
0.000301361
0.000078201
0.000375748
0.000156403
0.000061035
0.000524521
0.000501633
0.000505447
0.000129700
0.000066757
0.000377655
0.000192642
0.000576019
0.000156403
0.000080109
0.000556946
0.000055313
0.000543594
0.000200272
0.000293732
0.000364304
0.000040054
0.000314713
0.000095367
0.000463486
0.000040054
0.000335693
0.000041962
0.000371933
0.000453949
0.000345230
0.000148773
0.000040054
0.000089645
0.000040054
0.000387192
0.000040054
0.000394821
0.000083923
0.000204086
0.000436783
0.000040054
0.000570297
0.000165939
0.000085831
0.000482559
0.000347137
0.000316620
0.000381470
0.000040054
0.000513077
0.000049591
0.000595093
0.000339508
0.000085831
0.000301361
0.000530243
0.000072479
0.000534058
0.000156403
0.000095367
0.000564575
0.000251770
0.000307083
0.000074387
0.000307083
0.000373840
0.000040054
0.000537872
0.000381470
0.000219345
0.000347137
0.000040054
0.000545502
0.000455856
0.000350952
0.000089645
0.000349045
0.000083923
0.000043869
0.000520706
0.000061035
0.000349045
0.000099182
0.000152588
0.000349045
0.000040054
0.000347137
0.000051498
0.000450134
0.000040054
0.000272751
0.000585556
0.000133514
0.000040054
0.000370026
0.000400543
0.000389099
0.000299454
0.000280380
0.000040054
0.000511169
0.000040054
0.000377655
0.000040054
0.000455856
0.000541687
0.000040054
0.001314163
0.000040054
0.000312805
0.000381470
0.000040054
0.001487732
0.000457764
0.000078201
0.000040054
0.000061035
0.000560760
0.000040054
0.000551224
0.000057220
0.000349045
0.000040054
0.000297546
0.000072479
0.000432968
0.000360489
0.000110626
0.000537872
0.000040054
0.000404358
0.000040054
0.000366211
0.000040054
0.000572205
0.000040054
0.000352859
0.000040054
0.000391006
0.000040054
0.000383377
0.000040054
0.000535965
0.000158310
0.000040054
0.000333786
0.000040054
0.000352859
0.000177383
0.000293732
0.000040054
0.000040054
0.000356674
0.000040054
0.000366211
0.000040054
0.000499725
0.000349045
0.000040054
0.000322342
0.000171661
0.000314713
0.000040054
0.000541687
0.000040054
0.000305176
0.000143051
0.000040054
0.000308990
0.000040054
0.000513077
0.000545502
0.000329971
0.000328064
0.000040054
0.000486374
0.000122070
0.000494003
0.000040054
0.000494003
0.000072479
0.000511169
0.000177383
0.000040054
0.000040054
0.000312805
0.000308990
0.000041962
0.000310898
0.000221252
0.000566483
0.000337601
0.000040054
0.000349045
0.000049591
0.000553131
0.000190735
0.000253677
0.000509262
0.000402451
0.000364304
0.000040054
0.000516891
0.000217438
0.000047684
0.000040054
0.000516891
0.000040054
0.000370026
0.000396729
0.000040054
0.000299454
0.000040054
0.000474930
0.000041962
0.000450134
0.001117706
0.000040054
0.000314713
0.000040054
0.000373840
0.000041962
0.000423431
0.000314713
0.000289917
0.000043869
0.000301361
0.000040054
0.000545502
0.000040054
0.000558853
0.000167847
0.000310898
0.000040054
0.000448227
0.000040054
0.001333237
0.000040054
0.000345230
0.000169754
0.000318527
0.000127792
0.000040054
0.001438141
0.000055313
0.000579834
0.000068665
0.000335693
0.000074387
0.000394821
0.000049591
0.000312805
0.000408173
0.000169754
0.000074387
0.000305176
0.000164032
0.000040054
0.000349045
0.000228882
0.000062943
0.000385284
0.000040054
0.000352859
0.000040054
0.000091553
0.000387192
0.000055313
0.000274658
0.000095367
0.000410080
0.000072479
0.000585556
0.000083923
0.000045776
0.000469208
0.000383377
0.000051498
0.001260757
0.000108719
0.000040054
0.000043869
0.000322342
0.000095367
0.000127792
0.000375748
0.000253677
0.000331879
0.000099182
0.000181198
0.000368118
0.000076294
0.000514984
0.000062943
0.000387192
0.000110626
0.000368118
0.000152588
0.000040054
0.000360489
0.000040054
0.000421524
0.000041962
0.000452042
0.000242233
0.000280380
0.000406265
0.000041962
0.000339508
0.000223160
0.000057220
0.000522614
0.000072479
0.000093460
0.000257492
0.000551224
0.000049591
0.000226974
0.000082016
0.000436783
0.000104904
0.000068665
0.000289917
0.000555038
0.000261307
0.000417709
0.000059128
0.000499725
0.000061035
0.000345230
0.000392914
0.000040054
0.000329971
0.000049591
0.000371933
0.000051498
0.000295639
0.000545502
0.000051498
0.000513077
0.000328064
0.000122070
0.000335693
0.000076294
0.000391006
0.000043869
0.000267029
0.000104904
0.000593185
0.000156403
0.000366211
0.000080109
0.000373840
0.000095367
0.000385284
0.000068665
0.000080109
0.000320435
0.000085831
0.000534058
0.000083923
0.000526428
0.000453949
0.000083923
0.000326157
0.000051498
0.000364304
0.000078201
0.000349045
0.000043869
0.000411987
0.000066757
0.000312805
0.000049591
0.000419617
0.000148773
0.000429153
0.000598907
0.000062943
0.000375748
0.000087738
0.000518799
0.000276566
0.000368118
0.000040054
0.000341415
0.000061035
0.000354767
0.000085831
0.000391006
0.000293732
0.000261307
0.000263214
0.000553131
0.000040054
0.000314713
0.000297546
0.000289917
0.000614166
0.000064850
0.001173019
0.000045776
0.000358582
0.000085831
0.000595093
0.000148773
0.000919342
0.000261307
0.000040054
0.000255585
0.000566483
0.000387192
0.000196457
0.000219345
0.000066757
0.000040054
0.000316620
0.000051498
0.000492096
0.000463486
0.000114441
0.000274658
0.000055313
0.000465393
0.000137329
0.000038147
0.000274658
0.000537872
0.000339508
0.000053406
0.000503540
0.000072479
0.000503540
0.000411987
0.000049591
0.000434875
0.000301361
0.000080109
0.000293732
0.000041962
0.000511169
0.000064850
0.000320435
0.000091553
0.000095367
0.000328064
0.000087738
0.000427246
0.000038147
0.000331879
0.000095367
0.000259399
0.000308990
0.000064850
0.000534058
0.000038147
0.000564575
0.000053406
0.000530243
0.000049591
0.000331879
0.000057220
0.000541687
0.000049591
0.000461578
0.000152588
0.000480652
0.000053406
0.000545502
0.000061035
0.000389099
0.000400543
0.000469208
0.000061035
0.000331879
0.000370026
0.000087738
0.000602722
0.000049591
0.000385284
0.000133514
0.000251770
0.000278473
0.000076294
0.000350952
0.000083923
0.000053406
0.000038147
0.000549316
0.000080109
0.000324249
0.000061035
0.000392914
0.000377655
0.000278473
0.000095367
0.000373840
0.000083923
0.000526428
0.000064850
0.000453949
0.000076294
0.000274658
0.000598907
0.000057220
0.000404358
0.000339508
0.000068665
0.000366211
0.000083923
0.000171661
0.000514984
0.000038147
0.000392914
0.000080109
0.000484467
0.000076294
0.000293732
0.000488281
0.000171661
0.000061035
0.000366211
0.000232697
0.000061035
0.000492096
0.000125885
0.000587463
0.000068665
0.000320435
0.000072479
0.000514984
0.000095367
0.000308990
0.000320435
0.000556946
0.000049591
0.000339508
0.000038147
0.000461578
0.000404358
0.000076294
0.000499725
0.000526428
0.000198364
0.000339508
0.000072479
0.000144958
0.000423431
0.000129700
0.000469208
0.000381470
0.000228882
0.000286102
0.000057220
0.000358582
0.000083923
0.000041962
0.000308990
0.000328064
0.000602722
0.000053406
0.000370026
0.000217438
0.000347137
0.000061035
0.000495911
0.000087738
0.000160217
0.000308990
0.000053406
0.000282288
0.000370026
0.000041962
0.000457764
0.000457764
0.000041962
0.000331879
0.000404358
0.000038147
0.000331879
0.000080109
0.000213623
0.000213623
0.000278473
0.000171661
0.000526428
0.000076294
0.000503540
0.000106812
0.000385284
0.000202179
0.000530243
0.000064850
0.000556946
0.000049591
0.000534058
0.000171661
0.000347137
0.000041962
0.000041962
0.000038147
0.000244141
0.000957489
0.000274658
0.000404358
0.000068665
0.000236511
0.000049591
0.000492096
0.000564575
0.000053406
0.000366211
0.000057220
0.000320435
0.000068665
0.000354767
0.000839233
0.000343323
0.000141144
0.000064850
0.000263214
0.000389099
0.000045776
0.000579834
0.000080109
0.000354767
0.000038147
0.000038147
0.000263214
0.000350952
0.000118256
0.000148773
0.000038147
0.000335693
0.000068665
0.000568390
0.000175476
0.000278473
0.000164032
0.001312256
0.000106812
0.000106812
0.000362396
0.000049591
0.000347137
0.000225067
0.000331879
0.000236511
0.000537872
0.000087738
0.000068665
0.000316620
0.000465393
0.000354767
0.000385284
0.000049591
0.000312805
0.000041962
0.000408173
0.000114441
0.000362396
0.000572205
0.000061035
0.000328064
0.000549316
0.000080109
0.000312805
0.000305176
0.000541687
0.000091553
0.000350952
0.000175476
0.000186920
0.000518799
0.000072479
0.000381470
0.000064850
0.000099182
0.000373840
0.000041962
0.000350952
0.000083923
0.000328064
0.000038147
0.000366211
0.000141144
0.000041962
0.000061035
0.000514984
0.000217438
0.000331879
0.000503540
0.000156403
0.000385284
0.000553131
0.000118256
0.000301361
0.000396729
0.000068665
0.000511169
0.000045776
0.000514984
0.000308990
0.000251770
0.000255585
0.000465393
0.000137329
0.000244141
0.001277924
0.000392914
0.000301361
0.000804901
0.000072479
0.000549316
0.000068665
0.000484467
0.000244141
0.000053406
0.000366211
0.000347137
0.000072479
0.000343323
0.000198364
0.000274658
0.000537872
0.000057220
0.000507355
0.000064850
0.000347137
0.000057220
0.000396729
0.000270844
0.001564026
0.000164032
0.000232697
0.000316620
0.000465393
0.000152588
0.000495911
0.000041962
0.000385284
0.000083923
0.000316620
0.000556946
0.000335693
0.000041962
0.000411987
0.000259399
0.000045776
0.000335693
0.000053406
0.000514984
0.000350952
0.000274658
0.000354767
0.000164032
0.000556946
0.000068665
0.000370026
0.000041962
0.000274658
0.000556946
0.000083923
0.000167847
0.000301361
0.000488281
0.000827789
0.000484467
0.000225067
0.000350952
0.000404358
0.000102997
0.000366211
0.000217438
0.000038147
0.000091553
0.000316620
0.000141144
0.000289917
0.000061035
0.000392914
0.000068665
0.000301361
0.000076294
0.000381470
0.000061035
0.000530243
0.000358582
0.000167847
0.000366211
0.000308990
0.000076294
0.000308990
0.000179291
0.000053406
0.000564575
0.000083923
0.000038147
0.000160217
0.000610352
0.000545502
0.000041962
0.000976562
0.000240326
0.000366211
0.000041962
0.000568390
0.000080109
0.000316620
0.000076294
0.000461578
0.000137329
0.000308990
0.000041962
0.000320435
0.000076294
0.000038147
0.000137329
0.000240326
0.000530243
0.000305176
0.000179291
0.000041962
0.000450134
0.000167847
0.000339508
0.000053406
0.000045776
0.000541687
0.000068665
0.000514984
0.000049591
0.000057220
0.000347137
0.000068665
0.000427246
0.000129700
0.000308990
0.000080109
0.000373840
0.000164032
0.000041962
0.000549316
0.000160217
0.000400543
0.000068665
0.000385284
0.000061035
0.000446320
0.000110626
0.000576019
0.000141144
0.000518799
0.000389099
0.000087738
0.000347137
0.000419617
0.000087738
0.000354767
0.000331879
0.000083923
0.000461578
0.000133514
0.000110626
0.000041962
0.000041962
0.000484467
0.000068665
0.000331879
0.000080109
0.000419617
0.000129700
0.000316620
0.000057220
0.000545502
0.000038147
0.000316620
0.000038147
0.000389099
0.001369476
0.000041962
0.000251770
0.000457764
0.000038147
0.000263214
0.000354767
0.000041962
0.000331879
0.000038147
0.000339508
0.000038147
0.000522614
0.000175476
0.000267029
0.000389099
0.000148773
0.000522614
0.000602722
0.000240326
0.000038147
0.000587463
0.000225067
0.000186920
0.000305176
0.000431061
0.000064850
0.000366211
0.000392914
0.000061035
0.000446320
0.000061035
0.000377655
0.000041962
0.000373840
0.000366211
0.000041962
0.000564575
0.000396729
0.000175476
0.000045776
0.000228882
0.000061035
0.000480652
0.000064850
0.000507355
0.000194550
0.000377655
0.000190735
0.000076294
0.000274658
0.000427246
0.000175476
0.000328064
0.000160217
0.000293732
0.000099182
0.000225067
0.000087738
0.001285553
0.000072479
0.000526428
0.000061035
0.000526428
0.000038147
0.000526428
0.000076294
0.000503540
0.000038147
0.000316620
0.000041962
0.000553131
0.000041962
0.000465393
0.000068665
0.000549316
0.000091553
0.000350952
0.000579834
0.000289917
0.000061035
0.000263214
0.000366211
0.000232697
0.001258850
0.000438690
0.000061035
0.000518799
0.000316620
0.000259399
0.000274658
0.000381470
0.000251770
0.000415802
0.000350952
0.000305176
0.000530243
0.000095367
0.000335693
0.000335693
0.000247955
0.000080109
0.000423431
0.000198364
0.000324249
0.000293732
0.000312805
0.000381470
0.000164032
0.000057220
0.000522614
0.000087738
0.000076294
0.000476837
0.000347137
0.000453949
0.000061035
0.000343323
0.000358582
0.000480652
0.000041962
0.000362396
0.000041962
0.000366211
0.000061035
0.000038147
0.000488281
0.000137329
0.001365662
0.000141144
0.000038147
0.000408173
0.000038147
0.000438690
0.000587463
0.000038147
0.000373840
0.000053406
0.000328064
0.000041962
0.000385284
0.000041962
0.000469208
0.000118256
0.000381470
0.000083923
0.000427246
0.000209808
0.000236511
0.000270844
0.000381470
0.000106812
0.000408173
0.000087738
0.000312805
0.000041962
0.000095367
0.000511169
0.000385284
0.000576019
0.000278473
0.000144958
0.000045776
0.000518799
0.000061035
0.000316620
0.000301361
0.000064850
0.000572205
0.000141144
0.000167847
0.000148773
0.000461578
0.000576019
0.000141144
0.000041962
0.000267029
0.000354767
0.000083923
0.000579834
0.000167847
0.000183105
0.000064850
0.000549316
0.000083923
0.000156403
0.000061035
0.000381470
0.000083923
0.001331329
0.000358582
0.000064850
0.000438690
0.000389099
0.000305176
0.000141144
0.000469208
0.000530243
0.000186920
0.001121521
0.000667572
0.000625610
0.000881195
0.000396729
0.002315521
0.000156403
0.000247955
0.000041962
0.004795074
0.001956940
0.000671387
0.001281738
0.000156403
0.001735687
0.002418518
0.000679016
0.000209808
0.000804901
0.001140594
0.002250671
0.000041962
0.001258850
0.001621246
0.000675201
0.000247955
0.000617981
0.001083374
0.001296997
0.000656128
0.004283905
0.000144958
0.001560211
0.001487732
0.000457764
0.004875183
0.000507355
0.000686646
0.000370026
0.001651764
0.002220154
0.002494812
0.001747131
0.000137329
0.000774384
0.003311157
0.001697540
0.000251770
0.000293732
0.000675201
0.005043030
0.003852844
0.000701904
0.000694275
0.001537323
0.004989624
0.002307892
0.002487183
0.000701904
0.000629425
0.001232147
0.002101898
0.003089905
0.000637054
0.000724792
0.005805969
0.001461029
0.001010895
0.000980377
0.000339508
0.002895355
0.002246857
0.001144409
0.000442505
0.001018524
0.000709534
0.004703522
0.000347137
0.000652313
0.001163483
0.000160217
0.003837585
0.000110626
0.000633240
0.000606537
0.000259399
0.003574371
0.000171661
0.000373840
0.000885010
0.001724243
0.001670837
0.001060486
0.000843048
0.000358582
0.005233765
0.001392365
0.001739502
0.000644684
0.000801086
0.003723145
0.003955841
0.001331329
0.001281738
0.000453949
0.000038147
0.003738403
0.000473022
0.000499725
0.000270844
0.001014709
0.003181458
0.001468658
0.000381470
0.001285553
0.001502991
0.003807068
0.000354767
0.000629425
0.001014709
0.001693726
0.001247406
0.001995087
0.000308990
0.001152039
0.001182556
0.002243042
0.000038147
0.000061035
0.000461578
0.000492096
0.003730774
0.000785828
0.000343323
0.000881195
0.001594543
0.003231049
0.001029968
0.000205994
0.000816345
0.000625610
0.000232697
0.000751495
0.000320435
0.000576019
0.004604340
0.002464294
0.001113892
0.000308990
0.000041962
0.005371094
0.000530243
0.001247406
0.000041962
0.000835419
0.000572205
0.003402710
0.001354218
0.000755310
0.000267029
0.005653381
0.002346039
0.000545502
0.000572205
0.000690460
0.001419067
0.002365112
0.000160217
0.000061035
0.000881195
0.000465393
0.002937317
0.000049591
0.000667572
0.000862122
0.005149841
0.001621246
0.001392365
0.000041962
0.000858307
0.003406525
0.002830505
0.000576019
0.000347137
0.000343323
0.002925873
0.000816345
0.001869202
0.000095367
0.000701904
0.001953125
0.002120972
0.000972748
0.000934601
0.000873566
0.000270844
0.001911163
0.001426697
0.000354767
0.000576019
0.001613617
0.002342224
0.001068115
0.000041962
0.000686646
0.000495911
0.003658295
0.000724792
0.000038147
0.000514984
0.004375458
0.002502441
0.000644684
0.000480652
0.000141144
0.002914429
0.001972198
0.001304626
0.000827789
0.000064850
0.000877380
0.000377655
0.000362396
0.000164032
0.000621796
0.000576019
0.000297546
0.000362396
0.000659943
0.000045776
0.000370026
0.000068665
0.000343323
0.000278473
0.000526428
0.000617981
0.000041962
0.000358582
0.000057220
0.000331879
0.000072479
0.000446320
0.000087738
0.000057220
0.000381470
0.000259399
0.000385284
0.000171661
0.000537872
0.000362396
0.000053406
0.000537872
0.000160217
0.000057220
0.000328064
0.000240326
0.000343323
0.000267029
0.000072479
0.000328064
0.000240326
0.000240326
0.000091553
0.000289917
0.000572205
0.000041962
0.000354767
0.000038147
0.000343323
0.000259399
0.000320435
0.000091553
0.000301361
0.000049591
0.000370026
0.000064850
0.000324249
0.000057220
0.000476837
0.000164032
0.000526428
0.000053406
0.000297546
0.000038147
0.000522614
0.000064850
0.000366211
0.000064850
0.000038147
0.000038147
0.000041962
0.000549316
0.000553131
0.000064850
0.000339508
0.000171661
0.000530243
0.000064850
0.000518799
0.000061035
0.000312805
0.000041962
0.000328064
0.000278473
0.000347137
0.000064850
0.000507355
0.000259399
0.000476837
0.000041962
0.000347137
0.000068665
0.000495911
0.000083923
0.000541687
0.000068665
0.000530243
0.000068665
0.000041962
0.000854492
0.000377655
0.000041962
0.000499725
0.000041962
0.000373840
0.000366211
0.000041962
0.000503540
0.000316620
0.000366211
0.000038147
0.000499725
0.000095367
0.000205994
0.000400543
0.000347137
0.000095367
0.000328064
0.000041962
0.000522614
0.000141144
0.000377655
0.000438690
0.000476837
0.000041962
0.001407623
0.000442505
0.000041962
0.000503540
0.000095367
0.000068665
0.000175476
0.000038147
0.000347137
0.000453949
0.000038147
0.000316620
0.000038147
0.000560760
0.000041962
0.000244141
0.000041962
0.000461578
0.000038147
0.000488281
0.000064850
0.000396729
0.000041962
0.000549316
0.000041962
0.000480652
0.000041962
0.000350952
0.000041962
0.000316620
0.000564575
0.000366211
0.000049591
0.000038147
0.000324249
0.000038147
0.000377655
0.000141144
0.000644684
0.000221252
0.000320435
0.000072479
0.000152588
0.000041962
0.000331879
0.000228882
0.000328064
0.000076294
0.000061035
0.000568390
0.000297546
0.000320435
0.000213623
0.000202179
0.000068665
0.000217438
0.000358582
0.000072479
0.000186920
0.000511169
0.000591278
0.000068665
0.000331879
0.000347137
0.000175476
0.000076294
0.000278473
0.000076294
0.000335693
0.000102997
0.000488281
0.000080109
0.000068665
0.000625610
0.000064850
0.000366211
0.000122070
0.000057220
0.000221252
0.000061035
0.000522614
0.000556946
0.000202179
0.000419617
0.000110626
0.000232697
0.000083923
0.000068665
0.000545502
0.000095367
0.000389099
0.000312805
0.000038147
0.000236511
0.000370026
0.000041962
0.000350952
0.000041962
0.000415802
0.000362396
0.000038147
0.000347137
0.000038147
0.000457764
0.000251770
0.000041962
0.000331879
0.000038147
0.000526428
0.001331329
0.000183105
0.000057220
0.000041962
0.000511169
0.000099182
0.001235962
0.000576019
0.000041962
0.000492096
0.000495911
0.000038147
0.000503540
0.000137329
0.000293732
0.000038147
0.000083923
0.000278473
0.000041962
0.001308441
0.000041962
0.000373840
0.000270844
0.000038147
0.000446320
0.000038147
0.000507355
0.000087738
0.000038147
0.000518799
0.000381470
0.000038147
0.000549316
0.000373840
0.000041962
0.000347137
0.000038147
0.000293732
0.000141144
0.000038147
0.000473022
0.000041962
0.000370026
0.000160217
0.000038147
0.000411987
0.000347137
0.000038147
0.000396729
0.000038147
0.000568390
0.000148773
0.000312805
0.000373840
0.000289917
0.000331879
0.000328064
0.000041962
0.000495911
0.000408173
0.000186920
0.000534058
0.000415802
0.000217438
0.000064850
0.000473022
0.000419617
0.000839233
0.000335693
0.000064850
0.000526428
0.000064850
0.000362396
0.000164032
0.000080109
0.000564575
0.000080109
0.000179291
0.000373840
0.000053406
0.000400543
0.000102997
0.000354767
0.000038147
0.000354767
0.000083923
0.000408173
0.000076294
0.001239777
0.000198364
0.000301361
0.000591278
0.000083923
0.000423431
0.000419617
0.000415802
0.000373840
0.000164032
0.000186920
0.000316620
0.000377655
0.000083923
0.000518799
0.000217438
0.000324249
0.000064850
0.000541687
0.000221252
0.000076294
0.000038147
0.000411987
0.000041962
0.000469208
0.000347137
0.000038147
0.000366211
0.000305176
0.000537872
0.000175476
0.000289917
0.000038147
0.000354767
0.000144958
0.001033783
0.000041962
0.000541687
0.000347137
0.000484467
0.000041962
0.000343323
0.000251770
0.000530243
0.000041962
0.000541687
0.000579834
0.000038147
0.000335693
0.000373840
0.000499725
0.000400543
0.000560760
0.000072479
0.000038147
0.000083923
0.000293732
0.000389099
0.000160217
0.000041962
0.000259399
0.000102997
0.000339508
0.000068665
0.000347137
0.000049591
0.000431061
0.000076294
0.000362396
0.000091553
0.000373840
0.000198364
0.000392914
0.000038147
0.000389099
0.000164032
0.000339508
0.000106812
0.000362396
0.000122070
0.000568390
0.000076294
0.000339508
0.000099182
0.000808716
0.000278473
0.000183105
0.000041962
0.000492096
0.000049591
0.000301361
0.000171661
0.000244141
0.000362396
0.000297546
0.000038147
0.000633240
0.000293732
0.000568390
0.000091553
0.000450134
0.000061035
0.000484467
0.000400543
0.000198364
0.000503540
0.000053406
0.000507355
0.000373840
0.000091553
0.000476837
0.000354767
0.000038147
0.000499725
0.000041962
0.000453949
0.000041962
0.000320435
0.000041962
0.000339508
0.000370026
0.000381470
0.000072479
0.000041962
0.000308990
0.000091553
0.000152588
0.000377655
0.000167847
0.000038147
0.000530243
0.000267029
0.000610352
0.000057220
0.000511169
0.000572205
0.000057220
0.000408173
0.000053406
0.000366211
0.000442505
0.000225067
0.000144958
0.000339508
0.000308990
0.000129700
0.000152588
0.000083923
0.000061035
0.000461578
0.000102997
0.000335693
0.000495911
0.000156403
0.000507355
0.000087738
0.000041962
0.000354767
0.000133514
0.000492096
0.000064850
0.000320435
0.001186371
0.000255585
0.000339508
0.000064850
0.000545502
0.000129700
0.000072479
0.000061035
0.000373840
0.000320435
0.000236511
0.000167847
0.000041962
0.001094818
0.000144958
0.000045776
0.000499725
0.000156403
0.000537872
0.000045776
0.000041962
0.000576019
0.000041962
0.000503540
0.000221252
0.000347137
0.000041962
0.000305176
0.000038147
0.000514984
0.000228882
0.000041962
0.000308990
0.000041962
0.000518799
0.000041962
0.000522614
0.000095367
0.000041962
0.000282288
0.000038147
0.000560760
0.000041962
0.000473022
0.000041962
0.000396729
0.000045776
0.000370026
0.000068665
0.000400543
0.000064850
0.000389099
0.000041962
0.000568390
0.000110626
0.000339508
0.000064850
0.000274658
0.000038147
0.000453949
0.000091553
0.000041962
0.000534058
0.000358582
0.000061035
0.000503540
0.000553131
0.000053406
0.000347137
0.000053406
0.000381470
0.000164032
0.000289917
0.000041962
0.000480652
0.000057220
0.000480652
0.000350952
0.000080109
0.000518799
0.000061035
0.000057220
0.000514984
0.000083923
0.000583649
0.000076294
0.000373840
0.000080109
0.000602722
0.000217438
0.000446320
0.001228333
0.000068665
0.000488281
0.000373840
0.000061035
0.000560760
0.000339508
0.000362396
0.000038147
0.000354767
0.000095367
0.000049591
0.000038147
0.000324249
0.000041962
0.000522614
0.000083923
0.000038147
0.000041962
0.000381470
0.000106812
0.000286102
0.000404358
0.000171661
0.000404358
0.000240326
0.000362396
0.000286102
0.000041962
0.000381470
0.000152588
0.000522614
0.000389099
0.000038147
0.000419617
0.000064850
0.000083923
0.000068665
0.000308990
0.000057220
0.000358582
0.000408173
0.000488281
0.000568390
0.000164032
0.000377655
0.000133514
0.000381470
0.000164032
0.000484467
0.000415802
0.000045776
0.000270844
0.000209808
0.000331879
0.000343323
0.000053406
0.000312805
0.000556946
0.000076294
0.000270844
0.000377655
0.000240326
0.000167847
0.000423431
0.000141144
0.000057220
0.000507355
0.000080109
0.000511169
0.000041962
0.000114441
0.000068665
0.000312805
0.000038147
0.000389099
0.000392914
0.000553131
0.000057220
0.000415802
0.000095367
0.000419617
0.000087738
0.000431061
0.000057220
0.000354767
0.000473022
0.000308990
0.000038147
0.000560760
0.000148773
0.000041962
0.000488281
0.000038147
0.000339508
0.000320435
0.000061035
0.000396729
0.000068665
0.000350952
0.000102997
0.000160217
0.000137329
0.000343323
0.000061035
0.000331879
0.000453949
0.000087738
0.000053406
0.000312805
0.000568390
0.000274658
0.000061035
0.000526428
0.000061035
0.000286102
0.000209808
0.000301361
0.000335693
0.000572205
0.000087738
0.000415802
0.000068665
0.000381470
0.000057220
0.000518799
0.000198364
0.000308990
0.000091553
0.000328064
0.000389099
0.000240326
0.000377655
0.000049591
0.000377655
0.000083923
0.000057220
0.000343323
0.000087738
0.000511169
0.000087738
0.000534058
0.000053406
0.000316620
0.000064850
0.000377655
0.000122070
0.000316620
0.000041962
0.000347137
0.000041962
0.000419617
0.000087738
0.000545502
0.000061035
0.000320435
0.000221252
0.000419617
0.000137329
0.000053406
0.000419617
0.000038147
0.000373840
0.000061035
0.000373840
0.000076294
0.000335693
0.000076294
0.000389099
0.000038147
0.000381470
0.000144958
0.000076294
0.000404358
0.000053406
0.000534058
0.000045776
0.000267029
0.000320435
0.000045776
0.000450134
0.000076294
0.000068665
0.000381470
0.000091553
0.000366211
0.000083923
0.000068665
0.000320435
0.000083923
0.000099182
0.000320435
0.000213623
0.000282288
0.000045776
0.000267029
0.000366211
0.000274658
0.000175476
0.000267029
0.000579834
0.000305176
0.000160217
0.000488281
0.000350952
0.000038147
0.000305176
0.000190735
0.000488281
0.000083923
0.000221252
0.000083923
0.000457764
0.000488281
0.000083923
0.000350952
0.000228882
0.000160217
0.000473022
0.000541687
0.000083923
0.000511169
0.000190735
0.000244141
0.000411987
0.000045776
0.000312805
0.000053406
0.000267029
0.000602722
0.000061035
0.000511169
0.000122070
0.000282288
0.000099182
0.000511169
0.000534058
0.000198364
0.000572205
0.000061035
0.000503540
0.000373840
0.000053406
0.000297546
0.000579834
0.000061035
0.000526428
0.000114441
0.000518799
0.000579834
0.000251770
0.000335693
0.000099182
0.000404358
0.000205994
0.000495911
0.001319885
0.000038147
0.000419617
0.000068665
0.000045776
0.000465393
0.000038147
0.000320435
0.000083923
0.000320435
0.000183105
0.000038147
0.000587463
0.000045776
0.000503540
0.000038147
0.000404358
0.000038147
0.000053406
0.000038147
0.000442505
0.000099182
0.000289917
0.000343323
0.000556946
0.000297546
0.000297546
0.000282288
0.000549316
0.000045776
0.000564575
0.000320435
0.000503540
0.000045776
0.001449585
0.000045776
0.000305176
0.000267029
0.000305176
0.000053406
0.000495911
0.000526428
0.000236511
0.000045776
0.000556946
0.000160217
0.001426697
0.000061035
0.000419617
0.000076294
0.000534058
0.000083923
0.000068665
0.000282288
0.000389099
0.000213623
0.000312805
0.000076294
0.000427246
0.000160217
0.000068665
0.000411987
0.000144958
0.000526428
0.000061035
0.000328064
0.000038147
0.000305176
0.000366211
0.000038147
0.000312805
0.000076294
0.000091553
0.000259399
0.000526428
0.000083923
0.000274658
0.000083923
0.000396729
0.000068665
0.000038147
0.000091553
0.000564575
0.000038147
0.000358582
0.000091553
0.000541687
0.000434875
0.000366211
0.000038147
0.000328064
0.000076294
0.000076294
0.000343323
0.000045776
0.000495911
0.000045776
0.000061035
0.000320435
0.000099182
0.000396729
0.000549316
0.000175476
0.000251770
0.000083923
0.000488281
0.000076294
0.000114441
0.000465393
0.000488281
0.000038147
0.000495911
0.000061035
0.000335693
0.000099182
0.000343323
0.000083923
0.000053406
0.000389099
0.000061035
0.000381470
0.000160217
0.000312805
0.000137329
0.000518799
0.000061035
0.000526428
0.000221252
0.000259399
0.000038147
0.000511169
0.000358582
0.000038147
0.000511169
0.000373840
0.000053406
0.000198364
0.000038147
0.000480652
0.000091553
0.000564575
0.000160217
0.000144958
0.000350952
0.000038147
0.000343323
0.000091553
0.000091553
0.000137329
0.000053406
0.000259399
0.001502991
0.000053406
0.000396729
0.000358582
0.000228882
0.000511169
0.000045776
0.000381470
0.000076294
0.000518799
0.000068665
0.000038147
0.000518799
0.000076294
0.000045776
0.000473022
0.000083923
0.000450134
0.000068665
0.000061035
0.000526428
0.000038147
0.000350952
0.000068665
0.000320435
0.000564575
0.000053406
0.000511169
0.000061035
0.000373840
0.000175476
0.000061035
0.000511169
0.000144958
0.000045776
0.000358582
0.000389099
0.000488281
0.000274658
0.000541687
0.000228882
0.000488281
0.000038147
0.000556946
0.000061035
0.000350952
0.000053406
0.000328064
0.000068665
0.000434875
0.000457764
0.000053406
0.000289917
0.000602722
0.000122070
0.001289368
0.000404358
0.000045776
0.000518799
0.000045776
0.000373840
0.000061035
0.000282288
0.000534058
0.000076294
0.000320435
0.000045776
0.000305176
0.000061035
0.000305176
0.000076294
0.000099182
0.000503540
0.000038147
0.000534058
0.000106812
0.000038147
0.000404358
0.000167847
0.000289917
0.000221252
0.000366211
0.000038147
0.000511169
0.000038147
0.000335693
0.000244141
0.000297546
0.000061035
0.000442505
0.000091553
0.000320435
0.000465393
0.000144958
0.000587463
0.000343323
0.000061035
0.000564575
0.000312805
0.000495911
0.000076294
0.000038147
0.000495911
0.000038147
0.000526428
0.000091553
0.000579834
0.000045776
0.000503540
0.000068665
0.000335693
0.000053406
0.000534058
0.000091553
0.000038147
0.000381470
0.000556946
0.000251770
0.001022339
0.000381470
0.000038147
0.000297546
0.000038147
0.000419617
0.000350952
0.000045776
0.001281738
0.000244141
0.000038147
0.000534058
0.000083923
0.000907898
0.000434875
0.000038147
0.000434875
0.000144958
0.000335693
0.000038147
0.000305176
0.000183105
0.000572205
0.000343323
0.000297546
0.000045776
0.000358582
0.000045776
0.000335693
0.000450134
0.000038147
0.000549316
0.000038147
0.000503540
0.000282288
0.000312805
0.000099182
0.000541687
0.000038147
0.000457764
0.000144958
0.000038147
0.000579834
0.000038147
0.000289917
0.000045776
0.000320435
0.000473022
0.000038147
0.000518799
0.000106812
0.000427246
0.000038147
0.000587463
0.000129700
0.000068665
0.000305176
0.000091553
0.000335693
0.000068665
0.000396729
0.000328064
0.000297546
0.000389099
0.000358582
0.000236511
0.001518250
0.000129700
0.000198364
0.000053406
0.000358582
0.000045776
0.000526428
0.000083923
0.000091553
0.000152588
0.000480652
0.000083923
0.000312805
0.000465393
0.000061035
0.000061035
0.000091553
0.000305176
0.000389099
0.000076294
0.000526428
0.000053406
0.000495911
0.000083923
0.000320435
0.000045776
0.000045776
0.000572205
0.000038147
0.000312805
0.000236511
0.000358582
0.000083923
0.000343323
0.000038147
0.000465393
0.000389099
0.000312805
0.000091553
0.000328064
0.000038147
0.000297546
0.000091553
0.000389099
0.000083923
0.000404358
0.000396729
0.000038147
0.000328064
0.000190735
0.000289917
0.000564575
0.000045776
0.000343323
0.000419617
0.000038147
0.000404358
0.000190735
0.001205444
0.000457764
0.000045776
0.000434875
0.000602722
0.000083923
0.000350952
0.000045776
0.000373840
0.000198364
0.000419617
0.000190735
0.001266479
0.000389099
0.000045776
0.000564575
0.000068665
0.000358582
0.000061035
0.000335693
0.000091553
0.000541687
0.000137329
0.000534058
0.000083923
0.000434875
0.000267029
0.000282288
0.000038147
0.000549316
0.000106812
0.000396729
0.000053406
0.000442505
0.000076294
0.000595093
0.000129700
0.000083923
0.000473022
0.000068665
0.000488281
0.000373840
0.000053406
0.000396729
0.000091553
0.000083923
0.000427246
0.000045776
0.000328064
0.000106812
0.000503540
0.000114441
0.000068665
0.000358582
0.000083923
0.000305176
0.000366211
0.000160217
0.000465393
0.000328064
0.000976562
0.000061035
0.000480652
0.000778198
0.000076294
0.001754761
0.000274658
0.001144409
0.000114441
0.000343323
0.000038147
0.001319885
0.000366211
0.000038147
0.000839233
0.000137329
0.002723694
0.000396729
0.000724792
0.000808716
0.006149292
0.001579285
0.001815796
0.000366211
0.000389099
0.003898621
0.002212524
0.000633240
0.001976013
0.000297546
0.001411438
0.002586365
0.001502991
0.000305176
0.000755310
0.000335693
0.003211975
0.000747681
0.000518799
0.000854492
0.001670837
0.002838135
0.000305176
0.000778198
0.000823975
0.006050110
0.000862122
0.000740051
0.000068665
0.000854492
0.001678467
0.001678467
0.000526428
0.000953674
0.000267029
0.003074646
0.001373291
0.000572205
0.000251770
0.000091553
0.002143860
0.001396179
0.000221252
0.000038147
0.000427246
0.003631592
0.000602722
0.000045776
0.000335693
0.000770569
0.003501892
0.001487732
0.000114441
0.000862122
0.000335693
0.006225586
0.001213074
0.000724792
0.000709534
0.000213623
0.003707886
0.000633240
0.000267029
0.000785828
0.000907898
0.002639771
0.000991821
0.000221252
0.001335144
0.000183105
0.004981995
0.000457764
0.001319885
0.000717163
0.000640869
0.004119873
0.002899170
0.001335144
0.000930786
0.000091553
0.002838135
0.000755310
0.000419617
0.000762939
0.000907898
0.003166199
0.002922058
0.000686646
0.000984192
0.000442505
0.004684448
0.000442505
0.000114441
0.000610352
0.000396729
0.004669189
0.002136230
0.000305176
0.000511169
0.000091553
0.005142212
0.000877380
0.001594543
0.000083923
0.000610352
0.002281189
0.002021790
0.000045776
0.000877380
0.000595093
0.002189636
0.001922607
0.001739502
0.000572205
0.000175476
0.004486084
0.002227783
0.001319885
0.000984192
0.000038147
0.002944946
0.002174377
0.001594543
0.000816345
0.000656128
0.001083374
0.001541138
0.001487732
0.000061035
0.000305176
0.003334045
0.001716614
0.001106262
0.000083923
0.000869751
0.003440857
0.002227783
0.000587463
0.000595093
0.000061035
0.000610352
0.002754211
0.001632690
0.000900269
0.000091553
0.002281189
0.002456665
0.001289368
0.001014709
0.000038147
0.002677917
0.002822876
0.001052856
0.000274658
0.000816345
0.000671387
0.002487183
0.001579285
0.000076294
0.000411987
0.001556396
0.000762939
0.001296997
0.001075745
0.000061035
0.000579834
0.002601624
0.001655579
0.000366211
0.000549316
0.000366211
0.004516602
0.000137329
0.000045776
0.000938416
0.000053406
0.004936218
0.000465393
0.000091553
0.001159668
0.000427246
0.004867554
0.002037048
0.000038147
0.000885010
0.000099182
0.001625061
0.001556396
0.000038147
0.000930786
0.000114441
0.005714417
0.001296997
0.001785278
0.000305176
0.000343323
0.003517151
0.000907898
0.000259399
0.000572205
0.000846863
0.004646301
0.001716614
0.001060486
0.000953674
0.000480652
0.000434875
0.000679016
0.000282288
0.000595093
0.000259399
0.000480652
0.000335693
0.000602722
0.000053406
0.000251770
0.000045776
0.000633240
0.000183105
0.000061035
0.000640869
0.000061035
0.000511169
0.000114441
0.000076294
0.000350952
0.000076294
0.000434875
0.000099182
0.000106812
0.001342773
0.000061035
0.000358582
0.000045776
0.000389099
0.000053406
0.000251770
0.000442505
0.000526428
0.000389099
0.000045776
0.000419617
0.000099182
0.000312805
0.000038147
0.000541687
0.000457764
0.000122070
0.000495911
0.000396729
0.000038147
0.000328064
0.000106812
0.000297546
0.000068665
0.000038147
0.000160217
0.000267029
0.000534058
0.000198364
0.001548767
0.000061035
0.000335693
0.000053406
0.000450134
0.000061035
0.000572205
0.000160217
0.000068665
0.000274658
0.000579834
0.000061035
0.000457764
0.000038147
0.001296997
0.000061035
0.000389099
0.000068665
0.000328064
0.000053406
0.000473022
0.000144958
0.000328064
0.000076294
0.000053406
0.000289917
0.000587463
0.000236511
0.000595093
0.000045776
0.000312805
0.000175476
0.000480652
0.000076294
0.000083923
0.000312805
0.000091553
0.000450134
0.000267029
0.000495911
0.000442505
0.000358582
0.000061035
0.000045776
0.000038147
0.000442505
0.000495911
0.000099182
0.000228882
0.000282288
0.000045776
0.000328064
0.000061035
0.000305176
0.000381470
0.000366211
0.000274658
0.000076294
0.000038147
0.000534058
0.000244141
0.000045776
0.000297546
0.000564575
0.000038147
0.000328064
0.000045776
0.000343323
0.000045776
0.000305176
0.000434875
0.001007080
0.000335693
0.000045776
0.000396729
0.000083923
0.000038147
0.000068665
0.000480652
0.000038147
0.000526428
0.000740051
0.000114441
0.000045776
0.000328064
0.000587463
0.000221252
0.000434875
0.000373840
0.000038147
0.000556946
0.000053406
0.000450134
0.000053406
0.001274109
0.000038147
0.000572205
0.000144958
0.000053406
0.000068665
0.000480652
0.000099182
0.000381470
0.000076294
0.000358582
0.000076294
0.000068665
0.000068665
0.000427246
0.000282288
0.000259399
0.000038147
0.000511169
0.000205994
0.000106812
0.000549316
0.000144958
0.000038147
0.000526428
0.000251770
0.000297546
0.000114441
0.000259399
0.000320435
0.000038147
0.000534058
0.000122070
0.000045776
0.000236511
0.000289917
0.000091553
0.000480652
0.000312805
0.000190735
0.000061035
0.000190735
0.000053406
0.000343323
0.000183105
0.000503540
0.000091553
0.000465393
0.000038147
0.000274658
0.000335693
0.000434875
0.000396729
0.000099182
0.000427246
0.000381470
0.000091553
0.000503540
0.000045776
0.000312805
0.000068665
0.000350952
0.000038147
0.000083923
0.000556946
0.000053406
0.000236511
0.000038147
0.000366211
0.000045776
0.000541687
0.000068665
0.000099182
0.001289368
0.000045776
0.000350952
0.000358582
0.000152588
0.000061035
0.000579834
0.000053406
0.000335693
0.000038147
0.000228882
0.000411987
0.000198364
0.000518799
0.000190735
0.000099182
0.000305176
0.000068665
0.000503540
0.000083923
0.000442505
0.000411987
0.000053406
0.000465393
0.000549316
0.000129700
0.000350952
0.000076294
0.000495911
0.000160217
0.000495911
0.000534058
0.000091553
0.000038147
0.000495911
0.000419617
0.000038147
0.000534058
0.000045776
0.000480652
0.000221252
0.000213623
0.000526428
0.000083923
0.000259399
0.000549316
0.000038147
0.000564575
0.000205994
0.000411987
0.000091553
0.000572205
0.000175476
0.000366211
0.000221252
0.000343323
0.000038147
0.000541687
0.000061035
0.000404358
0.000068665
0.000404358
0.000083923
0.000419617
0.000167847
0.000083923
0.000358582
0.000106812
0.000282288
0.000038147
0.000389099
0.000068665
0.000411987
0.000251770
0.000503540
0.000038147
0.000495911
0.000228882
0.000411987
0.000045776
0.000045776
0.000541687
0.000427246
0.000038147
0.000495911
0.000442505
0.000312805
0.000061035
0.000343323
0.000518799
0.000053406
0.000556946
0.000053406
0.001602173
0.000144958
0.000503540
0.000083923
0.000312805
0.000076294
0.000556946
0.000061035
0.000495911
0.000358582
0.000053406
0.000511169
0.000427246
0.000083923
0.000053406
0.000312805
0.000579834
0.000160217
0.000213623
0.000442505
0.000053406
0.000534058
0.000274658
0.000175476
0.000541687
0.000198364
0.000335693
0.000106812
0.000053406
0.000335693
0.000083923
0.000373840
0.000183105
0.000045776
0.000389099
0.000076294
0.000404358
0.000038147
0.000488281
0.000083923
0.000343323
0.000076294
0.000328064
0.000236511
0.000244141
0.000175476
0.000572205
0.000152588
0.000701904
0.000289917
0.001335144
0.000244141
0.000053406
0.000038147
0.000038147
0.000450134
0.000038147
0.000289917
0.000343323
0.000381470
0.000045776
0.000457764
0.000244141
0.000045776
0.000480652
0.000053406
0.000305176
0.000038147
0.000373840
0.000038147
0.000518799
0.000106812
0.000396729
0.000190735
0.000480652
0.000549316
0.000137329
0.000274658
0.000061035
0.000114441
0.000404358
0.000335693
0.000511169
0.000076294
0.000579834
0.000160217
0.000373840
0.000045776
0.000511169
0.000160217
0.000518799
0.000167847
0.000396729
0.000061035
0.000305176
0.000389099
0.000045776
0.000564575
0.000144958
0.000083923
0.000480652
0.000045776
0.000106812
0.000534058
0.000053406
0.000106812
0.000076294
0.000152588
0.000091553
0.000137329
0.000373840
0.000045776
0.000312805
0.000083923
0.000457764
0.000335693
0.000061035
0.000411987
0.000053406
0.000343323
0.000045776
0.000328064
0.000099182
0.000091553
0.000038147
0.000526428
0.000511169
0.000328064
0.000328064
0.000106812
0.000038147
0.000473022
0.000061035
0.000038147
0.000495911
0.000106812
0.000320435
0.000038147
0.000328064
0.000038147
0.000587463
0.000045776
0.000328064
0.000045776
0.000038147
0.000564575
0.000038147
0.000305176
0.000160217
0.000389099
0.000160217
0.000038147
0.000091553
0.000038147
0.000534058
0.000205994
0.000366211
0.000038147
0.000312805
0.000038147
0.000427246
0.000236511
0.000358582
0.000175476
0.000038147
0.000305176
0.000335693
0.000038147
0.000473022
0.000099182
0.000328064
0.000572205
0.000114441
0.000373840
0.000076294
0.000320435
0.000175476
0.000411987
0.000381470
0.000183105
0.000312805
0.000076294
0.001296997
0.000091553
0.000076294
0.000488281
0.000526428
0.000091553
0.000297546
0.000083923
0.000419617
0.000114441
0.000137329
0.000289917
0.000404358
0.000274658
0.000366211
0.000328064
0.000114441
0.000152588
0.000358582
0.000572205
0.000045776
0.000350952
0.000045776
0.000572205
0.000061035
0.000526428
0.000389099
0.000076294
0.000373840
0.000053406
0.000343323
0.000541687
0.000045776
0.000297546
0.000556946
0.000129700
0.000549316
0.000167847
0.000205994
0.000053406
0.000518799
0.000091553
0.000053406
0.000419617
0.000106812
0.000320435
0.000099182
0.000068665
0.000411987
0.000068665
0.000335693
0.000106812
0.000236511
0.000556946
0.000061035
0.000350952
0.000038147
0.000343323
0.000000000
0.000022888
