0.000803713
0.000494962
0.000562241
0.0006583820000000001
0.000623424
0.012684836
0.012750636999999999
0.013170512
0.010496028000000001
0.012142852999999999
0.013245854999999999
0.010905316
0.011771641999999999
0.012977269999999999
0.013517276000000002
0.013512410999999998
0.011553248
0.011620379
0.012855424
0.012348634
0.009615561
0.010852229000000001
0.011746853999999998
0.013294252999999999
0.013644312
0.012225532
0.009177475000000001
0.012120529
0.013209201
0.010162280999999999
0.010802617
0.012393131999999998
0.011660386
0.012739341999999999
0.012514674
0.01312537
0.010848448
0.011971883
0.010649126
0.011402404000000001
0.012797733
0.012929145000000001
0.013566074000000001
0.010976495000000001
0.011802485
0.01326185
0.01346426
0.012524611
0.013601693
0.011659073999999998
0.012560419000000001
0.012895954000000003
0.011506051
0.010610445
0.01063035
0.010964548
0.012306942000000001
0.010267824000000002
0.009800765999999999
0.013299871
0.01188708
0.011374440999999999
0.012162883999999999
0.012145431999999998
0.011277516999999999
0.012388667
0.012792782999999999
0.011819054
0.011584328
0.011363266999999998
0.011335247
0.012215518999999998
0.011370700000000001
0.011685686
0.012426301
0.012854751999999999
0.011976608
0.012990827
0.012167301
0.010012078999999998
0.012380031
0.012333117999999999
0.010848743000000001
0.013461915000000001
0.010929039
0.011184313000000001
0.012376864000000001
0.01217441
0.010131506
0.013164249
0.013224928
0.01020331
0.010688426000000001
0.011859889
0.012134200000000001
0.012775466999999999
0.012376910000000001
0.013521242999999999
0.012883537
0.013266974999999999
0.011178816000000001
0.011858826999999999
0.012250871
0.011906953000000001
0.011072474999999998
0.012108271
0.012739897
0.012111206000000001
0.012214644
0.013743291000000001
0.010885607
0.010530273000000001
0.013368407
0.010602771
0.011570311
0.009618364
0.010252949999999999
0.010521797999999999
0.012262392
0.012153995
0.01175765
0.011325356
0.011960206999999999
0.011811498
0.011513318999999998
0.011654444
0.013702757000000001
0.011187125
0.009239812
0.011881424
0.012678403999999999
0.011167586
0.011830674000000001
0.013547935
0.010449188000000002
0.014556827000000001
0.013473672999999999
0.011503037
0.010874428000000002
0.012939643999999998
0.011679129
0.012731219000000002
0.012732135999999998
0.012090624999999999
0.012097871999999999
0.01039603
0.017161893
0.011223666
0.011400743
0.011901695000000002
0.012755976999999998
0.012940142000000002
0.012330778999999998
0.012131907
0.013900035000000002
0.012836635000000002
0.013746069999999997
0.010086138000000001
0.011637310000000001
0.011069236
0.011043091
0.013289813999999999
0.011758761999999999
0.011536678
0.009606957999999999
0.012812332000000001
0.010888057999999999
0.013576581
0.012547042000000001
0.01036855
0.012930912
0.011117672
0.013129895000000003
0.011651034000000001
0.012939339999999999
0.014373694000000001
0.012330515
0.011236638
0.011554666
0.011815391
0.012869283999999998
0.012256874
0.012708278
0.013733575999999997
0.012214875
0.012812874
0.01276302
0.011986661
0.011839893000000002
0.011680583999999999
0.013805656
0.012828434
0.011511058
0.012272808999999999
0.011526253999999998
0.012230340999999997
0.013158526
0.011771098999999998
0.013067659000000002
0.013915523999999999
0.012488780000000001
0.011784735
0.01204568
0.011275192
0.016006555
0.012989028
0.011614649999999999
0.013376123
0.010288801
0.011846235
0.011705153
0.014172304
0.012984072999999999
0.011540820000000002
0.011647082
0.012464498
0.012431869
0.01367204
0.010666387000000001
0.012637815999999998
0.011897233000000002
0.013495160999999999
0.012645321999999999
0.010363202
0.011499415000000002
0.013520541
0.009642684
0.010708975000000003
0.012363311999999998
0.011104394
0.012918772000000002
0.011923784
0.010196186
0.010346188
0.010757507000000001
0.011900926000000001
0.011377012
0.013771081000000001
0.011696716
0.010965743999999998
0.012966324
0.012613190000000002
0.011901611999999999
0.012082589999999999
0.012079494999999999
0.013450763
0.012200618
0.013723143
0.011799032999999999
0.011888350999999998
0.0122615
0.013497959
0.011393263999999998
0.012505158
0.011100449
0.010858083000000001
0.012538379999999998
0.010960835
0.009422016
0.011376439000000002
0.013559444999999998
0.012648287
0.011818204
0.01384982
0.013454421
0.012804989000000001
0.011311182
0.013916529000000002
0.010356567
0.011903356
0.013185335
0.013193419999999999
0.011098255000000001
0.012158718999999998
0.012033093
0.01424944
0.012951492
0.011106271
0.010756591
0.013504410000000001
0.011340555
0.012103466000000004
0.012001768000000001
0.012841714
0.013170833000000002
0.01063856
0.01225968
0.011123777999999999
0.013271244
0.01159464
0.011952459
0.010924277999999999
0.011552765000000001
0.012555647999999999
0.011494048
0.01246915
0.012381890999999999
0.012434126
0.010852471000000002
0.014264942000000001
0.013298117
0.010440128
0.01276334
0.011510517000000001
0.009127255
0.01088026
0.010887411
0.011102243
0.011953512
0.01192616
0.011900225
0.012705662999999999
0.013322345999999999
0.01094089
0.012259132
0.011979531
0.012038276
0.011528601
0.011244628999999999
0.010999951
0.009174968
0.011834577999999998
0.009980654
0.012653086000000001
0.012131698
0.011108534
0.011504233999999999
0.011638598
0.016558586
0.009097602000000002
0.014323841
0.015102780000000001
0.010620214999999999
0.010773891000000002
0.013626623
0.012377528
0.012504696000000001
0.012446588
0.013450594
0.011969514
0.010689422
0.012136542
0.013295122
0.010794765999999999
0.012073618000000001
0.011565600000000002
0.014273603999999999
0.012036700000000001
0.012428021
0.011365921
0.012590902000000001
0.012456294
0.011549014
0.012040955
0.011888761999999999
0.012316065
0.015035907999999999
0.012942088
0.011164648999999999
0.010925333
0.012229952
0.011248808
0.012675038000000001
0.012843282
0.010440226
0.01104777
0.01179256
0.008985081999999998
0.011025409
0.011599786
0.012211208000000001
0.012711239000000001
0.012320186
0.011640016999999999
0.014129375
0.01161604
0.013070707
0.014553070999999997
0.012688775999999999
0.012972090000000002
0.013013446999999997
0.012867135
0.012187432
0.011915955
0.011706727
0.012894573000000001
0.012846485000000001
0.012834099000000002
0.009632474
0.014657909
0.012936431999999998
0.008446485
0.011833068
0.012278777
0.012723140999999999
0.013308402999999998
0.012368348
0.011623649000000002
0.012024738
0.012232925999999998
0.012019211
0.010257617000000002
0.013209914000000001
0.013967036
0.012423311000000001
0.010905317
0.0096192
0.011883737
0.01266057
0.011643391
0.013321048
0.011859938999999998
0.010816143
0.012069092
0.010579894999999999
0.009528441
0.012139693000000002
0.01124735
0.011732626999999999
0.012334767
0.011775156
0.013687939999999997
0.012202543
0.012534486000000001
0.013702743999999998
0.012083763
0.010463481
0.012372781
0.013874753
0.011411559
0.011695081
0.011922296
0.011576605999999998
0.012979892
0.012424281
0.012943597999999999
0.012840343
0.012033096
0.011767551000000001
0.013243702000000001
0.012915315000000002
0.014233754999999999
0.011611744999999998
0.010498458
0.012122794
0.012492086999999999
0.016617232
0.010975298999999999
0.013698849999999997
0.010808423000000001
0.011489433
0.011581071
0.012619862
0.012114264999999999
0.0137065
0.012014936000000002
0.010545257
0.012178793
0.011280699
0.01202762
0.013991677
0.010751954000000001
0.012030575
0.013047032000000002
0.011994103
0.013323833
0.014414723999999999
0.010018046
0.012306047999999998
0.012518799
0.013122021000000001
0.012500828999999998
0.013514044000000001
0.011476097000000001
0.012969203000000002
0.012123853
0.011400466000000001
0.011895057999999998
0.014018210000000001
0.012096428000000001
0.011561071
0.012573563999999999
0.012424524
0.012468636
0.011908007
0.012197732
0.012527967999999999
0.011977564
0.012405545999999998
0.012376463
0.012009783999999999
0.011732452
0.012264835000000002
0.012054973
0.01281707
0.009743158
0.012491705999999998
0.011577001
0.013636472
0.011758824000000001
0.016777119
0.012174183
0.011524987
0.012686101000000002
0.013629452
0.012828173
0.01144059
0.011747463000000001
0.011637202
0.011765347
0.012238525000000002
0.011631661
0.009947715000000001
0.013509047
0.015308048999999997
0.011866802999999999
0.013993042
0.011001166
0.010633749
0.011827612000000001
0.010859728999999999
0.011669579999999999
0.011893213
0.011768219
0.013585071
0.011054418
0.012929316
0.010981744
0.012757400999999998
0.011522139
0.012744931999999999
0.011338185999999998
0.012992175000000002
0.013332363
0.012753499000000001
0.012016838
0.010244455000000001
0.011321461000000001
0.011564772000000001
0.012857400000000001
0.013370656000000002
0.013250708999999998
0.014296960999999999
0.010614670000000001
0.012889265
0.014678627999999999
0.011869546
0.0117916
0.013470918
0.012416532000000001
0.012671614
0.012693888
0.011712142
0.012578984999999999
0.012190306000000001
0.012023493000000001
0.012340443000000001
0.010953841
0.012466935
0.0129107
0.011083053000000002
0.012686463
0.012371492000000001
0.013249802000000001
0.012485506
0.013936156
0.013191241999999999
0.012726478000000001
0.013666979
0.012370878000000002
0.013359135000000001
0.012936837
0.0121808
0.013966338
0.01354638
0.012649827000000002
0.013137833
0.011488437
0.012245985000000001
0.013135731000000001
0.010730969
0.010558884
0.013122659000000002
0.0115768
0.012042862
0.011718733
0.010620979999999999
0.0114936
0.011413643999999999
0.011355052
0.012632655000000001
0.012067722999999999
0.012951709
0.012884485
0.013924029000000001
0.010384557999999999
0.010093678
0.013631658000000001
0.012364069
0.00966999
0.01167043
0.010524604000000002
0.010784209
0.012406786
0.011513471
0.013264177
0.011496876999999999
0.011768420999999998
0.013003287
0.012383192000000001
0.011139925
0.013291316000000001
0.012493127
0.011221124
0.012103865
0.012401024
0.013554201999999998
0.014078927
0.011290975
0.010154723999999999
0.012737973999999999
0.011780918
0.0120009
0.011524399000000001
0.013264742
0.013012115000000003
0.011809103
0.011049698
0.012480544
0.011506043
0.012520913
0.012896328
0.014562878
0.010916736
0.010712107
0.012689970999999998
0.012615565999999998
0.01239288
0.010322170999999998
0.014095390999999999
0.011423194999999999
0.012501763
0.011273708
0.011376772
0.017008895
0.011628995999999999
0.011670077000000001
0.012387549
0.01213821
0.011064217
0.012662347000000001
0.010232604
0.013801646
0.013452514999999998
0.012832852999999998
0.012224418999999999
0.014404542999999999
0.010985373
0.011522435000000001
0.013801121
0.010027860000000001
0.012074453
0.011780993
0.009664494000000001
0.011420976
0.011205285999999998
0.012048071
0.010433293
0.012691046
0.012032491000000001
0.010561916
0.011736112999999998
0.01237798
0.012266129
0.011487181999999999
0.010866297
0.01272416
0.012301092000000001
0.011709781
0.012800455
0.011475393
0.009857704
0.013274433999999998
0.015763667000000002
0.010411122
0.01248573
0.011990256
0.012063787
0.012363316000000001
0.014186610999999998
0.011487361000000001
0.011831944
0.013331855
0.01144271
0.011021274999999999
0.013107676
0.013179485999999999
0.011185186999999997
0.012683392
0.012250279999999999
0.009674171000000002
0.010902396000000002
0.013445278
0.012264955
0.011941239000000001
0.01262424
0.012160053999999998
0.013296528
0.010600173000000001
0.011330222000000001
0.012813588
0.012036439000000001
0.011784247000000001
0.012552826
0.013731297
0.012889774000000001
0.012263885000000002
0.011913598999999999
0.011470475
0.012429583
0.013183973999999998
0.012515565
0.010791310999999998
0.012117636
0.011812020999999999
0.009908858
0.013373807000000001
0.012396636999999999
0.012579465
0.013538014
0.01229816
0.011087884999999999
0.012788240999999999
0.012104875000000001
0.011704491000000001
0.012939892000000001
0.013637278
0.011761655
0.013314113
0.012857755
0.010657182999999999
0.013665839999999999
0.011810807999999999
0.011768691999999999
0.010864243999999999
0.012502323
0.011486802
0.012311560999999999
0.011229504
0.010198762
0.010936969000000001
0.013453330999999999
0.011909263
0.009054868
0.012634346
0.014301817000000001
0.010697914
0.012599319
0.010754138
0.013465643
0.013853352999999999
0.011553148
0.014765864000000002
0.013590705
0.014473076
0.009969724
0.012311628999999998
0.011765751999999999
0.011590068
0.012297645
0.013292667
0.011517179
0.015031039999999999
0.012035793999999999
0.013874615
0.014104875
0.010885468999999998
0.014021211000000002
0.016496383000000003
0.011196546
0.013347402999999997
0.012340964999999999
0.009481086
0.015569705999999999
0.014519298
0.013383507999999999
0.010912521000000001
0.013749063
0.015314261000000001
0.013084588
0.01317931
0.014202047
0.018873727000000003
0.013256734000000001
0.012816297
0.013440955
0.014034253
0.018435147
0.014092806999999999
0.014640397999999999
0.014212244
0.011455851999999999
0.017868982999999998
0.012649068000000001
0.013387441
0.013550001
0.012394648
0.016117694000000002
0.015644532
0.013065674
0.012336749999999999
0.014090992
0.011829038000000002
0.014200107999999998
0.014358949
0.014251658
0.013441648
0.017203463999999998
0.013892206
0.013579102000000001
0.009376407
0.011495745
0.013813508
0.015948541
0.011330591
0.012171018
0.013448007000000001
0.015016784
0.014505412000000002
0.015434627
0.012054912000000001
0.011342844999999999
0.014312257
0.014162137000000002
0.012077287
0.013959802999999998
0.01096506
0.012084532999999998
0.014282267
0.014348382000000002
0.012438398
0.012520037
0.016525747
0.013563091
0.012103678
0.01350214
0.012253591000000001
0.017648103999999998
0.013454904
0.013898059
0.012050522000000001
0.013869531000000001
0.012163345
0.013681483000000001
0.011514589
0.012785962
0.012722734
0.015823002
0.014304351
0.014384711000000001
0.011275455
0.012219465
0.012243278
0.015663061
0.011865259999999999
0.012717422999999999
0.013915939999999998
0.010704684999999999
0.014222398999999998
0.011882647
0.012699343
0.012648545
0.014865386999999997
0.016371517
0.011975907000000001
0.012642380000000002
0.012321561
0.017945079
0.012690426
0.012465018
0.01268198
0.011996731
0.015710725000000002
0.01512364
0.013489909000000001
0.012284869
0.012677314
0.011445566999999999
0.014484824000000002
0.012210004000000002
0.012478396999999999
0.011584454999999999
0.010862522000000001
0.017537889999999997
0.012859396
0.013109643
0.013759954999999999
0.013288274999999999
0.015824499
0.013418457000000002
0.012641483
0.01176273
0.013873231000000001
0.012990324999999999
0.013937294000000001
0.014062932
0.014535681
0.010994199999999999
0.014611328000000002
0.016380333999999996
0.015404783
0.011417127999999999
0.013466488
0.014211049
0.016846761999999998
0.011003857
0.011509169
0.013824466
0.016513462
0.010968936999999998
0.013224329
0.012546819
0.012910849999999998
0.012134507999999999
0.013758756999999998
0.010518999999999997
0.010437502000000001
0.011252216000000002
0.012285339
0.012314621000000001
0.01532035
0.012660804
0.012477027
0.011505243
0.017645949000000005
0.011850883
0.011305969
0.013478897
0.012910150999999998
0.018691666
0.013459699
0.010947241
0.012721586000000002
0.011904605
0.014879386000000001
0.014355346000000001
0.011913361
0.013607532
0.012412633
0.015157727999999999
0.012559579000000001
0.013216246000000001
0.012709683000000003
0.012394753
0.013740936
0.013205456999999999
0.009658421
0.012893251
0.020100128999999998
0.013580276
0.014083598999999999
0.013635979999999999
0.011387583
0.016230504
0.014101823000000001
0.013367611000000001
0.011987808
0.012403936
0.013499924000000002
0.013915641999999999
0.014767514999999998
0.012288410999999999
0.011993055999999998
0.013513427
0.014929675
0.012566589
0.01197726
0.014185244999999999
0.012288006
0.015642626
0.011901370999999999
0.013885738
0.013147450000000001
0.012296445000000001
0.011044609
0.012111597
0.012945903
0.01161573
0.012220035
0.01347387
0.013411306
0.012082166999999998
0.011403649000000002
0.012436079
0.013878525999999999
0.010580349000000001
0.011596331999999999
0.011177676
0.014075476
0.008966219
0.012771052
0.012772133
0.010944358999999999
0.012143169
0.012314147999999999
0.011521100999999999
0.012794902
0.010770330000000002
0.013322292
0.012638505999999999
0.013000049000000001
0.01219679
0.011088329000000001
0.011916885
0.012954749
0.01385022
0.013439216
0.013889744
0.010441569999999999
0.011520457999999999
0.013196663
0.011408301
0.010867877
0.012201704
0.014351985
0.011134686
0.012119893999999999
0.012005288999999999
0.0118942
0.013480151999999999
0.011360983
0.011570157000000001
0.010926703000000001
0.011424295000000001
0.011166203000000001
0.011438297000000002
0.012712588
0.010344962
0.013559294999999999
0.011824976
0.010681802000000002
0.013396832999999999
0.013237539999999999
0.008951272
0.017477716
0.010937887
0.012075381000000001
0.012007101999999999
0.011612757000000001
0.010887732
0.011842661
0.012013445999999999
0.013617431000000001
0.010354139000000002
0.012269061000000001
0.009824989999999999
0.010482123999999999
0.01207084
0.011067888000000001
0.012018749
0.011361494
0.010866813
0.015967955
0.013305059999999999
0.011634367999999999
0.013136092999999998
0.011380898999999998
0.01214366
0.012387939
0.011495336
0.013358886
0.011682571999999999
0.013007943
0.012107032
0.010861583000000001
0.012666976
0.013548435
0.011789508
0.011353282000000001
0.013394449000000001
0.012500539000000001
0.010818973999999999
0.013020301
0.011415784999999998
0.01334129
0.012191694
0.012222506000000001
0.011832467999999999
0.013559909999999998
0.012899349
0.011680971
0.01291871
0.012110625
0.013924625
0.01095054
0.01236004
0.010756364999999999
0.011830954
0.012542455
0.012800943
0.014369926000000002
0.011178463999999999
0.014109213
0.010697138000000002
0.013195651
0.012793536
0.011088868
0.013103979
0.011772807000000001
0.010749852
0.01284237
0.011799474999999999
0.012618706999999998
0.010246444999999998
0.012041033999999999
0.010384219
0.011428254
0.013836810000000001
0.011808989
0.011912029
0.013211767999999999
0.011860651000000002
0.01231709
0.009347553
0.012902825000000001
0.012746893000000002
0.01230744
0.013964165000000002
0.013257385000000002
0.011859809
0.012193519
0.013333903
0.012830103999999998
0.013064533
0.013547765000000002
0.013521387000000001
0.012718931
0.011230250999999998
0.009983018
0.012092786000000001
0.012144842
0.013829543
0.009903566999999999
0.011442171
0.011429931999999999
0.013026107
0.012345291999999999
0.013564553
0.012835892000000002
0.012421643
0.011704892
0.013416548000000002
0.012990356
0.013924831
0.012879802999999999
0.014459317
0.010539238
0.012204409
0.011218750999999999
0.010786391
0.011406029999999998
0.011081538000000002
0.010566353
0.012301324
0.012225165
0.011676554999999998
0.011947906
0.013617185
0.010528391
0.013597365
0.012194599
0.011143865
0.010688909
0.0121542
0.011763257
0.012494584999999999
0.011690571999999998
0.013513998999999999
0.012927258
0.010571924
0.012558939
0.010528792
0.012234641
0.011137178999999999
0.012603989
0.011146544
0.012142840999999998
0.013378659999999999
0.014134563
0.012397537
0.012798547
0.012361701
0.013719869
0.013333352000000001
0.011832524999999998
0.011482916
0.011858004999999998
0.012021465
0.011434613
0.012148598
0.0113892
0.011840146
0.013349738
0.012499816999999998
0.011555527
0.011028451000000002
0.012824188
0.010807084
0.014022836000000002
0.012127191
0.012222641000000001
0.013009208
0.013820023999999998
0.011365056000000002
0.013631041999999998
0.013189793
0.011784397999999998
0.014091692999999999
0.010956348
0.01063009
0.012668736
0.012795685000000001
0.011142576000000001
0.011060729
0.011826647000000001
0.012572739000000001
0.01272872
0.012340862000000001
0.011305852000000002
0.014187449
0.014063559
0.009198792999999999
0.012335425
0.011478128
0.012288526999999999
0.009278325
0.012479262
0.012928522000000001
0.010300636
0.011079805
0.012038559
0.011891956
0.011848488999999999
0.012229252999999999
0.012781081
0.012668231000000002
0.012820412
0.011522992000000001
0.012013579999999998
0.010800251000000002
0.013241789
0.010283954000000001
0.011680680999999998
0.013509867
0.012665978
0.011325111
0.012010267
0.012342112999999998
0.010977704999999999
0.011131482
0.01281671
0.013204
0.01098363
0.010741991
0.010769965000000003
0.013359489000000002
0.012421419
0.012899973
0.012795368
0.009723579999999999
0.011956927
0.013492652
0.012337371000000003
0.011572457000000001
0.013896233000000003
0.011328739
0.013823914
0.012334245
0.011863989
0.013368454
0.012818684999999998
0.011666926999999999
0.010065167000000002
0.011813838
0.012603575
0.011460324
0.011975435999999999
0.012914298000000003
0.011559069000000002
0.012620586999999999
0.011393146
0.01107287
0.013333915999999998
0.012105725999999999
0.012932341
0.010966055000000002
0.012594189
0.013752643
0.010640955999999998
0.012995265999999998
0.013435578999999998
0.011139934999999998
0.01394404
0.010367395
0.012880805
0.013644247
0.013235966
0.010277674
0.011616408999999998
0.011863272
0.012960326
0.011943770999999999
0.013901641
0.013932662
0.01583362
0.010274138
0.012551135000000001
0.012225189000000001
0.012079169
0.009729330000000001
0.014579339
0.012698928
0.011857062
0.01254801
0.012347766
0.013915819
0.012898925
0.011810065
0.010265147000000002
0.012534757
0.011703162
0.010477183
0.011648943
0.011226824
0.015221028000000003
0.012802582
0.012693273000000001
0.013754292
0.012490695999999999
0.011713541000000001
0.014607243
0.013583188000000001
0.011150029999999998
0.013677407999999999
0.013309669
0.010257644
0.010178396999999999
0.012071550999999998
0.010276952
0.012939886
0.013236546
0.012023766
0.010196553
0.014963988999999999
0.009899933999999999
0.012546400000000001
0.011915844
0.011041812000000002
0.011911278
0.012459687
0.009692311
0.013200714000000002
0.012703287
0.010471149
0.013713053
0.012277435
0.012914307
0.011983862
0.012633045999999998
0.011861876999999998
0.013212283
0.011944759999999999
0.012769448000000001
0.012208252999999999
0.013253190000000001
0.012129520000000001
0.012212906
0.013475734999999999
0.013901025000000001
0.012059134
0.01155947
0.012570428
0.012294605
0.011013063000000002
0.013015768
0.012493451
0.011958377000000001
0.011307693
0.011154939
0.011314321
0.012966749
0.011983131
0.012433622
0.010967921
0.010843863
0.011423703
0.012238684
0.013483056
0.012997071
0.010478511
0.012736615000000001
0.013092520000000002
0.012556422000000001
0.012518277
0.011569993
0.011258764000000001
0.013503426999999998
0.012716795
0.010887464
0.013227533999999999
0.012127954
0.013756479
0.012861797000000001
0.013109652999999999
0.012331331
0.012129921
0.012227781000000002
0.012570287999999999
0.013071598
0.012950528999999999
0.012641182999999999
0.011733195
0.014092647
0.012871543999999999
0.008967503000000002
0.011626356000000001
0.010944025999999999
0.012251124
0.01088391
0.013156576000000001
0.012248236999999999
0.011463604
0.010788477
0.01144728
0.01323359
0.010038542000000001
0.012716291000000001
0.012996792999999998
0.012830943
0.012108577
0.013097459
0.012939103
0.011804448
0.012498412000000002
0.013559565
0.011627601000000001
0.013164232000000001
0.013008224
0.012736642000000001
0.012052327
0.011834948
0.012825369999999999
0.011802116
0.012087588
0.012820716
0.011667334
0.013247196999999999
0.012274735000000002
0.011670499
0.01320244
0.012167683
0.013244344
0.012473786000000002
0.013482964
0.012936355
0.012239215000000001
0.01219971
0.013003054000000002
0.011068774
0.011992647
0.011827248
0.012355464000000002
0.013666201000000001
0.011869182
0.011260360999999998
0.013953198
0.011651632
0.011639577
0.012911352000000001
0.012340665
0.011474194
0.013408555
0.013705487
0.009800447000000002
0.013564551999999999
0.011182629999999999
0.010421152000000001
0.012202283999999999
0.012350427
0.013193472
0.011297331
0.012453892999999999
0.013485100000000002
0.009854116
0.012962657999999998
0.012121735
0.012088080999999999
0.013945595
0.012365890999999999
0.013482306999999999
0.012919860000000002
0.012477419
0.011008253999999999
0.013010959
0.011477182999999998
0.011283999
0.011503387999999998
0.01191116
0.01199838
0.011643849
0.013438903
0.010119745999999999
0.012073416
0.012600842
0.012117158000000001
0.009824230999999998
0.012529801
0.012491628
0.010771435
0.01355236
0.012991054000000002
0.010452942000000002
0.012072550000000001
0.013375782
0.013177451000000001
0.010848136
0.011567107
0.012390394
0.012033279999999999
0.012269716
0.013815243
0.013227194999999999
0.011962472
0.012360579000000002
0.011659294
0.011724943000000002
0.011609371999999998
0.012201174
0.010087192000000002
0.011373251000000001
0.013494220999999999
0.012760411999999999
0.011804172
0.012089065999999999
0.012354391
0.013975103999999999
0.011913827
0.011135099999999998
0.012911045
0.010880681
0.012318472
0.012155396000000002
0.010881301999999999
0.010585836
0.013421085999999999
0.013209248000000002
0.010618704999999999
0.012726300999999999
0.011879568
0.012163392000000002
0.012069568
0.012851079999999997
0.011776454
0.011679379
0.010048435000000001
0.011130415
0.013339714
0.010679596
0.012576566999999999
0.014192498000000001
0.012280712999999999
0.011740362999999998
0.013602983
0.012838749
0.011775203000000001
0.012409419000000001
0.010719055
0.010553129999999999
0.012838865000000001
0.012015450999999998
0.010311293
0.010984836999999999
0.012504484
0.010627841
0.011480442
0.012088938999999998
0.012354057000000002
0.011831659999999999
0.013127120999999999
0.012362300999999997
0.012540836
0.013231109
0.012217154000000001
0.01374744
0.012006306999999999
0.013335114999999998
0.012840286
0.011542316
0.011309706
0.010409438000000002
0.012046825
0.012523749
0.010953892000000002
0.013796943
0.012092561000000002
0.012056286
0.013239866
0.010543563999999998
0.013035113000000001
0.011849238999999998
0.011728563
0.013351331
0.012899481
0.012904694
0.013336622
0.012971352999999998
0.014431672000000001
0.011110489000000001
0.011661023999999999
0.013038156
0.012367725000000001
0.010989523000000001
0.013799181
0.011622192000000002
0.013467848
0.011289993
0.012144403
0.011996165000000001
0.013447553
0.010159684
0.010583799000000001
0.012457177000000002
0.011576164000000002
0.011051675
0.01103482
0.013072127
0.010647491
0.011612062
0.011957892000000001
0.012135044000000001
0.011750219000000003
0.011916266
0.013178674
0.015582881999999998
0.013307478
0.013530236000000001
0.010293441
0.011491036000000001
0.013637857
0.011430119
0.013040758
0.014582369
0.012786465000000002
0.011671055
0.01232159
0.013612876000000001
0.013067133
0.012008959999999999
0.0105406
0.013299232
0.012824183999999999
0.01057863
0.013861215999999999
0.01274424
0.012829324999999999
0.012549024999999998
0.013161533000000001
0.012310795
0.01425032
0.010963345
0.013120648
0.013095706
0.014753135
0.010718504
0.010914077
0.012606267
0.011339934000000001
0.011899721
0.012625075
0.011919507000000001
0.012229709000000002
0.010281964000000001
0.012011619000000003
0.013232364
0.011814971
0.012701254999999998
0.014485732
0.010991474000000001
0.011185830999999999
0.012809213999999998
0.012724197
0.014059293
0.011186630999999999
0.012523566
0.011308173999999999
0.012851678000000002
0.012726761
0.013084577000000002
0.012091579000000002
0.012132068999999999
0.011655123
0.011685748
0.010022197
0.013498842
0.010954999000000002
0.012664779000000001
0.016429724
0.011791687
0.011487743000000002
0.010640739
0.012120886999999999
0.011822496
0.012936456999999998
0.012423482000000001
0.011676645000000001
0.012676994
0.011889362
0.013919754999999999
0.013708478999999999
0.011843136999999998
0.011094615
0.012391849000000002
0.011543890000000001
0.011214087
0.011534985000000001
0.012932793
0.011846949999999998
0.01359871
0.013283858999999999
0.012783677000000002
0.011641752999999998
0.013891959
0.012694089
0.012251821999999999
0.012143330999999999
0.012989824
0.012432401
0.010543451
0.011944495
0.011505961000000002
0.012580841
0.012568848
0.011219825
0.011894720999999999
0.01345112
0.012390632000000002
0.011484991
0.014083760999999998
0.010995202999999999
0.010770387000000001
0.012637257999999998
0.012777539999999999
0.011556064999999999
0.014350716000000001
0.011868724
0.013212326
0.014038215
0.010474351000000002
0.011630281000000003
0.012983265
0.012222127
0.010745395000000001
0.012891367999999999
0.010764747
0.009834994
0.013512215999999999
0.011930221999999999
0.012866069
0.01260346
0.010001476999999998
0.010161942000000002
0.013770376
0.011409928000000001
0.010954292
0.011054803000000002
0.013719717000000001
0.01065523
0.013375958
0.012648729
0.012014654
0.014351545
0.012547801999999999
0.010019881999999999
0.012717505
0.011140048999999999
0.010762161
0.012485089
0.011620718
0.010808538999999999
0.014146494999999999
0.010060167
0.011863229000000001
0.012179822
0.01278185
0.011457946
0.012069155
0.012923654000000001
0.011842641
0.010755944
0.012047909
0.012202936
0.014374356
0.013050947000000002
0.0124464
0.01344271
0.012246640999999999
0.013111659999999999
0.011938808
0.013482513000000002
0.013431198000000002
0.012203629
0.011205
0.013821147
0.012065383
0.011306705999999998
0.012492190999999998
0.011704893
0.010657826
0.012292177
0.011516558
0.011887782
0.013809277999999998
0.011658441
0.010288779000000001
0.013789923999999999
0.013570059
0.011866271000000001
0.013872680000000002
0.011008548
0.012092590999999998
0.011236603
0.011625602
0.01289423
0.013683206
0.012611772
0.009908397
0.013340878000000002
0.012889689
0.012145737
0.013610747
0.013293422000000001
0.012138122999999999
0.015354056
0.010748249999999999
0.012718469999999999
0.013388898
0.013375158
0.011743309
0.012064006
0.012454093
0.010888928
0.012185831
0.013589883
0.012224152
0.013052167000000002
0.012085484
0.012962639
0.014034502
0.012632721
0.012698270000000001
0.012323453000000002
0.013081240000000001
0.01207361
0.013075951
0.012975796
0.012509866000000001
0.012930162
0.012418089999999998
0.010703761999999999
0.010959803
0.011637563
0.013869094
0.010309171
0.012838002000000001
0.01398524
0.011524136
0.011700784000000002
0.014459543
0.012899672
0.013014441
0.016119634
0.011149824
0.012448962999999999
0.014929278999999998
0.010882165999999999
0.011308953999999998
0.012410957
0.012051799999999998
0.011248735000000001
0.013208218
0.013509484999999998
0.011618283
0.013108368
0.012149654
0.01079308
0.012063403000000002
0.010541044
0.011764594000000001
0.013884473000000001
0.010891475999999999
0.010931844000000001
0.013582734999999999
0.010865152
0.011765219
0.012067306
0.011039274
0.012693226
0.012936557
0.011076861
0.010628309999999998
0.014248478
0.012567011
0.011086408
0.011801059999999999
0.013707351
0.013217006
0.012954093
0.012489694999999999
0.011513981
0.013956467
0.011151867999999999
0.010380412000000002
0.012006323
0.012740472
0.012287619
0.014360622
0.01219243
0.013657839
0.012008781000000001
0.013092023
0.010494882
0.012330705999999999
0.011762215
0.011802727
0.011573113999999999
0.013090797000000001
0.013874266
0.012083631999999999
0.012948005
0.014865852
0.012190441
0.011493025
0.013039886
0.012311902
0.011289585999999999
0.013537457
0.010855453999999999
0.010063959
0.012739927
0.010874482000000001
0.012255536000000001
0.012762817
0.012869549
0.010880685000000001
0.011568804999999998
0.012782246999999998
0.012800117
0.010545227
0.012762021
0.01508748
0.011302141
0.011400987
0.013759782
0.012004132
0.012064342
0.014274065
0.01306024
0.012515914999999999
0.012629033
0.012856082
0.012172549
0.013408446000000001
0.012459315000000002
0.010150405
0.012878577
0.013266307
0.012007172
0.013263589000000001
0.01348135
0.012464072
0.013005672000000001
0.011631714999999999
0.012594194000000001
0.013052161
0.011334753000000001
0.012165721000000001
0.012344687
0.012061810999999999
0.013418339
0.011181487
0.012920843
0.013388369
0.011610703
0.010761429999999999
0.011620463999999999
0.013100180999999999
0.01180545
0.013150779000000001
0.012599405
0.013434795999999999
0.011523886
0.012009724999999999
0.012471485
0.013951891000000001
0.011774378
0.012457986
0.013110976999999998
0.012221914
0.011031206
0.010474042000000001
0.014094279
0.014268003999999997
0.011198404
0.012509314999999998
0.012630655999999999
0.011582078
0.013013405999999998
0.013367175
0.012023301
0.010170872000000001
0.011636385
0.012667808999999999
0.013213700000000002
0.012945843
0.010088950999999999
0.010601581
0.013117242000000001
0.011787648000000001
0.013017791
0.013327949999999998
0.011109574000000002
0.013350316000000001
0.011767295
0.011656618
0.011883622000000002
0.013612392000000003
0.013056185
0.014193102999999999
0.010500494999999999
0.012839535
0.011223149
0.013031639000000001
0.012783267
0.011370362
0.011045898
0.012201859999999998
0.012512560999999998
0.010126693
0.012725874999999998
0.011778431999999998
0.011223945
0.012512157
0.013171846
0.01176398
0.01207357
0.012783353999999999
0.010647405999999998
0.011390220999999997
0.012881946
0.012987081
0.012716649000000002
0.011784899000000001
0.011428920999999998
0.013048473
0.011913634
0.012226932000000001
0.012328697999999999
0.014552781
0.010693633999999999
0.012650279999999998
0.012913047
0.011032454
0.011988181999999998
0.010410178
0.010603768
0.011178360000000002
0.010567111
0.012136040999999998
0.012294559
0.010868005
0.011492351999999999
0.011121185
0.012851733
0.011993156
0.012796975
0.0129811
0.012908018000000002
0.012703587999999998
0.012284245999999999
0.010723926
0.014274993
0.013416052000000001
0.009919691000000001
0.01278983
0.012305624000000001
0.012024768
0.01072411
0.011427726
0.011588164000000003
0.013221644
0.010707353999999999
0.01013505
0.013177468999999999
0.012558292
0.01107739
0.011139143999999998
0.012577725
0.012945207
0.011965786
0.012401546000000001
0.013559092
0.013479576
0.012918144999999999
0.013630955
0.015714614000000002
0.012607766
0.010608858999999998
0.012013253
0.011805485000000001
0.012536882000000001
0.012037387
0.012032773
0.012748615
0.010655968
0.012872768
0.011501139
0.012509306999999999
0.013802499999999999
0.012756415
0.012091761
0.013262196999999998
0.011830815
0.01055887
0.012786481999999998
0.011669798
0.012642716
0.012253603
0.012784543
0.011315451
0.013102706000000002
0.011486225000000001
0.012561736
0.012197270000000001
0.012427739
0.011971162999999998
0.013501587999999998
0.012650395000000002
0.011754813
0.011670499
0.012998782
0.014093205000000003
0.012144739000000002
0.012313691000000002
0.016699131
0.012889146
0.012268239
0.012767589
0.012240576000000001
0.014518548000000001
0.013592818
0.011931083000000002
0.009745136
0.012554738
0.012164422999999999
0.010831269000000001
0.01359366
0.012853453
0.012254588000000002
0.013604114
0.01283663
0.010667264
0.011971933
0.013263577999999998
0.011811534
0.013396744
0.012854840999999999
0.011723042
0.012531738
0.013869343
0.011652087
0.013026492
0.010494484000000002
0.013387099
0.013783123
0.012871786
0.011384334999999997
0.011431743999999999
0.014325103
0.014624261000000001
0.010842545
0.013213777
0.014253223
0.009758261
0.013381859000000001
0.012947759
0.011388134
0.012716408
0.011949864
0.011558503
0.011454428999999999
0.013222674999999998
0.01117852
0.011645202999999998
0.014374048
0.013192039000000001
0.011236609
0.013558632000000001
0.013601025000000003
0.012869681000000001
0.011965977999999999
0.013877497999999997
0.012756186000000001
0.010305073
0.01058678
0.012936719999999999
0.013367562
0.012519149
0.011488542000000001
0.011706529999999998
0.013808601
0.012559877
0.012950590000000001
0.013953934999999999
0.012920612
0.010915846
0.013336345
0.011809865
0.011792905000000001
0.012568452
0.013593151
0.012174589999999999
0.014281214999999998
0.012068129
0.011470928
0.01324966
0.011934901000000001
0.010689495
0.011780784
0.013478094000000001
0.012617726
0.012631317
0.015463478
0.012278623
0.012193568
0.013213121999999999
0.013990748
0.012693058
0.01169081
0.011522117
0.012605929
0.010103392
0.012357467
0.012696022999999999
0.013230978000000003
0.014118302999999999
0.01214998
0.010634563
0.012458523
0.013526863999999998
0.009379082000000002
0.011117957
0.013895166
0.011598612000000001
0.012315194
0.013436147999999998
0.010554058
0.014824844
0.012443885
0.011305058
0.013047838999999999
0.012559058
0.011514261000000001
0.013710632
0.011889041000000001
0.012457258999999998
0.011879909000000003
0.013694225999999999
0.013044047
0.011716577999999998
0.01126644
0.017229102000000003
0.013351515
0.013434289
0.015549997
0.011325303000000002
0.013298940000000002
0.014730512
0.011438748
0.011525399
0.014323898
0.013222398
0.012649480999999997
0.011059721
0.014582031
0.01149598
0.012013620999999999
0.012979018999999998
0.011372769000000001
0.013650424000000001
0.012400275
0.010210134999999999
0.017517959999999996
0.012981812000000002
0.013878408
0.014588241999999998
0.013453534999999999
0.015935863
0.013300514000000001
0.013070672999999998
0.011638172000000002
0.014560243
0.015165795999999999
0.012516619
0.013677678999999998
0.013518457000000001
0.011639179
0.01509337
0.013205970000000003
0.012396024000000002
0.013437959000000001
0.011192539000000001
0.016755224
0.017281632999999998
0.012699577000000002
0.013578929
0.012166379
0.015557035
0.014517428999999998
0.013067775
0.014145354000000002
0.012562162
0.011158559000000002
0.012953186
0.014931114999999998
0.013206336999999999
0.012895478
0.017312323
0.012783499999999998
0.013004685
0.011845226000000002
0.013934288
0.016546044999999995
0.011752433999999999
0.013410036
0.012773356
0.010826728000000002
0.014288804999999998
0.017724997
0.011512902
0.013758453
0.015567177
0.010408214
0.016462240000000003
0.013622015999999999
0.011976582999999999
0.013935589000000002
0.013157297
0.012697261
0.012452697000000002
0.012800042999999999
0.011083384
0.014707919
0.012861296999999999
0.012527172
0.013324777
0.013808833
0.017962596999999997
0.012686371
0.015686173
0.011402369
0.013134144
0.017735833
0.014999106999999998
0.014953794000000001
0.013884857999999998
0.010379795
0.012136440999999998
0.015384397
0.01353216
0.011984430999999999
0.013316882
0.014174835999999998
0.014386000999999999
0.013208369
0.011795512
0.013601781
0.012849296000000001
0.016689999000000004
0.012448774000000001
0.012823501
0.014657281000000001
0.014484909
0.012066375
0.014377372999999997
0.01310129
0.011522846
0.011545825000000001
0.015568755
0.011332991000000002
0.011104323999999999
0.012898206999999998
0.013120192
0.016682818
0.012861883
0.014088829
0.013356046
0.013149605
0.014602008999999999
0.012769156
0.011862813000000002
0.012052677000000001
0.012623523
0.012414371
0.01346028
0.013164826
0.011717659
0.018164963
0.015931607
0.014204928
0.012950954
0.011947186
0.018580959999999997
0.01406065
0.012770227
0.011958829999999998
0.014494036999999998
0.011124469
0.016639264999999997
0.012739127000000001
0.013248935
0.010552384
0.017839714
0.014480499
0.012802227
0.013251744
0.011977523
0.012437372
0.01448772
0.012852526
0.012118286
0.017357016
0.010677911000000002
0.013345524999999999
0.01167319
0.012107771
0.012311012999999999
0.017817834999999997
0.012448836000000001
0.014624323
0.013307048
0.013960726
0.014939962
0.015307428
0.011251418
0.012766076999999999
0.010964026
0.013610102999999998
0.012503654000000001
0.014642451999999999
0.011273394999999999
0.012531322000000001
0.015248768
0.013194050999999998
0.012466812
0.012836029
0.013579935000000001
0.012747522
0.013324636
0.012406431
0.012080765
0.013062783
0.012955527000000001
0.015149889999999997
0.011816366000000002
0.011739084
0.013809855999999999
0.014177398
0.015652031
0.013034336
0.011956053
0.012426273
0.018951113
0.012923855000000001
0.014018788
0.012400981
0.011963773
0.015915524000000004
0.013460334
0.013366514999999999
0.014818158
0.013294073
0.013778532000000001
0.012773612000000002
0.012506071
0.011973258
0.012166994
0.013394867999999999
0.012106545000000002
0.010656482
0.012300707000000003
0.011297203
0.012535894
0.01251162
0.010461149
0.01222335
0.014484982
0.011258095
0.009345042
0.012459137
0.012280742
0.012118329999999998
0.012516510000000002
0.013417528
0.011801873999999999
0.011596891000000002
0.012786787
0.012139800000000001
0.011605550000000001
0.013008501999999998
0.011064146000000002
0.011428207
0.013555122999999999
0.011839996
0.012814519
0.013501576999999999
0.012315479
0.011506517
0.013452183
0.014676992
0.012913915000000002
0.013448759
0.012358125000000001
0.013740663
0.012878197000000001
0.010801454
0.012097688999999998
0.012370721000000001
0.014533296000000001
0.013078128000000001
0.011031081
0.012137211
0.013696583000000002
0.01096946
0.013830302999999999
0.013479345
0.011596717000000001
0.011067339999999998
0.011978263
0.011124679
0.011869003000000001
0.012347256000000001
0.011009468
0.012936922
0.013858772
0.012592663
0.012966511
0.012593025
0.014173448
0.012416669
0.010991547999999999
0.013377901
0.014104681999999999
0.011485335000000001
0.012117703
0.012366919999999998
0.013405164
0.012055304
0.013752262000000001
0.011138383
0.012292859
0.012488955
0.012876962
0.010676055
0.013199757
0.011507018
0.013561351000000001
0.012186552
0.013038259
0.010776481
0.013760092
0.012897381
0.010838290999999998
0.01242805
0.013892611000000001
0.012995268
0.011305175
0.013123889000000001
0.012023843
0.013319266
0.013065471
0.013592688
0.010710492
0.013647493
0.013856027
0.011456268999999998
0.013911881
0.014696078
0.012697454999999998
0.012701678000000001
0.013235807
0.013766180999999999
0.012613888
0.014240513000000002
0.011648778
0.012277879
0.01222934
0.013207613
0.012350472
0.014392407000000001
0.013059932
0.013553126999999996
0.012733078000000004
0.011069485
0.013603828
0.010858023
0.012193335
0.014436076
0.011408212
0.010001683
0.013050793
0.013190894
0.011719682999999998
0.011914893999999999
0.012657079
0.011397623999999999
0.012957424
0.01283082
0.011141348
0.011278593
0.012768395
0.011013783999999999
0.012259427000000002
0.012374301
0.01233698
0.010894688
0.013154421000000001
0.012116528000000001
0.012036851
0.011307576999999997
0.012024752
0.010321496999999999
0.01367064
0.011016211
0.012120157
0.012699868
0.011328861
0.012383904
0.011468468
0.011394521
0.012161235999999999
0.013512972
0.013374506000000001
0.013065244
0.01158069
0.013148907000000001
0.013162560000000002
0.011722828000000001
0.011879367
0.011566655999999998
0.012332803
0.013532877
0.012187243
0.013316903000000001
0.01464778
0.013810144
0.010850161
0.013876478999999999
0.013814998
0.011724818
0.013800395
0.013258762
0.012229759
0.012428472999999999
0.012750486000000002
0.013075320000000001
0.011710244000000002
0.012902021999999999
0.012806802
0.011810505
0.012114997
0.013717477
0.010632719
0.012465434
0.011513647
0.0127291
0.012748711999999999
0.013700672
0.01328262
0.010463403
0.012548948999999998
0.01241092
0.012992652
0.012959046
0.013214517
0.011212107
0.011949729999999999
0.013373843
0.012652101
0.014149338000000001
0.012599695
0.011834349
0.012199867
0.012930641
0.012259485
0.012721879
0.012469072000000001
0.011005606
0.012211773
0.010703061000000002
0.010199271
0.012572479000000001
0.010892945
0.011966704000000002
0.01128171
0.013900189
0.010859572000000001
0.015706799
0.013843678999999998
0.012291906
0.011884678000000001
0.012501588
0.011534551999999997
0.013271304999999999
0.013285415999999998
0.010992884999999999
0.013436836
0.013514327
0.01091149
0.01139882
0.013974741
0.009549099
0.012171613
0.013221885999999999
0.013169479999999997
0.014245256999999997
0.011179963000000001
0.013943239000000001
0.012855191
0.011112102999999998
0.013983066
0.013688516999999999
0.011304941
0.011801497000000001
0.010873185
0.011884049
0.011654442
0.012567379000000002
0.010310695
0.013864851
0.012725800999999998
0.011080006
0.011454247
0.012678488000000002
0.012291486
0.014237467
0.012557442
0.011651347
0.014293843999999998
0.011329441999999999
0.012074424
0.013876534
0.014048591
0.011951143999999999
0.010620794
0.011332772999999999
0.012687849999999999
0.011021459
0.011188988
0.013254381999999999
0.012520099
0.013023934
0.013366842000000002
0.011414437000000001
0.013300444000000002
0.012823219000000002
0.013872161
0.010816441999999999
0.012234734999999998
0.011820988000000001
0.011134552
0.012028063
0.013116942
0.011660426000000002
0.011411508999999999
0.012904921
0.012153615000000001
0.014613520999999999
0.012315075000000002
0.012800247999999998
0.013371453
0.011391835000000001
0.011619573000000001
0.012469422
0.012340034
0.010034168
0.011654973999999999
0.013864919
0.011384461999999998
0.013090877999999999
0.012492429000000001
0.012875023
0.012745687
0.012070661
0.012953361
0.012520918
0.013650938000000001
0.012246289
0.010568191000000003
0.013293624
0.012303224
0.011895834
0.013436175
0.01366895
0.013530618
0.012180339
0.016226102
0.013505967
0.012484185
0.011891421
0.012868439000000002
0.013939255999999999
0.012961574000000002
0.014265983
0.012416518
0.012882835000000002
0.013033587
0.011227399
0.012525935
0.011116894999999998
0.011521078
0.010161277
0.013359632
0.01241078
0.011043142
0.013046052
0.01125334
0.010247793
0.012957008
0.013546897000000002
0.013819753
0.012332355999999997
0.011842589999999998
0.012958190999999999
0.012205695
0.012201805000000001
0.011243427
0.014915912
0.012528666999999999
0.012369622
0.012198229000000001
0.013432206999999998
0.012211524999999999
0.013172472000000001
0.011521361999999999
0.013265331
0.013488772
0.013392304
0.012095512999999999
0.013286748000000001
0.013439113999999999
0.013215273
0.00951123
0.013667399999999998
0.011249537999999998
0.01153206
0.013309607000000001
0.015965444999999998
0.011258335000000001
0.011774827
0.013078416999999998
0.013892250999999998
0.011709017999999998
0.011950771000000002
0.01271529
0.011417659
0.013135892
0.011245987999999998
0.012394376
0.011895584
0.013253461999999999
0.011965216
0.013307282
0.012407474000000002
0.013865023999999998
0.012412809
0.013295147
0.01221927
0.012571351
0.013507125000000002
0.012425028000000001
0.010666169
0.014060420999999998
0.012699032
0.0116383
0.011785925000000001
0.013643693000000002
0.011096499
0.011832515999999998
0.012017192
0.011308068
0.01167464
0.012465919
0.012976463
0.013060769
0.012781714000000001
0.013376060000000002
0.010536459
0.012076368
0.012907110999999999
0.012625895
0.010441661999999997
0.014468514
0.012757487999999999
0.010334463
0.012817021000000001
0.011314132
0.011183855000000003
0.011704131
0.01278333
0.011475737000000001
0.013165004000000001
0.01195128
0.011058047000000001
0.013503461
0.011341767
0.011506353
0.012833611999999998
0.013189586
0.014563158000000001
0.010375812000000002
0.01322874
0.012616375999999999
0.013071240999999999
0.013596161999999998
0.013660664000000001
0.012002747000000001
0.012232416
0.012778968
0.012183061999999998
0.012479592000000001
0.013406735999999999
0.012465918000000001
0.012254884
0.015191056
0.012412147
0.012667482
0.012413196999999999
0.010731928
0.01102676
0.011558347000000002
0.013397636999999999
0.010839934
0.011847568000000001
0.012383527
0.011340312999999998
0.011789724
0.012117371
0.011595960000000002
0.012576503999999999
0.012371393
0.010008646999999999
0.012545816
0.011611458000000002
0.013119341
0.013568031
0.013566534
0.01320487
0.014676373999999999
0.012316844000000002
0.012925076
0.010989762
0.015883986
0.01220465
0.012059637
0.01382966
0.013146798000000001
0.010906343
0.012520792999999999
0.012775259
0.010277558000000003
0.012005487
0.011564139000000001
0.012572185000000001
0.01009449
0.012701283
0.012054263999999999
0.013370188000000002
0.013008386999999998
0.01352922
0.013216357999999997
0.01375411
0.013601429
0.013235390000000001
0.011302823
0.012920408
0.012764578
0.013759790000000001
0.012267637
0.014080078
0.013744136
0.012259107
0.012324054
0.014458961999999999
0.010297530000000001
0.0128038
0.012591634
0.012116026
0.011031681
0.010169072
0.011759757999999999
0.013039055999999999
0.013749182
0.011488037999999999
0.012659696
0.012136701
0.010334621999999998
0.011113323000000001
0.013355191
0.011141849
0.012916979
0.014539894000000001
0.013215716
0.012009307
0.009695426000000002
0.011752635
0.010348662
0.012607045
0.012549353
0.011560276
0.011250042
0.013483082
0.01184056
0.013114187000000001
0.013890358
0.011121052000000001
0.011143465
0.0125547
0.011335202999999999
0.011566027999999999
0.011907845
0.012721955
0.011694368999999998
0.012008030000000001
0.012946538
0.010878879
0.013603269999999999
0.013373376
0.010385567
0.012821735
0.014002427999999999
0.011903627
0.013422521999999997
0.013314394000000002
0.012607634000000003
0.012470295
0.011796349000000001
0.012709077
0.012600124
0.011945682000000001
0.010944967
0.013411851999999998
0.012612496999999999
0.011476827999999998
0.014178073
0.014025095999999997
0.012906456
0.014881975999999998
0.011968570999999999
0.010950669000000001
0.01266107
0.008800358000000001
0.011675343999999999
0.010734375
0.012182918
0.013721789
0.011823846
0.010506502
0.012635642
0.012039658
0.012074619000000002
0.011476443999999999
0.012475773999999999
0.010388325
0.015734475
0.011813374
0.013419935000000001
0.012818837999999999
0.011556199999999999
0.012598917000000001
0.012155467
0.014093025999999998
0.012460336999999998
0.011805871
0.013076296999999999
0.012249894999999998
0.010620043
0.012272172999999999
0.013307508
0.011773117000000001
0.011816976
0.01343148
0.010544286
0.013291614
0.013338220000000001
0.010433510000000002
0.013971273
0.013811415999999998
0.011725279999999998
0.013378650999999998
0.014699062
0.011555113
0.013046681999999999
0.013244219
0.011275377000000001
0.010169263000000001
0.012716316
0.013197475
0.012296721
0.013486626
0.013831404
0.010827502
0.013307736000000002
0.012861062000000003
0.011166098000000001
0.01731607
0.010373677999999999
0.012187554
0.013177688
0.013676504999999999
0.013051197
0.011645642000000001
0.012037233
0.012538295
0.012602468
0.011747408
0.012964002
0.012758439
0.012195209999999998
0.009631658000000001
0.012364069
0.011777007999999999
0.011474662000000002
0.013670586000000002
0.012161278
0.012414947000000003
0.013826006
0.011810880000000001
0.012765319000000002
0.014229697
0.011303332999999999
0.012099545
0.012948508999999999
0.012581455
0.010948179
0.013773944
0.011621435
0.01248341
0.011477837000000001
0.011613946
0.012509562999999998
0.014071386
0.01159785
0.012177834
0.012998849000000002
0.018240373999999997
0.010912
0.013501984
0.011948850000000002
0.011653987999999999
0.011741502
0.011305659
0.01237993
0.012348241000000001
0.011517972000000001
0.011525891
0.011274032
0.011995777999999999
0.011753642
0.012346193
0.012631663000000001
0.012220528
0.012394853
0.013353271
0.012466319
0.012615758000000001
0.012340801
0.012011839
0.01397377
0.013038117
0.012278902000000001
0.012185878
0.012447245999999999
0.013868249000000001
0.011451202
0.011120057999999999
0.013321148999999997
0.013434404
0.012277552
0.011672369000000002
0.011367994
0.012241536
0.01216238
0.01389669
0.009380695000000001
0.011014118
0.013778623
0.011479741
0.013561971
0.01336375
0.011100490999999999
0.012187088
0.016043285
0.011749406000000002
0.012351135999999999
0.011918756
0.013991398
0.013738743
0.012200775
0.012089514999999999
0.01327167
0.011915910999999998
0.012903149
0.012573591999999998
0.012096377
0.012888237
0.013070502
0.009992861
0.011622648999999999
0.013629545000000002
0.009383030999999998
0.013487541000000002
0.013259531
0.013512234
0.012910223
0.013910153
0.011293966999999999
0.012831861
0.010422987000000002
0.010132222000000001
0.011991513999999998
0.013903581000000002
0.01073091
0.013750144
0.013355378000000003
0.010123891000000001
0.013217259
0.011462066
0.013112277000000002
0.013396944000000001
0.011326777
0.012056516
0.011041633999999998
0.010005053
0.011800878
0.011734056999999999
0.012920229
0.009302559
0.011636454000000001
0.011382277
0.012902814
0.012357902
0.012798275000000001
0.011704283
0.012081147
0.013711138
0.012079811
0.012905418000000004
0.011447315999999999
0.013488935
0.014326622
0.011052675
0.009724167000000002
0.014221155
0.012031667999999999
0.013828618999999999
0.012955668
0.012320357
0.012617155
0.012172367
0.013085969999999999
0.012687436
0.011557167999999998
0.013305825999999998
0.013959171
0.011089590000000002
0.012367310999999997
0.012254868999999998
0.011311131999999998
0.011111123
0.01240549
0.010534834
0.012794347000000001
0.013490593999999998
0.011587123
0.01239243
0.01322808
0.01188923
0.012453111
0.012882610999999999
0.01199677
0.011813745
0.013321286
0.012852229
0.011995637
0.012269808
0.011087640999999999
0.012883209
0.014022211000000001
0.013040149
0.011467532
0.013979678
0.012694468
0.013198762
0.013579706000000002
0.008937862
0.012013504999999999
0.012508658
0.010805392999999998
0.010879617
0.011883870000000001
0.014002501999999998
0.011554012
0.015159309
0.011517566000000002
0.012642118999999999
0.012095533999999998
0.011926746
0.012547284999999998
0.013754728999999999
0.011565798999999998
0.012539197999999998
0.013750662
0.011988355
0.012628437
0.012195201
0.009206727
0.012916306999999998
0.013290871999999999
0.009845891
0.011678933
0.014360441
0.008857134
0.011884482000000002
0.011616578
0.013473832000000002
0.011025683
0.013338766999999998
0.013111428999999999
0.010455418000000001
0.011452647
0.013157479
0.012015274999999999
0.013982765000000001
0.011130304
0.012174816000000001
0.013915971999999999
0.014655669999999999
0.010105605
0.012481902
0.013291739
0.011563988
0.011897965999999998
0.013949099999999999
0.0115279
0.013347599
0.012205892
0.011425856000000002
0.013424919
0.014380032000000001
0.013497982000000002
0.012388438000000002
0.011770471000000001
0.021469569999999997
0.012613814000000001
0.008709747
0.013698419
0.010998324000000002
0.011070642999999998
0.012846248
0.012448868
0.011720278
0.012970856
0.011284183
0.013998393999999997
0.01259425
0.013932966
0.012673584
0.013506727
0.012985713
0.010441374
0.012364958
0.012686343000000001
0.011515815
0.011136281
0.013469825000000001
0.012157936
0.013625703
0.012365851
0.010058054
0.013322808
0.012545389
0.012968944
0.011357459999999998
0.012747655
0.015282845000000003
0.0103656
0.012472252999999999
0.011942449
0.012245334000000002
0.011551574
0.010595941
0.010981842
0.012346092999999999
0.01300897
0.013924944
0.012055493000000002
0.012174061
0.011909481999999999
0.011571424999999998
0.012855661999999999
0.01006504
0.012417786
0.011619213
0.011827997
0.013060008
0.012954253999999998
0.011810703999999998
0.010829279000000002
0.012582548
0.011849051000000001
0.013365362
0.014646744
0.011821666
0.013943884
0.013105955
0.009060717999999999
0.009030324000000001
0.012595558
0.011908641000000001
0.011162944000000001
0.013554164
0.013118918
0.011096262
0.012364030000000002
0.013408666
0.012988889
0.011467605999999998
0.011010742
0.012894698
0.012610179000000001
0.013512615
0.012578274999999998
0.011081319999999999
0.017063885
0.012739267
0.010429420999999998
0.01380876
0.012548879
0.011863738
0.011173894
0.012104308999999999
0.010417023
0.012553913
0.012970623
0.012843586
0.016295048
0.012544598999999998
0.012996952
0.011967686999999998
0.011834393
0.012294260000000001
0.012039634
0.013646813
0.014698317999999998
0.010271674
0.011687818999999999
0.012636217000000002
0.012150032999999998
0.013308843
0.012547204999999999
0.01207616
0.011691744999999998
0.013574662
0.011695901
0.011819828000000001
0.01122215
0.011364384
0.011716697
0.012379189
0.011874476
0.013031354000000002
0.011959214000000001
0.012110981
0.013810112
0.012108718
0.010561569000000002
0.011464734999999998
0.009531564
0.014653264
0.014114366000000001
0.011242963
0.012040918000000001
0.013674250000000002
0.010557579000000001
0.01512321
0.013252358999999998
0.011693265999999999
0.011890826999999998
0.012805767999999999
0.011762717999999998
0.011809665
0.011218024
0.011461685999999999
0.012202192999999998
0.011553286
0.010305153
0.014112904999999999
0.012948797
0.010093275
0.012746958000000001
0.014542441
0.009962848
0.01174663
0.010558939
0.014780498
0.013278959
0.013808448999999999
0.009885353999999999
0.015426724
0.011317893
0.012880708999999999
0.013885249
0.011207495000000001
0.013504958
0.012967486999999998
0.014546561
0.011247401
0.011810855999999998
0.013183299
0.009430614
0.013031880999999999
0.012469251000000002
0.013327705
0.010573684
0.013056182
0.011709082999999999
0.013580034
0.011461764
0.011169457999999998
0.010795497000000001
0.01249881
0.012934095
0.013580156
0.011917448999999998
0.010820537
0.013946794999999998
0.012544055
0.011938887
0.010716305999999998
0.010392829
0.012898398000000002
0.012505750999999999
0.011088716
0.013971988
0.011987108
0.011289829999999999
0.013536689
0.014545842000000002
0.010904325999999999
0.011571331
0.012951704999999999
0.011432175999999999
0.013146586
0.011733233000000003
0.012422208999999997
0.014403210999999999
0.009956904
0.013220756
0.012640300999999998
0.013300103
0.010214840999999999
0.012479206
0.012933792000000001
0.012250078000000001
0.011819739
0.013010795
0.012250547000000002
0.013040867
0.011756903999999999
0.012796157
0.012762830999999999
0.013452154000000001
0.011133645
0.010889129
0.011967756000000001
0.011847849
0.012059958
0.012097584999999998
0.011193451999999998
0.013740461
0.012312542
0.014506666000000001
0.014297338
0.011554187
0.011349112
0.013265083
0.013259761
0.011468969999999998
0.011242952
0.012811588
0.012355609
0.012634798000000001
0.011076305
0.0138335
0.012604874
0.013364107
0.012861148999999999
0.010798829000000001
0.012393402000000001
0.014249736000000002
0.01040691
0.011353900000000002
0.013700795999999998
0.010861649000000001
0.010908313000000001
0.012126518
0.013231223
0.011111890999999999
0.011416484
0.01177962
0.013557145999999999
0.016350378
0.011122009
0.01323001
0.013705368
0.013459719999999998
0.009903987
0.012743194999999999
0.012450936
0.011669877
0.012294258
0.010913803
0.009717711
0.01212803
0.013367517
0.012101811
0.01241551
0.013113646000000001
0.012142463999999999
0.012958166000000002
0.012903785
0.014322682
0.010889140000000002
0.011640423
0.011902437
0.012420328
0.010711265
0.012489679
0.013790115
0.011826607000000001
0.010990773
0.013162379000000002
0.012037250999999999
0.011974406
0.013092145
0.010313121
0.012124711000000002
0.015693795
0.010943165
0.013124873
0.014846734
0.010753262
0.010236740999999999
0.012046821999999999
0.013615538
0.014402776
0.010341441
0.011827896000000001
0.013632260999999998
0.010546257000000002
0.01161955
0.015462285999999999
0.013186575999999998
0.012101571
0.013601596
0.012438391
0.013070998
0.01253595
0.010639436
0.010864888
0.013238753
0.011564179
0.013839224999999998
0.015715205
0.014054832
0.010257891
0.012770225000000001
0.012222923999999998
0.012853976000000001
0.012794425000000002
0.013392608
0.014787784
0.011741610999999999
0.015943195
0.011486818
0.010203938000000001
0.012908384999999998
0.014159164999999998
0.011629041
0.012634381
0.013593341
0.011127538
0.011204544000000002
0.012614587
0.01101793
0.012579038999999998
0.011916131
0.010896923999999999
0.012405773999999998
0.01369964
0.012827736
0.010828149999999998
0.011932106
0.011252647000000001
0.015404744
0.012995273
0.011974765
0.014165545000000002
0.012436118999999999
0.010940851000000001
0.011647010000000001
0.011896147
0.012816652
0.012907159
0.014094727
0.013113493000000002
0.012444239
0.012067317999999999
0.013016659000000002
0.012941478999999999
0.013077038
0.012960433
0.011880385
0.01115816
0.012762016000000003
0.010603841999999999
0.012446944000000001
0.011619995
0.013447528
0.015376016999999999
0.012259697
0.012222559
0.012897328999999999
0.013371070000000002
0.010652146
0.0123574
0.012941324
0.009206578
0.012158331
0.012840855
0.010399357000000001
0.012059582
0.010252128
0.011266512
0.011693150999999999
0.012247259000000002
0.013198954
0.013229812000000002
0.0106596
0.012912877
0.010858103
0.011989379000000001
0.012622406
0.013723022
0.011163451999999999
0.013005224000000001
0.013334714999999999
0.010811066
0.011133626000000002
0.012479109
0.014596343999999999
0.010195870000000001
0.01227226
0.012022014
0.013155964999999999
0.013056255000000001
0.012356026999999999
0.010904972
0.011964961999999999
0.012414801999999999
0.010998280999999999
0.015939836000000002
0.011373408
0.011237190000000001
0.013051973
0.017481301999999997
0.011044242999999999
0.012157952000000001
0.011796993
0.011821309
0.0166762
0.015072353
0.013171914000000002
0.012806322
0.011806421000000001
0.013599843
0.014002704
0.014088318999999998
0.012378741
0.014013739
0.013675299
0.016624749999999997
0.012072622
0.012559932
0.013580769000000001
0.014305499000000001
0.014129817000000001
0.013019376
0.011314807999999999
0.012313367000000002
0.017916532
0.012182766
0.014632533999999999
0.011587885
0.012931418
0.014630826999999999
0.013327317000000002
0.011692944
0.012250325999999999
0.013606927999999999
0.015855682
0.011315121000000001
0.011385081
0.010610000999999999
0.011270974
0.015389429999999999
0.012993916
0.010827224
0.012017314
0.013115926
0.014001848
0.015167407999999999
0.012607396
0.012612132
0.014300564000000002
0.014547388
0.014429387
0.013356950999999999
0.011040831000000001
0.012820214
0.020110816999999996
0.012986912
0.011673516
0.011674168999999998
0.016878652999999997
0.013921056999999999
0.012384153
0.012337686
0.013844825000000002
0.012143238999999998
0.015520731000000001
0.013609979
0.012918875000000002
0.015783779999999997
0.012264027
0.015777462
0.011448594000000001
0.013310536999999997
0.012867545999999999
0.010682723000000002
0.016492201999999997
0.014176322000000002
0.012494532
0.013940628
0.012957290000000002
0.014510317
0.012796953000000002
0.012142434999999998
0.011949332
0.013872669
0.016760686
0.013638662999999999
0.013209594000000002
0.013508281
0.012973192000000001
0.014918012999999999
0.012396315
0.012522752000000002
0.011413073
0.012642117
0.017661381
0.014162014999999998
0.010877079000000001
0.01289095
0.012246633
0.016946773
0.014050654
0.01346755
0.012755506000000002
0.013612991999999999
0.013410738
0.013747602
0.012855976000000002
0.013893443
0.013135774000000001
0.014512073
0.014166665
0.014671545000000001
0.012726145000000001
0.011768141
0.015950815
0.012847274
0.012553336000000003
0.014257745000000002
0.013716036
0.013419612000000001
0.013245703000000001
0.013460672
0.012126561999999999
0.011923623999999999
0.013373008
0.013433665000000001
0.012321148
0.013647659000000001
0.013366938
0.016732723
0.012373018999999999
0.011856954999999999
0.011237352
0.013092828
0.016243531999999998
0.013431146
0.011296273
0.012856331
0.013011027
0.011716985000000001
0.019556887999999998
0.013606806
0.014275007000000001
0.012051326999999999
0.014981105
0.01307044
0.013978695
0.011921556000000002
0.011491588
0.013563098000000003
0.014137814
0.013291720000000002
0.012117677
0.013367373999999998
0.013388554
0.013931606000000001
0.012824718
0.012256392000000001
0.012173452000000001
0.013468954
0.013340109000000001
0.012680572000000001
0.011932775000000003
0.012156326
0.012905022000000002
0.015718701
0.014358099
0.013011547
0.011108679
0.011613527
0.016579969
0.011655597
0.012504298
0.014227800000000002
0.013205011000000001
0.017354214
0.011533535999999999
0.011479914
0.014083407999999999
0.012054460999999999
0.01468271
0.013371237999999999
0.011934919
0.01145038
0.012712855999999998
0.011537919999999998
0.011838234000000001
0.012606392000000001
0.014146586000000001
0.010802242
0.017154085000000003
0.013167284999999999
0.014787543
0.010580749000000002
0.011836146
0.014282369
0.011417343
0.011260358
0.011298528
0.011861952
0.016444066
0.014831546000000001
0.013430850000000001
0.01382401
0.011023674
0.011368133
0.012682732999999998
0.013183779
0.012244745
0.011653268000000001
0.01312519
0.013750513999999998
0.012629123999999999
0.010732387000000001
0.013612009
0.013653717
0.012322208000000001
0.01429705
0.013021457
0.012020178
0.011483137000000001
0.012376927
0.013511764000000002
0.013306195
0.010479390000000002
0.013448233
0.011842111
0.009822046999999999
0.012544011999999998
0.0148031
0.010439118
0.012346838
0.012549458
0.010338565999999999
0.01024629
0.014165686
0.013280012
0.011390191000000001
0.013148819999999999
0.011912473000000002
0.011234751000000001
0.012581651999999999
0.01035581
0.01218717
0.01332573
0.010596271999999999
0.010688890999999999
0.012561939
0.012966221
0.012133889
0.013729141999999998
0.010591385999999998
0.011580496000000001
0.011845631
0.024355372
0.012808126
0.012633596
0.013371586000000001
0.014321317
0.013567641
0.012879854000000001
0.009555678
0.010884385
0.018145141
0.012852889
0.011574728000000001
0.012956168
0.013479855
0.010372067999999998
0.011763105
0.010554047
0.012621029999999998
0.011400335000000001
0.012741745000000002
0.012474696
0.010484376
0.010837099
0.012226288000000002
0.010777680999999999
0.011826414
0.011548733
0.012898047999999999
0.011277938999999997
0.011716997
0.013300326999999999
0.011103171
0.011696997
0.012744262000000001
0.009594126
0.012696333999999998
0.012074983000000001
0.011037779000000001
0.012488041
0.012906546999999999
0.010614309
0.013535362
0.014368591000000002
0.013797039
0.012315133
0.012456507999999998
0.013496807000000001
0.012786259999999999
0.010188678
0.010895529000000001
0.011007385999999997
0.010837421000000002
0.011470331
0.013308711
0.014071542999999999
0.013309963000000001
0.012267712999999998
0.01203452
0.011093601
0.012353994
0.011806658999999999
0.012552323
0.011761243
0.011415211
0.013660964000000001
0.011700173
0.011622578
0.013539222000000002
0.012158366
0.011231875
0.013165395
0.011716425999999999
0.012058659999999999
0.012305858000000001
0.012409893
0.010311625000000001
0.013494232
0.011187679999999998
0.009423575000000002
0.013015509
0.011455062000000002
0.011303865
0.011048151
0.012870493
0.012219384
0.011607093
0.012549158
0.009694233
0.01115805
0.012960861
0.010944596000000001
0.013849596
0.012482796
0.010359137999999999
0.011490161
0.011738201
0.010920538
0.012864702
0.012176036
0.012705793000000002
0.011956648
0.013521821
0.010371136000000001
0.013699801000000001
0.013498359000000001
0.011060286999999999
0.012581417000000001
0.013744557000000001
0.011053912000000003
0.011719760999999999
0.011922022999999999
0.011922738999999998
0.012823626999999999
0.013516068
0.010040216000000001
0.012718074999999999
0.012516967
0.014058019
0.013863587
0.014264807000000001
0.012327877999999999
0.011348609999999999
0.01222779
0.009896469000000001
0.012865658
0.013607552000000002
0.012197354
0.010917455
0.013104514999999999
0.012685689000000002
0.011433693
0.010850673999999998
0.013087693000000001
0.011433829000000001
0.012072582
0.012414347999999999
0.013333264
0.009765300000000003
0.013765870999999999
0.012438506
0.010220005999999998
0.010729847
0.012731829000000002
0.011893591
0.014383549999999998
0.010356776
0.013195342999999998
0.012959784
0.013077421
0.013423959
0.011628225
0.012792105
0.011931507
0.012192953
0.013053452
0.012333281
0.012408526
0.012229101000000001
0.013935849
0.012211846
0.012866455
0.012872051999999998
0.012196039999999998
0.012749002
0.011644267000000002
0.012644593
0.013327120999999999
0.01339666
0.012051321
0.010777237
0.01273488
0.012802547
0.012298129
0.012101797999999999
0.013774455
0.012572638
0.011582933999999998
0.011854966000000002
0.011555094
0.013681996999999998
0.015663932999999998
0.010497306
0.014285810000000001
0.013932726999999999
0.010498490000000001
0.013621663
0.012071796000000001
0.00995798
0.011625304
0.014132032000000001
0.012204407000000002
0.012390601
0.013645521
0.013280157
0.012768789000000001
0.011428902000000001
0.012461441
0.012358916999999999
0.014853261
0.011255409999999999
0.01369086
0.011901377
0.012296531000000003
0.013197999
0.014166341000000002
0.009726919
0.012180928
0.013603018
0.012788375
0.011808767
0.013207775
0.011072460000000001
0.010858424000000002
0.011949535
0.011521443999999999
0.012675013
0.01458557
0.010907684
0.010474883
0.011943451
0.010825596
0.013380234999999999
0.012586632
0.011290118
0.012702858000000003
0.01214021
0.011376169
0.013335967999999998
0.013779114000000002
0.012403995999999999
0.012558698
0.012325530999999999
0.011691795
0.010850204
0.012896298999999998
0.012161928000000002
0.010180824000000002
0.011504696
0.010852510000000001
0.011153115
0.012079837000000001
0.01139461
0.012038065
0.011062928
0.013407345
0.011887693000000001
0.012347571
0.012166072
0.012564349
0.012868884
0.012122744
0.011494385
0.011757889999999998
0.013408855
0.011228537
0.011151905000000002
0.013287245000000001
0.011512693
0.013380166999999998
0.010998848
0.011710382
0.012978332
0.013103017
0.011852570000000002
0.010018271
0.013320437
0.010849718000000001
0.012960336
0.013446193
0.012308892
0.011244048999999999
0.013224933000000001
0.011135519
0.012346487000000001
0.013802778000000002
0.012688409000000001
0.010251172
0.011201948
0.012722222000000002
0.009663193
0.011974042
0.012133034
0.012672463
0.012899257
0.01097215
0.010537374999999998
0.012800799
0.015027244
0.010431704
0.011723944000000002
0.0102779
0.012785577999999999
0.013303275000000002
0.012396833
0.011237951999999999
0.013515811999999999
0.011548556
0.010498925000000003
0.013279853000000001
0.012398973999999998
0.01131746
0.013011647
0.010229423999999999
0.011584884
0.011594442
0.012545990000000002
0.012613470000000002
0.012786754
0.012600445000000002
0.010078575999999997
0.013280897000000002
0.011424945
0.010637667
0.011403303000000002
0.012939488
0.014379768000000001
0.012746301000000002
0.011806018
0.012957373
0.012053155
0.012196198
0.012126591
0.01187998
0.010493136
0.010903661
0.013129989
0.010743584999999998
0.012542099
0.012479677
0.013380189
0.013375795
0.010653377
0.010455014000000002
0.012760852999999999
0.012206983000000001
0.010677810999999999
0.013624115000000001
0.012765018
0.012951538
0.010491535
0.01310133
0.012740247000000001
0.013099636000000003
0.012671526999999998
0.012662679
0.014026948000000001
0.013438480999999999
0.011213044
0.01323114
0.012978827999999998
0.011285452999999999
0.011056343000000001
0.013288357
0.012437998
0.014096759
0.013132378
0.012311263999999999
0.013533556
0.013779637
0.011391934000000001
0.012355093
0.013505468
0.010663437000000001
0.010384256
0.013027082
0.01210631
0.010789429
0.014397716000000001
0.008990099
0.010632599
0.011545694999999998
0.010149090999999999
0.011841012
0.012105842000000002
0.012655478000000001
0.010901892
0.012909605999999999
0.012645294000000001
0.011866774000000002
0.012818467
0.012594625
0.011634494
0.012302571
0.013250616
0.012572574
0.011888045
0.010560238999999999
0.012833734000000001
0.011996653000000001
0.01204239
0.014182064
0.012965223
0.011963494000000002
0.010960576000000001
0.012117059999999999
0.012022396999999999
0.010654779
0.01291709
0.012564724000000001
0.010727180999999999
0.011146324
0.012896678
0.011903635000000001
0.012539218
0.011430514000000001
0.013714797999999999
0.012592071
0.01177198
0.013182277999999999
0.010782333000000002
0.012003904999999999
0.010656018
0.011506825
0.013395136999999998
0.012412523
0.012080247000000002
0.012108517000000001
0.013186873
0.012726432999999999
0.01096111
0.012455049
0.013306463999999999
0.010462076
0.01200451
0.012370784999999999
0.015955165
0.011090617
0.012525027
0.010264282000000001
0.011190641
0.013249201
0.014733405
0.011903867999999998
0.012446172000000002
0.011459367999999998
0.011652406
0.012350675999999998
0.011272626000000003
0.011767091
0.011341499000000001
0.011976869000000001
0.010986051000000002
0.011734577999999999
0.012960096
0.012926687000000001
0.012166121000000002
0.011303000999999998
0.014142558999999999
0.012336006
0.012483833
0.011944327000000001
0.012758714999999999
0.011769562999999999
0.012288662000000002
0.012370886999999999
0.011147684
0.012248663
0.012809409
0.012017928
0.011731555999999999
0.012003055000000002
0.012103896999999999
0.011741938
0.012893601000000001
0.012419122999999999
0.011858734
0.013424742000000002
0.011608088999999999
0.010742985
0.012452041
0.010719435
0.010509475
0.013232416
0.012150579
0.01067475
0.016914101
0.011560017
0.013065103
0.012163434
0.011691894000000001
0.012455986
0.012465500000000001
0.011654387
0.011583139
0.011938674
0.011539638999999999
0.011224152999999999
0.013218852000000001
0.011894188
0.01131028
0.011368124999999998
0.012959516
0.011923327000000001
0.012141101999999999
0.012076034000000001
0.011669417
0.011949846
0.012313027999999998
0.011121302
0.012546676
0.011779109
0.010902794
0.012610132000000001
0.012930885999999999
0.012753925000000001
0.000342953
8.1023e-05
