0.000011093
0.000377106
0.000062827
0.000074880
0.000427371
0.000777639
0.000714913
0.000647113
0.000370502
0.000438422
0.001424551
0.000982404
0.000741780
0.000477821
0.000493407
0.002914071
0.000771761
0.000533462
0.000568748
0.000471652
0.002227008
0.000586152
0.000630379
0.000945389
0.000475228
0.000456095
0.000957608
0.000965714
0.002154350
0.000493884
0.001838088
0.004209042
0.000588775
0.000923276
0.000976086
0.000966907
0.001366735
0.000587463
0.000609159
0.000455260
0.000556469
0.000358343
0.001371741
0.001045346
0.000313401
0.002599359
0.001131892
0.000442743
0.000853777
0.000561714
0.000497818
0.000600100
0.000893831
0.000494242
0.000710726
0.000991583
0.000599861
0.002399683
0.000519276
0.000948668
0.000755072
0.000598669
0.004575729
0.000475168
0.000554800
0.003733397
0.000882149
0.000432730
0.000422239
0.000507355
0.000467300
0.000430584
0.001855612
0.000747442
0.000969410
0.000541687
0.000547409
0.000579834
0.000801802
0.000530243
0.001906157
0.000519514
0.000473022
0.000905514
0.000658035
0.004578590
0.000578880
0.000991344
0.000565767
0.000558376
0.000431061
0.000584364
0.000495911
0.000487089
0.000528097
0.000684261
0.000570297
0.000416517
0.000941992
0.000929356
0.000957727
0.000468016
0.002377987
0.000575066
0.000444651
0.000524521
0.000549793
0.004325867
0.000985146
0.000473976
0.000724316
0.002170086
0.000526905
0.000882626
0.000617504
0.000706673
0.001192093
0.003326416
0.000644684
0.001385689
0.000620842
0.002392292
0.000497341
0.001026630
0.002053261
0.004872322
0.000834465
0.000452518
0.000440121
0.004529953
0.000877857
0.000483513
0.006011486
0.000574112
0.000383854
0.004542351
0.000905037
0.000956535
0.000985622
0.000481606
0.004959583
0.000453949
0.000941753
0.000911236
0.000475883
0.000504494
0.000542641
0.000488758
0.000424862
0.000558376
0.002293587
0.001317024
0.000642300
0.004848957
0.000767231
0.000556469
0.001576900
0.002992630
0.000457287
0.003450871
0.000749111
0.003864765
0.001471996
0.000881195
0.000438213
0.000461102
0.000583172
0.000547886
0.000435829
0.001018047
0.000462532
0.000629902
0.001409531
0.000634193
0.001019001
0.002117634
0.002038002
0.000480652
0.000587463
0.000427246
0.000416756
0.000797749
0.000731468
0.000435829
0.003069878
0.000556946
0.001043320
0.000458241
0.000592709
0.004967690
0.003990173
0.000468254
0.001558304
0.003404617
0.000612259
0.000822067
0.000575066
0.005025864
0.000519753
0.000999451
0.002735138
0.000616074
0.004288673
0.005033493
0.000940323
0.000906944
0.000630379
0.000550270
0.000717163
0.000886917
0.000545502
0.000437737
0.003854752
0.000514984
0.000513077
0.000814438
0.003679276
0.001419067
0.000642776
0.000965118
0.002570152
0.000951767
0.001012802
0.000903130
0.003043175
0.002008438
0.004549026
0.000460625
0.000407219
0.004895210
0.000425339
0.002718925
0.000641823
0.004532814
0.000929832
0.000488281
0.000402451
0.000449181
0.000373840
0.003047943
0.000515938
0.000787735
0.000465393
0.000745773
0.004867554
0.001472473
0.000552177
0.000945091
0.000597000
0.000380516
0.000915527
0.001024246
0.000560760
0.000530243
0.000794411
0.000462532
0.000457764
0.000899315
0.000370026
0.000418663
0.001101494
0.004795074
0.000789642
0.000561714
0.000545502
0.000574112
0.000714302
0.000948906
0.002598763
0.000528336
0.003210068
0.000910759
0.002183914
0.005042076
0.004901886
0.004984856
0.000473022
0.000558853
0.000997543
0.001006126
0.001935959
0.000676155
0.003521919
0.000955582
0.000568390
0.001892090
0.000936508
0.002099991
0.000544548
0.004961014
0.000837326
0.000796318
0.000858307
0.000515938
0.000702858
0.004131317
0.000576973
0.000553131
0.000497818
0.000670433
0.003927231
0.002193451
0.005435944
0.000944138
0.004135132
0.000453949
0.000481606
0.001008987
0.000520706
0.000392914
0.000864983
0.003625870
0.005435944
0.001604080
0.001517296
0.000622749
0.000499725
0.000914574
0.001061440
0.000458717
0.000533104
0.000688553
0.000594139
0.001136780
0.002399445
0.002535820
0.000798225
0.002388954
0.000706673
0.000598907
0.000423431
0.000541687
0.000392914
0.000570297
0.001008034
0.000473022
0.000543594
0.000844002
0.000928879
0.000723839
0.000908852
0.000545502
0.000504494
0.000941277
0.003605843
0.004384041
0.003608704
0.000488281
0.000509262
0.000423431
0.002418518
0.000576019
0.000964165
0.001971245
0.002661705
0.004763603
0.000453949
0.000473022
0.001094818
0.002755165
0.000838280
0.000712395
0.000700951
0.000549316
0.000494957
0.000468254
0.000876427
0.000623703
0.002603531
0.000867844
0.000630379
0.004955292
0.000831604
0.000516891
0.000535965
0.003127098
0.000521660
0.000456810
0.001071930
0.000646591
0.000435829
0.001512527
0.004981995
0.000858307
0.000954628
0.000818253
0.000785828
0.000499725
0.001901627
0.000726700
0.000829697
0.000486374
0.000490189
0.000444412
0.000988007
0.000484467
0.000915527
0.001392365
0.000762939
0.000469208
0.000926971
0.000478745
0.000820160
0.000980377
0.000797272
0.000610352
0.000537872
0.000568390
0.002771378
0.002662659
0.000520706
0.000505447
0.000976562
0.000768661
0.000753403
0.000579834
0.001150131
0.000453949
0.000505447
0.000898361
0.002115250
0.001010895
0.002569199
0.002691269
0.000984192
0.000730515
0.003822327
0.000600815
0.002143860
0.003360748
0.000761032
0.000545502
0.002061844
0.000505447
0.000827789
0.000598907
0.000942230
0.001537323
0.000726700
0.000841141
0.004066467
0.000932693
0.000978470
0.001791000
0.000555038
0.000400543
0.004873276
0.000457764
0.000419617
0.002004623
0.000495911
0.000766754
0.001007080
0.002157211
0.000444412
0.001626968
0.000549316
0.000579834
0.002244949
0.001340866
0.000947952
0.001014709
0.001506805
0.000471115
0.000572205
0.000892639
0.004110336
0.000606537
0.005023956
0.000486374
0.001085281
0.001422882
0.000453949
0.003753662
0.000444412
0.001445770
0.000503540
0.000391006
0.004726410
0.000843048
0.003936768
0.000585556
0.000955582
0.000684738
0.000448227
0.000471115
0.000967026
0.000598907
0.000480652
0.004882812
0.000440598
0.003234863
0.000474930
0.004882812
0.000438690
0.000473022
0.000732422
0.000518799
0.001228333
0.000867844
0.000595093
0.000972748
0.000904083
0.000425339
0.004356384
0.000951767
0.004026413
0.000457764
0.000564575
0.000797272
0.000513077
0.000919342
0.000549316
0.001642227
0.000904083
0.000581741
0.001070023
0.000432968
0.000932693
0.000944138
0.000453949
0.000511169
0.000471115
0.001003265
0.000961304
0.000556946
0.000923157
0.000865936
0.000566483
0.000459671
0.000789642
0.003330231
0.000480652
0.000879288
0.000940323
0.000461578
0.000368118
0.004365921
0.000917435
0.000616074
0.001087189
0.000516891
0.000930786
0.000518799
0.003280640
0.003631592
0.002061844
0.002048492
0.000509262
0.004241943
0.000616074
0.000850677
0.001369476
0.003232956
0.000757217
0.000471115
0.000478745
0.005506516
0.000635147
0.000415802
0.000823975
0.000549316
0.000970840
0.000644684
0.002252579
0.000537872
0.000652313
0.000850677
0.000967026
0.000425339
0.001150131
0.000522614
0.000417709
0.001445770
0.000446320
0.001037598
0.002830505
0.004384995
0.000518799
0.000457764
0.000961304
0.000459671
0.003217697
0.006002426
0.000862122
0.003627777
0.000436783
0.000482559
0.001352310
0.000844955
0.000629425
0.001939774
0.003028870
0.000997543
0.000574112
0.004909515
0.005134583
0.000537872
0.001626968
0.000497818
0.000535965
0.000558853
0.000429153
0.000625610
0.004278183
0.001220703
0.000434875
0.004085541
0.001003265
0.004915237
0.004743576
0.000469208
0.000501633
0.000469208
0.000438690
0.000375748
0.000503540
0.002811432
0.000984192
0.000614166
0.003917694
0.000534058
0.000465393
0.000495911
0.000614166
0.003210068
0.000524521
0.000471115
0.001419067
0.000394821
0.001771927
0.000429153
0.000423431
0.003635406
0.000780106
0.000539780
0.001005173
0.000499725
0.000989914
0.000415802
0.003210068
0.000972748
0.000705719
0.004327774
0.000801086
0.001077652
0.004222870
0.000543594
0.002023697
0.003572464
0.000867844
0.003288269
0.000537872
0.000547409
0.000877380
0.000429153
0.000894547
0.000574112
0.000978470
0.001029968
0.000877380
0.000505447
0.000535965
0.000995636
0.000944138
0.000909805
0.000427246
0.000955582
0.000932693
0.001132965
0.000877380
0.000406265
0.000406265
0.000865936
0.000476837
0.005565643
0.000652313
0.000520706
0.004278183
0.000516891
0.000909805
0.000894547
0.001235962
0.000907898
0.000577927
0.000394821
0.000490189
0.003669739
0.000522614
0.002279282
0.000822067
0.000505447
0.001493454
0.000509262
0.000597000
0.000738144
0.001041412
0.001386642
0.001264572
0.003355026
0.000503540
0.003316879
0.000932693
0.000648499
0.005056381
0.000684738
0.003442764
0.001283646
0.000862122
0.004673004
0.000772476
0.000514984
0.000463486
0.000518799
0.003313065
0.000511169
0.000463486
0.000474930
0.001411438
0.000516891
0.000654221
0.000457764
0.000465393
0.000650406
0.000942230
0.004793167
0.000524521
0.000606537
0.000482559
0.000473022
0.002302170
0.000488281
0.000534058
0.001039505
0.001075745
0.002576828
0.005409241
0.000486374
0.000661850
0.000911713
0.000530243
0.000547409
0.000905991
0.000524521
0.000938416
0.001005173
0.000976562
0.001260757
0.000654221
0.002132416
0.000427246
0.000911713
0.000871658
0.000522614
0.000642776
0.000495911
0.002315521
0.000453949
0.000501633
0.002712250
0.000625610
0.002193451
0.000530243
0.000587463
0.000614166
0.000904083
0.000892639
0.002948761
0.000381470
0.003608704
0.004150391
0.002647400
0.000541687
0.000408173
0.001659393
0.000419617
0.000576019
0.002250671
0.000480652
0.001396179
0.000350952
0.002807617
0.004184723
0.003372192
0.000938416
0.004219055
0.000904083
0.000942230
0.004772186
0.001007080
0.002922058
0.004249573
0.003124237
0.000503540
0.000972748
0.000518799
0.000587463
0.000534058
0.000507355
0.000881195
0.000846863
0.000503540
0.000465393
0.005081177
0.002277374
0.000507355
0.000556946
0.001243591
0.004611969
0.000667572
0.004642487
0.000495911
0.000579834
0.001296997
0.000492096
0.000667572
0.002227783
0.000991821
0.000743866
0.000480652
0.002807617
0.000522614
0.000453949
0.000595093
0.000526428
0.000728607
0.000408173
0.000564575
0.000442505
0.001308441
0.000648499
0.001033783
0.000442505
0.000965118
0.000820160
0.000957489
0.004745483
0.000492096
0.001026154
0.002159119
0.003513336
0.001159668
0.000728607
0.003372192
0.002227783
0.000446320
0.000823975
0.001079559
0.002605438
0.000381470
0.000492096
0.000782013
0.000972748
0.003322601
0.002887726
0.003475189
0.000442505
0.000843048
0.004444122
0.000587463
0.000465393
0.000965118
0.003719330
0.000461578
0.000904083
0.000869751
0.000503540
0.000453949
0.000907898
0.002899170
0.000881195
0.000511169
0.000568390
0.002536774
0.000450134
0.001590729
0.000431061
0.000549316
0.001976013
0.000640869
0.000400543
0.003673553
0.000633240
0.003025055
0.000358582
0.000556946
0.001682281
0.000995636
0.001014709
0.001014709
0.001029968
0.000396729
0.001716614
0.003444672
0.003524780
0.003017426
0.000446320
0.000503540
0.000392914
0.001552582
0.001037598
0.000488281
0.000473022
0.002315521
0.000812531
0.000480652
0.000740051
0.003982544
0.000926971
0.000556946
0.000820160
0.000385284
0.004188538
0.003349304
0.000846863
0.000740051
0.000514984
0.000549316
0.000690460
0.000560760
0.000621796
0.000408173
0.003295898
0.004703522
0.004123688
0.003971100
0.000629425
0.001827240
0.004726410
0.002319336
0.000980377
0.002079010
0.005767822
0.000972748
0.001159668
0.003204346
0.001407623
0.001941681
0.003902435
0.003093719
0.000434875
0.000686646
0.000400543
0.004192352
0.000587463
0.000556946
0.004943848
0.000503540
0.000999451
0.000434875
0.000949860
0.002326965
0.000991821
0.000427246
0.001388550
0.004371643
0.000705719
0.002460480
0.000530243
0.001201630
0.000602722
0.000503540
0.004150391
0.000930786
0.000751495
0.001071930
0.000560760
0.000854492
0.000526428
0.000972748
0.004192352
0.000854492
0.000904083
0.001098633
0.004928589
0.005065918
0.000518799
0.000968933
0.000801086
0.000431061
0.000988007
0.002311707
0.000411987
0.000953674
0.000507355
0.000438690
0.000698090
0.004734039
0.000469208
0.000892639
0.000633240
0.004432678
0.000652313
0.000545502
0.003528595
0.002273560
0.002201080
0.000503540
0.004127502
0.001041412
0.004379272
0.000625610
0.000949860
0.000942230
0.000576019
0.000480652
0.000720978
0.000438690
0.000522614
0.000442505
0.003005981
0.004882812
0.000526428
0.003585815
0.000450134
0.002529144
0.000396729
0.000869751
0.001018524
0.004337311
0.003356934
0.003932953
0.000907898
0.000698090
0.000518799
0.004386902
0.000911713
0.000862122
0.000652313
0.000564575
0.003204346
0.000453949
0.000469208
0.001457214
0.000793457
0.000438690
0.002296448
0.000358582
0.000823975
0.001464844
0.000926971
0.000530243
0.000465393
0.001388550
0.000518799
0.000865936
0.001316071
0.001403809
0.000930786
0.000484467
0.001453400
0.000560760
0.000888824
0.000480652
0.004051208
0.001186371
0.000980377
0.000514984
0.000419617
0.000556946
0.001628876
0.000923157
0.000648499
0.000484467
0.002044678
0.002925873
0.004814148
0.003471375
0.000476837
0.000881195
0.000366211
0.003368378
0.001010895
0.000396729
0.000953674
0.000503540
0.002220154
0.000843048
0.004409790
0.000984192
0.000507355
0.000461578
0.000949860
0.000938416
0.001007080
0.000469208
0.003452301
0.000488281
0.000701904
0.001022339
0.000949860
0.000434875
0.000415802
0.000633240
0.000606537
0.000862122
0.000743866
0.001110077
0.000789642
0.000885010
0.000499725
0.000823975
0.000988007
0.000804901
0.001003265
0.000408173
0.000453949
0.000484467
0.003658295
0.000480652
0.000995636
0.000434875
0.000591278
0.001583099
0.000961304
0.000934601
0.000526428
0.000625610
0.004699707
0.000961304
0.000648499
0.001419067
0.000968933
0.000705719
0.000778198
0.000698090
0.004203796
0.002330780
0.003177643
0.005195618
0.000923157
0.002250671
0.005027771
0.001548767
0.001247406
0.000789642
0.001338959
0.001007080
0.000965118
0.000564575
0.000785828
0.001167297
0.001010895
0.000888824
0.000396729
0.004821777
0.002708435
0.000499725
0.001068115
0.000373840
0.002590179
0.000888824
0.000461578
0.001064301
0.000530243
0.004673004
0.001033783
0.004390717
0.005138397
0.000473022
0.000888824
0.003177643
0.000972748
0.000629425
0.002716064
0.000854492
0.000362396
0.000507355
0.000522614
0.000629425
0.000564575
0.000938416
0.000385284
0.000980377
0.000465393
0.000556946
0.000488281
0.000381470
0.001163483
0.000762939
0.003650665
0.004436493
0.000747681
0.004604340
0.001426697
0.000823975
0.000484467
0.004447937
0.000347137
0.000381470
0.000576019
0.000480652
0.000682831
0.000514984
0.000877380
0.001750946
0.000904083
0.000556946
0.002742767
0.000946045
0.000469208
0.000492096
0.000740051
0.000713348
0.000419617
0.000885010
0.000480652
0.000442505
0.002487183
0.000503540
0.000614166
0.001899719
0.000457764
0.000598907
0.002513885
0.000988007
0.001529694
0.003849030
0.000579834
0.000679016
0.003864288
0.000469208
0.000400543
0.000408173
0.000877380
0.000495911
0.000488281
0.004909515
0.003089905
0.000473022
0.000484467
0.000492096
0.000591278
0.000789642
0.000823975
0.000976562
0.000492096
0.000480652
0.000701904
0.000705719
0.001064301
0.004245758
0.000530243
0.000789642
0.000492096
0.000659943
0.003013611
0.002891541
0.001346588
0.000480652
0.000514984
0.002315521
0.004055023
0.003288269
0.000534058
0.000495911
0.000583649
0.002983093
0.000965118
0.000625610
0.000885010
0.000545502
0.000438690
0.000968933
0.000518799
0.001415253
0.000785828
0.000488281
0.000900269
0.000476837
0.001140594
0.005859375
0.000480652
0.001869202
0.000453949
0.000907898
0.004405975
0.003528595
0.003711700
0.000511169
0.000453949
0.004878998
0.000564575
0.000972748
0.005466461
0.001003265
0.000534058
0.002586365
0.000850677
0.003837585
0.000720978
0.000408173
0.000713348
0.000411987
0.000431061
0.001007080
0.000865936
0.000484467
0.000442505
0.000431061
0.000522614
0.000396729
0.000747681
0.000514984
0.003070831
0.000896454
0.000503540
0.000389099
0.003753662
0.000495911
0.001052856
0.000415802
0.003814697
0.000480652
0.000610352
0.002319336
0.000705719
0.003406525
0.000843048
0.000843048
0.002147675
0.000747681
0.000617981
0.000511169
0.003376007
0.000427246
0.000595093
0.002403259
0.001502991
0.000537872
0.000434875
0.004714966
0.000560760
0.005195618
0.000610352
0.000579834
0.000919342
0.003551483
0.000980377
0.000469208
0.001003265
0.000549316
0.000610352
0.004386902
0.000610352
0.001007080
0.000663757
0.000480652
0.000808716
0.000434875
0.002136230
0.003131866
0.003379822
0.000492096
0.000614166
0.002864838
0.002223969
0.000965118
0.000492096
0.000644684
0.000774384
0.000492096
0.004238129
0.000789642
0.000518799
0.000938416
0.004577637
0.003574371
0.000709534
0.003910065
0.000446320
0.000999451
0.001495361
0.005527496
0.000541687
0.002338409
0.000434875
0.000419617
0.001037598
0.001529694
0.004917145
0.000885010
0.000434875
0.000640869
0.001049042
0.000942230
0.000431061
0.001018524
0.005008698
0.000991821
0.004283905
0.000869751
0.004776001
0.000938416
0.002788544
0.000953674
0.002182007
0.000484467
0.000514984
0.002418518
0.000503540
0.000591278
0.000942230
0.001037598
0.001018524
0.000534058
0.000499725
0.000728607
0.000751495
0.000396729
0.001625061
0.000518799
0.000434875
0.001502991
0.001033783
0.001190186
0.001510620
0.000423431
0.002357483
0.000457764
0.004188538
0.000957489
0.000949860
0.000888824
0.001144409
0.000411987
0.000965118
0.002208710
0.004558563
0.004714966
0.000663757
0.000492096
0.000473022
0.000988007
0.000537872
0.002456665
0.000617981
0.004386902
0.000984192
0.003459930
0.000621796
0.003295898
0.000930786
0.000949860
0.005142212
0.004104614
0.000717163
0.000858307
0.000755310
0.000518799
0.001338959
0.003391266
0.000431061
0.000949860
0.003833771
0.000976562
0.002559662
0.000885010
0.000919342
0.001010895
0.002002716
0.003681183
0.000446320
0.000511169
0.002014160
0.004112244
0.000488281
0.003314972
0.000488281
0.000808716
0.000507355
0.000511169
0.000476837
0.001895905
0.000488281
0.000560760
0.002246857
0.000904083
0.000415802
0.000411987
0.004932404
0.000988007
0.000514984
0.000610352
0.000598907
0.000961304
0.001045227
0.001102448
0.000556946
0.004878998
0.000469208
0.001586914
0.001358032
0.001434326
0.000518799
0.000530243
0.000499725
0.000419617
0.000564575
0.002407074
0.000591278
0.000457764
0.005077362
0.000659943
0.000904083
0.000453949
0.001129150
0.000518799
0.000751495
0.000560760
0.000568390
0.000686646
0.000385284
0.001018524
0.000518799
0.000587463
0.001358032
0.000518799
0.000389099
0.000450134
0.000419617
0.000434875
0.000488281
0.000907898
0.000526428
0.000503540
0.000419617
0.000411987
0.001052856
0.000473022
0.000434875
0.000778198
0.000480652
0.002426147
0.001754761
0.000549316
0.001976013
0.000671387
0.001579285
0.005058289
0.000389099
0.000495911
0.001022339
0.000541687
0.000762939
0.000488281
0.000511169
0.000831604
0.000541687
0.000526428
0.003005981
0.002578735
0.000923157
0.003479004
0.003448486
0.000961304
0.004203796
0.000480652
0.000831604
0.000434875
0.000640869
0.000648499
0.000549316
0.003868103
0.004936218
0.000442505
0.003585815
0.003578186
0.000495911
0.001022339
0.000862122
0.000518799
0.001113892
0.000473022
0.000801086
0.000549316
0.000854492
0.003135681
0.000778198
0.002189636
0.001411438
0.000534058
0.000488281
0.000946045
0.000465393
0.000473022
0.000526428
0.000564575
0.002723694
0.000701904
0.000511169
0.000404358
0.000724792
0.000511169
0.003372192
0.001129150
0.000572205
0.000473022
0.000465393
0.000892639
0.000503540
0.000526428
0.000938416
0.000839233
0.000991821
0.001014709
0.001457214
0.000701904
0.000572205
0.000999451
0.004966736
0.000587463
0.000328064
0.004585266
0.000610352
0.001007080
0.000404358
0.002761841
0.000686646
0.000846863
0.000869751
0.001396179
0.000373840
0.004402161
0.002555847
0.000999451
0.000549316
0.000740051
0.004882812
0.000984192
0.000480652
0.002746582
0.000373840
0.004684448
0.002677917
0.004470825
0.000495911
0.002830505
0.000495911
0.000564575
0.000885010
0.001380920
0.000473022
0.002502441
0.000793457
0.001083374
0.001808167
0.000625610
0.002288818
0.000938416
0.000541687
0.001670837
0.000434875
0.000495911
0.001464844
0.000526428
0.001068115
0.000465393
0.000480652
0.000953674
0.000625610
0.000503540
0.000923157
0.002143860
0.000442505
0.000488281
0.000823975
0.000549316
0.004203796
0.000373840
0.001007080
0.000366211
0.000488281
0.000419617
0.000785828
0.000419617
0.000495911
0.002044678
0.000648499
0.000495911
0.000755310
0.000640869
0.000450134
0.000534058
0.000404358
0.003044128
0.001998901
0.000427246
0.000404358
0.000709534
0.003746033
0.000465393
0.001075745
0.000732422
0.003738403
0.000740051
0.000938416
0.000984192
0.002311707
0.000473022
0.005111694
0.002052307
0.000587463
0.003334045
0.000465393
0.000907898
0.000473022
0.000839233
0.001037598
0.000671387
0.000930786
0.000900269
0.000572205
0.004768372
0.002212524
0.000984192
0.000617981
0.000564575
0.000747681
0.000503540
0.000968933
0.000755310
0.000816345
0.000640869
0.004501343
0.000495911
0.003166199
0.000793457
0.000854492
0.000465393
0.000617981
0.001029968
0.000534058
0.000427246
0.000511169
0.004913330
0.000411987
0.001014709
0.003631592
0.003128052
0.000511169
0.004966736
0.000473022
0.005088806
0.001068115
0.000495911
0.000572205
0.006813049
0.000389099
0.000488281
0.003204346
0.000518799
0.000518799
0.000526428
0.004127502
0.000740051
0.000442505
0.000648499
0.000991821
0.000984192
0.002525330
0.000724792
0.000625610
0.000534058
0.000549316
0.004661560
0.002525330
0.000419617
0.000457764
0.001037598
0.000846863
0.000534058
0.004562378
0.000640869
0.000671387
0.000526428
0.000755310
0.000679016
0.000869751
0.000862122
0.000457764
0.000587463
0.002693176
0.000366211
0.000511169
0.000488281
0.001937866
0.000480652
0.000480652
0.003250122
0.000785828
0.003379822
0.002082825
0.002365112
0.000915527
0.000465393
0.002723694
0.000381470
0.000442505
0.000915527
0.004508972
0.002029419
0.003692627
0.003211975
0.002815247
0.000610352
0.000785828
0.000976562
0.000877380
0.000900269
0.000595093
0.000549316
0.000991821
0.000938416
0.000793457
0.000495911
0.000930786
0.003158569
0.000839233
0.000473022
0.001747131
0.000587463
0.000854492
0.001945496
0.000381470
0.000907898
0.000740051
0.004859924
0.004249573
0.002250671
0.002220154
0.000564575
0.000907898
0.000465393
0.002861023
0.000892639
0.000640869
0.000366211
0.001098633
0.000953674
0.000801086
0.000549316
0.002571106
0.002098083
0.005264282
0.001708984
0.001014709
0.003707886
0.000457764
0.003013611
0.000923157
0.000999451
0.001022339
0.003944397
0.000846863
0.000747681
0.000610352
0.000488281
0.000610352
0.004051208
0.000625610
0.000495911
0.000511169
0.000518799
0.003334045
0.000572205
0.000434875
0.003479004
0.001571655
0.000915527
0.000579834
0.000602722
0.004165649
0.000808716
0.004249573
0.000587463
0.002037048
0.000541687
0.001831055
0.000503540
0.000999451
0.000518799
0.000541687
0.001655579
0.003410339
0.000564575
0.000518799
0.004959106
0.000511169
0.000816345
0.002906799
0.000656128
0.000663757
0.001312256
0.000534058
0.000862122
0.001007080
0.000427246
0.000549316
0.004997253
0.002929688
0.001686096
0.000915527
0.000465393
0.000762939
0.000480652
0.004661560
0.000854492
0.000434875
0.000686646
0.000923157
0.004867554
0.000450134
0.000381470
0.000518799
0.000465393
0.002258301
0.000862122
0.000511169
0.000747681
0.001014709
0.000389099
0.001617432
0.000709534
0.000549316
0.006652832
0.000663757
0.004196167
0.000526428
0.000457764
0.000862122
0.000457764
0.000457764
0.000366211
0.000549316
0.000511169
0.001037598
0.000534058
0.000556946
0.000434875
0.000961304
0.004371643
0.000656128
0.003089905
0.000625610
0.002792358
0.000961304
0.000656128
0.000907898
0.000610352
0.000534058
0.000556946
0.000450134
0.000556946
0.001098633
0.001449585
0.000579834
0.001037598
0.000976562
0.000755310
0.000984192
0.000717163
0.004325867
0.002037048
0.000465393
0.000526428
0.000762939
0.000740051
0.000663757
0.000976562
0.001800537
0.003585815
0.004333496
0.004631042
0.000617981
0.000915527
0.000556946
0.003898621
0.000503540
0.000450134
0.004867554
0.000396729
0.000549316
0.000801086
0.000358582
0.003074646
0.002319336
0.000549316
0.001022339
0.000511169
0.000534058
0.001274109
0.000823975
0.000923157
0.000785828
0.000335693
0.000816345
0.000526428
0.002265930
0.000991821
0.000465393
0.000923157
0.002609253
0.002769470
0.004287720
0.000457764
0.004531860
0.004127502
0.000488281
0.006179810
0.000572205
0.006858826
0.000534058
0.000610352
0.001846313
0.001083374
0.000579834
0.000778198
0.001556396
0.000511169
0.000465393
0.000991821
0.003189087
0.000503540
0.000480652
0.000854492
0.000831604
0.001052856
0.000396729
0.000541687
0.000923157
0.000694275
0.000656128
0.000617981
0.000465393
0.000617981
0.001213074
0.000564575
0.001388550
0.000465393
0.004928589
0.000503540
0.001617432
0.000946045
0.004196167
0.002838135
0.000892639
0.000503540
0.005104065
0.000907898
0.000396729
0.001922607
0.001800537
0.000793457
0.000938416
0.000961304
0.004348755
0.001670837
0.000770569
0.001022339
0.000488281
0.002525330
0.000961304
0.004806519
0.000572205
0.000511169
0.000427246
0.001022339
0.000488281
0.002693176
0.000450134
0.000442505
0.003089905
0.000465393
0.000679016
0.004112244
0.000457764
0.002532959
0.000831604
0.000671387
0.003204346
0.000740051
0.001762390
0.000503540
0.005935669
0.000602722
0.000473022
0.003242493
0.000556946
0.000450134
0.002700806
0.000640869
0.000602722
0.002960205
0.000534058
0.000572205
0.000732422
0.001029968
0.001174927
0.002952576
0.000427246
0.000480652
0.003074646
0.000518799
0.000404358
0.000015259
0.000000000
