0.000483799
0.000022507
0.000062827
0.000074880
0.000191617
0.005320488
0.005733814
0.005840525
0.004508987
0.004893377
0.005359888
0.003600329
0.004466563
0.004982129
0.005816430
0.005899042
0.003522649
0.004506946
0.005350322
0.005452663
0.003509611
0.004391611
0.005384803
0.005256981
0.005867809
0.004526556
0.003829718
0.004932314
0.005363554
0.003480524
0.003577113
0.004484177
0.004973590
0.005401790
0.005406499
0.006683886
0.005912721
0.005681038
0.003516972
0.004481375
0.005188942
0.005504966
0.005734563
0.003517747
0.004872203
0.005004823
0.005417347
0.005438864
0.005798042
0.005033731
0.004934311
0.005403578
0.004437149
0.003510892
0.004448354
0.004912913
0.004960060
0.003622293
0.003531814
0.005838752
0.004859805
0.004926205
0.004981637
0.005194664
0.005399942
0.005699039
0.005826235
0.003799558
0.003578067
0.004902601
0.004910231
0.004032135
0.004934072
0.005815625
0.004567981
0.005380750
0.005375147
0.004902482
0.004888535
0.003511548
0.005413055
0.005437851
0.003690362
0.005820751
0.004072547
0.004870415
0.004491448
0.004967809
0.003488064
0.005228996
0.005387187
0.003959894
0.003476024
0.004081368
0.004915595
0.004550338
0.005127549
0.005337000
0.005418062
0.005402684
0.003506541
0.004940987
0.004953980
0.004166245
0.004880071
0.005448222
0.005504847
0.005377769
0.004535675
0.005927324
0.003917933
0.004004717
0.005993843
0.004782438
0.003972054
0.003585100
0.003533840
0.003978968
0.004457235
0.005174160
0.005441904
0.003526211
0.004460096
0.003561497
0.004205227
0.005372047
0.005295515
0.003531694
0.003573895
0.003886938
0.004444361
0.004219532
0.004014492
0.005889893
0.004154682
0.005572081
0.005888700
0.004446745
0.003568649
0.004878759
0.004498482
0.005472183
0.005257845
0.003475666
0.005357981
0.004436016
0.003735542
0.003551960
0.004947662
0.003896475
0.004414558
0.004999638
0.004918575
0.004097939
0.005886793
0.005038261
0.005810261
0.003513575
0.004025936
0.003520727
0.004005671
0.005773544
0.003499746
0.004932880
0.003614902
0.005400658
0.005098343
0.005073547
0.005606413
0.004227638
0.005414486
0.003580332
0.005846977
0.004959822
0.005052567
0.005812407
0.005178213
0.004553080
0.004007816
0.005080223
0.004848003
0.004474163
0.005383015
0.005386353
0.004565477
0.005655050
0.004519701
0.003865719
0.005397797
0.004525185
0.004938364
0.005371571
0.004016161
0.004442215
0.004469872
0.004925728
0.004850864
0.005228519
0.005729675
0.005430460
0.005850315
0.004444122
0.003963947
0.003556013
0.004456997
0.004528522
0.004990101
0.005669117
0.003927708
0.004038811
0.004485607
0.005733967
0.005428791
0.004002094
0.004055023
0.004834652
0.004781246
0.005856514
0.003746986
0.004497051
0.004949093
0.005569935
0.005379200
0.003535748
0.004537582
0.006105423
0.003483772
0.003513813
0.004699230
0.004481792
0.005394936
0.004551888
0.004136562
0.003986835
0.003536224
0.005394936
0.005385399
0.004934788
0.005785942
0.005428314
0.005262852
0.005409241
0.004020691
0.004536152
0.004468441
0.005282879
0.005221367
0.005458355
0.003499508
0.004964352
0.004597664
0.005814075
0.005005360
0.004078865
0.003520966
0.003476143
0.004122257
0.005365849
0.003605366
0.004501343
0.005437851
0.005884647
0.005182266
0.005552769
0.005342007
0.005477905
0.003557682
0.005996227
0.004174709
0.005037785
0.005361080
0.004809856
0.003721237
0.004495621
0.004827499
0.005387306
0.004895687
0.003975868
0.003992558
0.004931927
0.003759861
0.004882812
0.003975868
0.005224228
0.006618023
0.004383564
0.003951550
0.004018784
0.004428387
0.004471779
0.003991127
0.003551006
0.004141808
0.004363537
0.003836632
0.004741669
0.003895283
0.004465580
0.004526615
0.005883217
0.005112171
0.003973484
0.005236626
0.003527641
0.003601551
0.003512859
0.003465652
0.004985809
0.004473686
0.004005432
0.004912853
0.005815029
0.005694866
0.003586769
0.005425930
0.003889561
0.004979134
0.005259514
0.003591061
0.003431797
0.003483772
0.004510880
0.004051685
0.005541801
0.004517555
0.003497124
0.004941940
0.003542423
0.008151054
0.004198551
0.005611897
0.006517887
0.004921913
0.003834248
0.005379677
0.005400181
0.005925179
0.005314350
0.005776882
0.004029751
0.003998280
0.005058289
0.005799770
0.003449917
0.005470276
0.005440712
0.005390644
0.005908012
0.005434513
0.005330563
0.005434036
0.004789829
0.005494595
0.005851269
0.005188465
0.005157948
0.008090019
0.005438328
0.004607677
0.003523350
0.004870892
0.004669666
0.004959583
0.005389214
0.004591942
0.003558636
0.004977703
0.003551960
0.003969193
0.004047871
0.005369663
0.004982948
0.005104065
0.004457474
0.005904198
0.003958702
0.005356789
0.005399227
0.005365849
0.005829334
0.005012989
0.005425453
0.004930973
0.004198551
0.004446030
0.004986763
0.004503727
0.005838871
0.003566265
0.005779743
0.004187107
0.003518105
0.004160404
0.004995823
0.004924774
0.005466938
0.005375862
0.004533768
0.003711224
0.004972458
0.004488468
0.003555775
0.005386353
0.005818844
0.005523682
0.003575325
0.003642082
0.004282951
0.005047798
0.005404472
0.005803108
0.005369186
0.003755569
0.004901886
0.003732681
0.003849030
0.004171371
0.003499031
0.005384445
0.005417824
0.004552841
0.005135536
0.004857063
0.005574226
0.005417824
0.004618645
0.003540039
0.004984856
0.006354332
0.003620148
0.004529953
0.004450798
0.003952980
0.005358696
0.005618095
0.005406380
0.004666328
0.005710602
0.005427361
0.005384445
0.005373955
0.005893707
0.003530502
0.004016876
0.004472733
0.003756523
0.005409241
0.004933357
0.005429268
0.003551483
0.004484177
0.003988266
0.005226135
0.004940987
0.005374908
0.005859375
0.003526688
0.003493309
0.003926277
0.005929947
0.005215645
0.003702164
0.005373955
0.005351067
0.005376816
0.005883217
0.005893707
0.003558159
0.004471779
0.004517555
0.005845070
0.005800247
0.005377769
0.004039764
0.005397797
0.004981041
0.004434586
0.004054070
0.005457878
0.005770683
0.004064560
0.003952026
0.004844666
0.005907059
0.003548622
0.004926682
0.004793167
0.004514694
0.004907608
0.005896568
0.004506111
0.004470825
0.005311966
0.004671097
0.006066322
0.003982544
0.003809929
0.003596306
0.004784584
0.004766464
0.004405975
0.003963470
0.004440308
0.005700111
0.004900932
0.005470276
0.004487991
0.004167557
0.004865646
0.004463196
0.004345894
0.005370140
0.003458023
0.004824638
0.004036903
0.004906654
0.005829811
0.003592491
0.004191399
0.004151344
0.003984451
0.004739761
0.003960609
0.004860878
0.005887985
0.003582954
0.004916191
0.003535271
0.004885674
0.003469467
0.004460335
0.004516602
0.005791664
0.005891800
0.004750252
0.004917145
0.003548622
0.003475189
0.003592491
0.004933357
0.005506516
0.005009651
0.005413055
0.003988266
0.004430771
0.005909920
0.004937172
0.004950523
0.005807877
0.005408287
0.005413055
0.005368233
0.003949165
0.004468918
0.004789352
0.003883362
0.004057884
0.003478050
0.004950523
0.004675865
0.004442215
0.004928589
0.004556656
0.005865097
0.004997253
0.004949570
0.005805016
0.004877090
0.005432129
0.005074501
0.005401611
0.005405426
0.005408287
0.005827904
0.005887985
0.005417824
0.005862236
0.003576279
0.004016876
0.005275726
0.003564835
0.003528595
0.004952431
0.004962921
0.004876137
0.003617287
0.003606796
0.004071236
0.004426003
0.004419327
0.004916191
0.004287720
0.005408287
0.004786491
0.005741119
0.003568649
0.003961563
0.005612373
0.005128860
0.003973961
0.005331993
0.003578186
0.004027367
0.004441261
0.004810333
0.005243301
0.003742218
0.005447388
0.004920006
0.004916191
0.003551483
0.005805969
0.004847527
0.005002975
0.003973007
0.004728317
0.005928993
0.005889893
0.003481865
0.003557205
0.004898071
0.004059792
0.005173683
0.004531860
0.005200386
0.004539490
0.004216194
0.003988266
0.004252434
0.003712654
0.005184174
0.004915237
0.005846977
0.003872871
0.003458023
0.004513741
0.005133629
0.004467964
0.004023552
0.007845879
0.003547668
0.005870819
0.003701210
0.003899574
0.005855560
0.004939079
0.004873276
0.005699158
0.004684448
0.003517151
0.004881859
0.003677368
0.005845070
0.005578995
0.005905151
0.003878593
0.006669044
0.004909515
0.004404068
0.005924225
0.003825188
0.004361153
0.004559517
0.004198074
0.003501892
0.003494263
0.005908966
0.003580093
0.005387306
0.005883217
0.003513336
0.004436493
0.005857468
0.004475594
0.003808975
0.004418373
0.004480362
0.004011154
0.005367279
0.005675316
0.003570557
0.003518105
0.005765915
0.008171082
0.003639221
0.004197121
0.003985405
0.005837440
0.004911423
0.006674767
0.005267143
0.004187584
0.005846977
0.004410744
0.003780365
0.005377769
0.006173134
0.005366325
0.004961014
0.004880905
0.003554344
0.003537178
0.004940987
0.005018234
0.005415916
0.005804062
0.004546165
0.004959106
0.003781319
0.004684448
0.004148483
0.004426003
0.004463196
0.004828453
0.005830765
0.005569458
0.004495621
0.004475594
0.005008698
0.005336761
0.005357742
0.004131317
0.004940033
0.004117966
0.004625320
0.004185677
0.005420685
0.004081726
0.005929947
0.005416870
0.004465103
0.005108833
0.005450249
0.005784988
0.004929543
0.004889488
0.005974770
0.005807877
0.005181313
0.004963875
0.003954887
0.005678177
0.003509521
0.004612923
0.003756523
0.004886627
0.004491806
0.004870415
0.003585815
0.003528595
0.004477501
0.005044937
0.005491257
0.003546715
0.005132675
0.006549835
0.004764557
0.005427361
0.004083633
0.005383492
0.005826950
0.005860329
0.005410194
0.005401611
0.005845070
0.003712654
0.004475594
0.003685951
0.004318237
0.004109383
0.006562233
0.004777908
0.003518105
0.005227089
0.005324364
0.005444527
0.003893852
0.004966736
0.006618500
0.004612923
0.004487038
0.005401611
0.003519058
0.005337715
0.005410194
0.005843163
0.004267693
0.004010201
0.005135536
0.005842209
0.005516052
0.005860329
0.005855560
0.003494263
0.005389214
0.004956245
0.005435944
0.005863190
0.005075455
0.005548477
0.005480766
0.003550529
0.005378723
0.005323410
0.004557610
0.004878998
0.005775452
0.005380630
0.005222321
0.003990173
0.004863739
0.005357742
0.004470825
0.004114151
0.005855560
0.005781174
0.006448746
0.004110336
0.004955292
0.005374908
0.003559113
0.003950119
0.005012512
0.004535675
0.003929138
0.005411148
0.004619598
0.005765915
0.005840302
0.005550385
0.004350662
0.004497528
0.005701065
0.003870010
0.004924774
0.004438400
0.003572464
0.005405426
0.004720688
0.005504608
0.003746033
0.004465103
0.004930496
0.003576279
0.003940582
0.004932404
0.004552841
0.005420685
0.003992081
0.005359650
0.005378723
0.005424500
0.004129410
0.004476547
0.003931046
0.004442215
0.004850388
0.004835129
0.006645203
0.005874634
0.003993988
0.005649567
0.005851746
0.004983902
0.004812241
0.005430222
0.005371094
0.003540039
0.005411148
0.004022598
0.004003525
0.004512787
0.005384445
0.005859375
0.004169464
0.004446030
0.004041672
0.004959106
0.005857468
0.005809784
0.003499985
0.004491806
0.003818512
0.004917145
0.005666733
0.005022049
0.004104614
0.003873825
0.005378723
0.003448486
0.004755020
0.003656387
0.003503799
0.005456924
0.003545761
0.005012512
0.005868912
0.005786896
0.004508972
0.005393982
0.004081726
0.004838943
0.005146027
0.004552841
0.005233765
0.004831314
0.006622314
0.005422592
0.004812241
0.005817413
0.006677628
0.003524780
0.005384445
0.005397797
0.006065369
0.003572464
0.005096436
0.005802155
0.003990173
0.003528595
0.004034042
0.004646301
0.004272461
0.004241943
0.004272461
0.005435944
0.003892899
0.003545761
0.003988266
0.003999710
0.005870819
0.004543304
0.004871368
0.004461288
0.005224228
0.003971100
0.004491806
0.004993439
0.005855560
0.005666733
0.005741119
0.003488541
0.004026413
0.004106522
0.004205704
0.005903244
0.004491806
0.005706787
0.004957199
0.004940033
0.005407333
0.005918503
0.003969193
0.005916595
0.003742218
0.005397797
0.004158020
0.005380630
0.006563187
0.005897522
0.005397797
0.005414963
0.004663467
0.004531860
0.004463196
0.004915237
0.003559113
0.004800797
0.005422592
0.004777908
0.005868912
0.004070282
0.004541397
0.005889893
0.004465103
0.004465103
0.004796982
0.005868912
0.005878448
0.004543304
0.004926682
0.004846573
0.004474640
0.004917145
0.003730774
0.004890442
0.004198074
0.004440308
0.004938126
0.005538940
0.005527496
0.004920959
0.004402161
0.004531860
0.005393982
0.003629684
0.003997803
0.003692627
0.004144669
0.004081726
0.005374908
0.005428314
0.004594803
0.004610062
0.004938126
0.003561020
0.005430222
0.003519058
0.004899979
0.005340576
0.005388260
0.004905701
0.003528595
0.004034042
0.004953384
0.005821228
0.005857468
0.005815506
0.003761292
0.004482269
0.005437851
0.003835678
0.003524780
0.004934311
0.005865097
0.003892899
0.004604340
0.004579544
0.003787994
0.005861282
0.003543854
0.005390167
0.003530502
0.003499985
0.004981995
0.004081726
0.005111694
0.005031586
0.005805969
0.004440308
0.003547668
0.005100250
0.006521225
0.003574371
0.005289078
0.003934860
0.004932404
0.005142212
0.003639221
0.004066467
0.005346298
0.004911423
0.005889893
0.003999710
0.004465103
0.003513336
0.004430771
0.004137039
0.004537582
0.005470276
0.005416870
0.003973007
0.007966995
0.005434036
0.003509521
0.005674362
0.003547668
0.004093170
0.005382538
0.004922867
0.004974365
0.004989624
0.005401611
0.003541946
0.003768921
0.005418777
0.005357742
0.004793167
0.005439758
0.004760742
0.005521774
0.004922867
0.005767822
0.003971100
0.005294800
0.005447388
0.003559113
0.004032135
0.005449295
0.004484177
0.004289627
0.005039215
0.004417419
0.005367279
0.005411148
0.004928589
0.003593445
0.005380630
0.004905701
0.004928589
0.006288528
0.005847931
0.006324768
0.004255295
0.004489899
0.005313873
0.005308151
0.005016327
0.003522873
0.004051208
0.005382538
0.003950119
0.005451202
0.003501892
0.004098892
0.003622055
0.003461838
0.005876541
0.004194260
0.003757477
0.004552841
0.003726959
0.005237579
0.003524780
0.004734039
0.005798340
0.005054474
0.005357742
0.005186081
0.004003525
0.004970551
0.005792618
0.003829956
0.005210876
0.005701065
0.005844116
0.004041672
0.004190445
0.003498077
0.004083633
0.004817963
0.006410599
0.003892899
0.004863739
0.003469467
0.004627228
0.004400253
0.005432129
0.005376816
0.004434586
0.004461288
0.005378723
0.005414963
0.005855560
0.005685806
0.005855560
0.004018784
0.004903793
0.005256653
0.003967285
0.003931046
0.003625870
0.003965378
0.005380630
0.004152298
0.004770279
0.005413055
0.005914688
0.004211426
0.005090714
0.005544662
0.003513336
0.003629684
0.004611969
0.004199982
0.004747391
0.004802704
0.004507065
0.005884171
0.003976822
0.003692627
0.003568649
0.003858566
0.003562927
0.004077911
0.003568649
0.004957199
0.005817413
0.005863190
0.004302979
0.004970551
0.004922867
0.005859375
0.005376816
0.004459381
0.004169464
0.004041672
0.003942490
0.004085541
0.004695892
0.003477097
0.004472733
0.005138397
0.004934311
0.003486633
0.003492355
0.005392075
0.003561020
0.005720139
0.003995895
0.005376816
0.005311966
0.005693436
0.005582809
0.005367279
0.005390167
0.004234314
0.005813599
0.003551483
0.005435944
0.004520416
0.004545212
0.005510330
0.003473282
0.004076004
0.005571365
0.005832672
0.004400253
0.004859924
0.005365372
0.006690979
0.003562927
0.003990173
0.003475189
0.004795074
0.003545761
0.004697800
0.004999161
0.003618240
0.003595352
0.004499435
0.004451752
0.005868912
0.005863190
0.004590988
0.004945755
0.005373001
0.003511429
0.004447937
0.003561020
0.005186081
0.003458023
0.004505157
0.005138397
0.005813599
0.003480911
0.004505157
0.005455017
0.003709793
0.003568649
0.005001068
0.005825043
0.003604889
0.003568649
0.003623962
0.005258560
0.005340576
0.005041122
0.005332947
0.003534317
0.005348206
0.005830765
0.004186630
0.004947662
0.006298065
0.005849838
0.006561279
0.004690170
0.004777908
0.005868912
0.005830765
0.003959656
0.003906250
0.004455566
0.005138397
0.004669189
0.004516602
0.005407333
0.004636765
0.004453659
0.003490448
0.003545761
0.005809784
0.003593445
0.005878448
0.003627777
0.004093170
0.005268097
0.004240036
0.005567551
0.003906250
0.004627228
0.006565094
0.003831863
0.005661011
0.005249023
0.005435944
0.003526688
0.004451752
0.004451752
0.005500793
0.005355835
0.005928040
0.004981995
0.007354736
0.003953934
0.004758835
0.003715515
0.005401611
0.003562927
0.005880356
0.004594803
0.004003525
0.004772186
0.004842758
0.005378723
0.005023956
0.004016876
0.003498077
0.005025864
0.004920959
0.004001617
0.003561020
0.003526688
0.004013062
0.004877090
0.005823135
0.005807877
0.004711151
0.004968643
0.006029129
0.005468369
0.004186630
0.006662369
0.005840302
0.003623962
0.003534317
0.004468918
0.003555298
0.005371094
0.005863190
0.005405426
0.003572464
0.006437302
0.004297256
0.005214691
0.004003525
0.003576279
0.003824234
0.005386353
0.004402161
0.004327774
0.005027771
0.004547119
0.005884171
0.004467010
0.004909515
0.004465103
0.004878998
0.003990173
0.004583359
0.004119873
0.004827499
0.004022598
0.005001068
0.004825592
0.004518509
0.005767822
0.005903244
0.004339218
0.004457474
0.004619598
0.004478455
0.004013062
0.005151749
0.005727768
0.004592896
0.004169464
0.004224777
0.004493713
0.005373001
0.005374908
0.005962372
0.003492355
0.003843307
0.004062653
0.004955292
0.005222321
0.005392075
0.003988266
0.004747391
0.004999161
0.005828857
0.005317688
0.004493713
0.004810333
0.005193710
0.005151749
0.004497528
0.004346848
0.004484177
0.005678177
0.005565643
0.004398346
0.004604340
0.003965378
0.004512787
0.005420685
0.005455017
0.004919052
0.005399704
0.003997803
0.005872726
0.004598618
0.003498077
0.004770279
0.003543854
0.004430771
0.003511429
0.004188538
0.005012512
0.003448486
0.004661560
0.004501343
0.005458832
0.003587723
0.004520416
0.005830765
0.004343033
0.004819870
0.005804062
0.005451202
0.005395889
0.004920959
0.005678177
0.004480362
0.005666733
0.004919052
0.005390167
0.004917145
0.004234314
0.005378723
0.004962921
0.004045486
0.004945755
0.004901886
0.004989624
0.004484177
0.004882812
0.005361557
0.004634857
0.005432129
0.004966736
0.005418777
0.005914688
0.004194260
0.004543304
0.004875183
0.003835678
0.004011154
0.003957748
0.005443573
0.005853653
0.004800797
0.005769730
0.005378723
0.004514694
0.004869461
0.004501343
0.004179001
0.005409241
0.005559921
0.006061554
0.003496170
0.005752563
0.003541946
0.004636765
0.005437851
0.004369736
0.005834579
0.004539490
0.003978729
0.005558014
0.003564835
0.004179001
0.004938126
0.004495621
0.005846024
0.005237579
0.005887985
0.005441666
0.004579544
0.003492355
0.005855560
0.003524780
0.004486084
0.003984451
0.004457474
0.004886627
0.004068375
0.005855560
0.003646851
0.004808426
0.004394531
0.004983902
0.003526688
0.004341125
0.004177094
0.003931046
0.005397797
0.005626678
0.004680634
0.004917145
0.005365372
0.005165100
0.004257202
0.004465103
0.004617691
0.004480362
0.004968643
0.005199432
0.005546570
0.005844116
0.004486084
0.004119873
0.005804062
0.004465103
0.004066467
0.003450394
0.004253387
0.005622864
0.003839493
0.003469467
0.004985809
0.004516602
0.005605698
0.004703522
0.004480362
0.004770279
0.003866196
0.004968643
0.004472733
0.003660202
0.003564835
0.004497528
0.005800247
0.003549576
0.004495621
0.004766464
0.005472183
0.004056931
0.005424500
0.005180359
0.003768921
0.003744125
0.003608704
0.005496979
0.003637314
0.005783081
0.005865097
0.004798889
0.004833221
0.005403519
0.005846024
0.004976273
0.004507065
0.003992081
0.004022598
0.004457474
0.004529953
0.003524780
0.003509521
0.004985809
0.003948212
0.004011154
0.004991531
0.005325317
0.004528046
0.005861282
0.005035400
0.005418777
0.005397797
0.005184174
0.005418777
0.004692078
0.004997253
0.006444931
0.003738403
0.003765106
0.004978180
0.004539490
0.004480362
0.003993988
0.005878448
0.003818512
0.004663467
0.005207062
0.003889084
0.005718231
0.004407883
0.004598618
0.005409241
0.005344391
0.005577087
0.005813599
0.005550385
0.005397797
0.005050659
0.004165649
0.004463196
0.005435944
0.003551483
0.005573273
0.004364014
0.005729675
0.003726959
0.004924774
0.004917145
0.004947662
0.003623962
0.003791809
0.004043579
0.004547119
0.004463196
0.003501892
0.004890442
0.003551483
0.004482269
0.004493713
0.005027771
0.003536224
0.004920959
0.004760742
0.003974915
0.005268097
0.005874634
0.004009247
0.003585815
0.005363464
0.004032135
0.005283356
0.005790710
0.005603790
0.004127502
0.003921509
0.005352020
0.005397797
0.004085541
0.003494263
0.004360199
0.004493713
0.004013062
0.005950928
0.003692627
0.005409241
0.005340576
0.005264282
0.004486084
0.005805969
0.003959656
0.005748749
0.006042480
0.006656647
0.004489899
0.003959656
0.004020691
0.004035950
0.004211426
0.005371094
0.003517151
0.004901886
0.003524780
0.003986359
0.004688263
0.005367279
0.005809784
0.006340027
0.003475189
0.004180908
0.005470276
0.004558563
0.005840302
0.003490448
0.004959106
0.003738403
0.004852295
0.005474091
0.005447388
0.004703522
0.004474640
0.004005432
0.004844666
0.003551483
0.005149841
0.003540039
0.005416870
0.008178711
0.005470276
0.004249573
0.003551483
0.005641937
0.004428864
0.005001068
0.005863190
0.004032135
0.004642487
0.004966736
0.005470276
0.005764008
0.004161835
0.004112244
0.004524231
0.004936218
0.003795624
0.003524780
0.005451202
0.005893707
0.005393982
0.006175995
0.005714417
0.004451752
0.006458282
0.005405426
0.004478455
0.005462646
0.005329132
0.004951477
0.003517151
0.005031586
0.003971100
0.004447937
0.004478455
0.003650665
0.004482269
0.005420685
0.004459381
0.004440308
0.005405426
0.004539490
0.004516602
0.004482269
0.005363464
0.003772736
0.005435944
0.004501343
0.005374908
0.005561829
0.003597260
0.004489899
0.004924774
0.005458832
0.003646851
0.005249023
0.003623962
0.003562927
0.005428314
0.004798889
0.005413055
0.005001068
0.003452301
0.004043579
0.005382538
0.003562927
0.003990173
0.003501892
0.006622314
0.003555298
0.004943848
0.005359650
0.004966736
0.005386353
0.005001068
0.003593445
0.004467010
0.003578186
0.003887177
0.003997803
0.004913330
0.003967285
0.005363464
0.003463745
0.003551483
0.004032135
0.004932404
0.004501343
0.004554749
0.005443573
0.003528595
0.003505707
0.004970551
0.005058289
0.005859375
0.005401611
0.004467010
0.005840302
0.005565643
0.005592346
0.005374908
0.005809784
0.004394531
0.005352020
0.004619598
0.005630493
0.004455566
0.005809784
0.004501343
0.003875732
0.004085541
0.004524231
0.004726410
0.005142212
0.005413055
0.004497528
0.003814697
0.005802155
0.005935669
0.004482269
0.005867004
0.003540039
0.005863190
0.003498077
0.004501343
0.004852295
0.005508423
0.005695343
0.003566742
0.005573273
0.005741119
0.005851746
0.004837036
0.005435944
0.003856659
0.003944397
0.003528595
0.004920959
0.005386353
0.006355286
0.004013062
0.004047394
0.005130768
0.004619598
0.005889893
0.006301880
0.004585266
0.004913330
0.005008698
0.005844116
0.005756378
0.005805969
0.004470825
0.004943848
0.004878998
0.004463196
0.005847931
0.005409241
0.005203247
0.005805969
0.004882812
0.003593445
0.003879547
0.003955841
0.005661011
0.003582001
0.004459381
0.005931854
0.004882812
0.004528046
0.005836487
0.005466461
0.005855560
0.008064270
0.003467560
0.006122589
0.006671906
0.003524780
0.003551483
0.004016876
0.004470825
0.004684448
0.004810333
0.005641937
0.004798889
0.005218506
0.005367279
0.003578186
0.003986359
0.003990173
0.005420685
0.004962921
0.004531860
0.004619598
0.004539490
0.003498077
0.003990173
0.003749847
0.004478455
0.005237579
0.004795074
0.004497528
0.003940582
0.005878448
0.004325867
0.005683899
0.004333496
0.005664825
0.004940033
0.005405426
0.005363464
0.004558563
0.005756378
0.005428314
0.003604889
0.004497528
0.005382538
0.005359650
0.005779266
0.005432129
0.005989075
0.004451752
0.005386353
0.003536224
0.004516602
0.004558563
0.004478455
0.004188538
0.004993439
0.005531311
0.005367279
0.005409241
0.005664825
0.005096436
0.004653931
0.004886627
0.004669189
0.004135132
0.005496979
0.003650665
0.003578186
0.005641937
0.004028320
0.005371094
0.004531860
0.005771637
0.003540039
0.004165649
0.004016876
0.004684448
0.003852844
0.004131317
0.005878448
0.004493713
0.004161835
0.005001068
0.004482269
0.005252838
0.006542206
0.005821228
0.004844666
0.004455566
0.005767822
0.005401611
0.005409241
0.005359650
0.003620148
0.004932404
0.005760193
0.005203247
0.005435944
0.005393982
0.003967285
0.005058289
0.004924774
0.005622864
0.004951477
0.003974915
0.003814697
0.004024506
0.004436493
0.005481720
0.004943848
0.004730225
0.004562378
0.004928589
0.003833771
0.003437042
0.004486084
0.005439758
0.004936218
0.004898071
0.005092621
0.003971100
0.004901886
0.004451752
0.004840851
0.005325317
0.005416870
0.004497528
0.004440308
0.005390167
0.003582001
0.005439758
0.005718231
0.004508972
0.004493713
0.003593445
0.004451752
0.005355835
0.005390167
0.004718781
0.003490448
0.004112244
0.005840302
0.005744934
0.004028320
0.003540039
0.003608704
0.004219055
0.003963470
0.005817413
0.005844116
0.003501892
0.005832672
0.003787994
0.005325317
0.004447937
0.005897522
0.005832672
0.006343842
0.003440857
0.004024506
0.004463196
0.005695343
0.004947662
0.004497528
0.003528595
0.004951477
0.005847931
0.003547668
0.005447388
0.004913330
0.004299164
0.004905701
0.004669189
0.004512787
0.003963470
0.004486084
0.003486633
0.004291534
0.004386902
0.005382538
0.005462646
0.003589630
0.003479004
0.005298615
0.003898621
0.004905701
0.004943848
0.005870819
0.003479004
0.005359650
0.004703522
0.003700256
0.003524780
0.003589630
0.003517151
0.003860474
0.003746033
0.004505157
0.004005432
0.003536224
0.004428864
0.004154205
0.004470825
0.004482269
0.005416870
0.004852295
0.005489349
0.005466461
0.004928589
0.003883362
0.004962921
0.005355835
0.003547668
0.004707336
0.004684448
0.004882812
0.003990173
0.004489899
0.004039764
0.005378723
0.003494263
0.003547668
0.004737854
0.005397797
0.003505707
0.004497528
0.004913330
0.005367279
0.004966736
0.005367279
0.005825043
0.005809784
0.004936218
0.005897522
0.007316589
0.004035950
0.003593445
0.004932404
0.003654480
0.005546570
0.004539490
0.004238129
0.005405426
0.003551483
0.004650116
0.004806519
0.004989624
0.005516052
0.005382538
0.005119324
0.004867554
0.003990173
0.003570557
0.004440308
0.004711151
0.005180359
0.004505157
0.005863190
0.004493713
0.004528046
0.004398346
0.004806519
0.003978729
0.005420685
0.004272461
0.005264282
0.005390167
0.003868103
0.004081726
0.005390167
0.005760193
0.004932404
0.005390167
0.007919312
0.004718781
0.004821777
0.005775452
0.005123138
0.003471375
0.005683899
0.004524231
0.003513336
0.003978729
0.004936218
0.004589081
0.004985809
0.004951477
0.005882263
0.004985809
0.004917145
0.003505707
0.003898621
0.005596161
0.005287170
0.005142212
0.005420685
0.005203247
0.004951477
0.005413055
0.004783630
0.005809784
0.003543854
0.004974365
0.005912781
0.005752563
0.003940582
0.003528595
0.005561829
0.007266998
0.004947662
0.004371643
0.005783081
0.003810883
0.005874634
0.005470276
0.004478455
0.004959106
0.004768372
0.003692627
0.004158020
0.004428864
0.004428864
0.004825592
0.005439758
0.005794525
0.004947662
0.005462646
0.005374908
0.006298065
0.004474640
0.005535126
0.005886078
0.003547668
0.004516602
0.005844116
0.005374908
0.004161835
0.004776001
0.004005432
0.005622864
0.005043030
0.005599976
0.005374908
0.004959106
0.003650665
0.005424500
0.003479004
0.004497528
0.004528046
0.005851746
0.004508972
0.005878448
0.004520416
0.004817963
0.004909515
0.003479004
0.004932404
0.004932404
0.005439758
0.005844116
0.004859924
0.004917145
0.004261017
0.004901886
0.005397797
0.005458832
0.005390167
0.004467010
0.003791809
0.004016876
0.003517151
0.004600525
0.005413055
0.005439758
0.005844116
0.003684998
0.003776550
0.004856110
0.005405426
0.003513336
0.004276276
0.005432129
0.005397797
0.004932404
0.005855560
0.003955841
0.005832672
0.004177094
0.004501343
0.004524231
0.005020142
0.004283905
0.005947113
0.003509521
0.004959106
0.004772186
0.004512787
0.005863190
0.004470825
0.003536224
0.004531860
0.003490448
0.005439758
0.006347656
0.003959656
0.004531860
0.004482269
0.003555298
0.005760193
0.005477905
0.004661560
0.004131317
0.003498077
0.005207062
0.004451752
0.003971100
0.005878448
0.004512787
0.004673004
0.003574371
0.003791809
0.005058289
0.005458832
0.005641937
0.005405426
0.005405426
0.005065918
0.005264282
0.004894257
0.004001617
0.005863190
0.005874634
0.004310608
0.004932404
0.005367279
0.004386902
0.005344391
0.004112244
0.005378723
0.005764008
0.003509521
0.004318237
0.005836487
0.004863739
0.005878448
0.003746033
0.004089355
0.005451202
0.003993988
0.005779266
0.004508972
0.004486084
0.003982544
0.004817963
0.005928040
0.004482269
0.003990173
0.004890442
0.005336761
0.003982544
0.005825043
0.005592346
0.004161835
0.004505157
0.004894257
0.003993988
0.006000519
0.005359650
0.005462646
0.004913330
0.006622314
0.004756927
0.004856110
0.005287170
0.005550385
0.005695343
0.005844116
0.003536224
0.004833221
0.005386353
0.003997803
0.004932404
0.004039764
0.004680634
0.005275726
0.005416870
0.005729675
0.003540039
0.006664276
0.004928589
0.004932404
0.006649017
0.005382538
0.005847931
0.005386353
0.004158020
0.005001068
0.003986359
0.005096436
0.004440308
0.005447388
0.005405426
0.004001617
0.004909515
0.003902435
0.004661560
0.004009247
0.005355835
0.005435944
0.005363464
0.004978180
0.004688263
0.003837585
0.004482269
0.005180359
0.003810883
0.003578186
0.005867004
0.003997803
0.004196167
0.005386353
0.005397797
0.004459381
0.004985809
0.005844116
0.003940582
0.005393982
0.004631042
0.003955841
0.003967285
0.003990173
0.004455566
0.004535675
0.005443573
0.005420685
0.003543854
0.005416870
0.006866455
0.005332947
0.004833221
0.004936218
0.005844116
0.004768372
0.004890442
0.004974365
0.005374908
0.004001617
0.005886078
0.003688812
0.005550385
0.003543854
0.004241943
0.004791260
0.004940033
0.005310059
0.004917145
0.004451752
0.004047394
0.005176544
0.004413605
0.004238129
0.003505707
0.003978729
0.004032135
0.004463196
0.004756927
0.004859924
0.004718781
0.005329132
0.005840302
0.006267548
0.004138947
0.005420685
0.003608704
0.005115509
0.003456116
0.004001617
0.004695892
0.005428314
0.004352570
0.004959106
0.005783081
0.004512787
0.004474640
0.004955292
0.005382538
0.005115509
0.004081726
0.004310608
0.003993988
0.005580902
0.004505157
0.005378723
0.003936768
0.004341125
0.005470276
0.007217407
0.004623413
0.004402161
0.005378723
0.005905151
0.005889893
0.003475189
0.005882263
0.004474640
0.004558563
0.005123138
0.004520416
0.004447937
0.006614685
0.005443573
0.005966187
0.006248474
0.004211426
0.004966736
0.005500793
0.005237579
0.005378723
0.003772736
0.003967285
0.004158020
0.005386353
0.004955292
0.003608704
0.005352020
0.005401611
0.003570557
0.003509521
0.004291534
0.005229950
0.005863190
0.004661560
0.005912781
0.004024506
0.004329681
0.005401611
0.005401611
0.003501892
0.005561829
0.003520966
0.003528595
0.005683899
0.003501892
0.005798340
0.005809784
0.003646851
0.004802704
0.005752563
0.005943298
0.005393982
0.005893707
0.004486084
0.005813599
0.005657196
0.003475189
0.004554749
0.004474640
0.005458832
0.006633759
0.005149841
0.004070282
0.005828857
0.005855560
0.005405426
0.005794525
0.003513336
0.004108429
0.004951477
0.003559113
0.003528595
0.005584717
0.003631592
0.005603790
0.005809784
0.004867554
0.005031586
0.005241394
0.005405426
0.004909515
0.004421234
0.005176544
0.005584717
0.004676819
0.004825592
0.004192352
0.005428314
0.005264282
0.005535126
0.003681183
0.004852295
0.003757477
0.005344391
0.003608704
0.004444122
0.004966736
0.006290436
0.004108429
0.005558014
0.004039764
0.005855560
0.005439758
0.003555298
0.006645203
0.006599426
0.005084991
0.003585815
0.005397797
0.003559113
0.006587982
0.004600525
0.005187988
0.003517151
0.005683899
0.004768372
0.004920959
0.005878448
0.006103516
0.005878448
0.004894257
0.004856110
0.005916595
0.005401611
0.005809784
0.004917145
0.003967285
0.004055023
0.005844116
0.004932404
0.006252289
0.006004333
0.005851746
0.005649567
0.003593445
0.005798340
0.003517151
0.004894257
0.005401611
0.003551483
0.003448486
0.005092621
0.005912781
0.005054474
0.005073547
0.005592346
0.003700256
0.004791260
0.004821777
0.003536224
0.003463745
0.004184723
0.004375458
0.005073547
0.004058838
0.004878998
0.004547119
0.004444122
0.004444122
0.005401611
0.004085541
0.004318237
0.004005432
0.005893707
0.004299164
0.005123138
0.005249023
0.003444672
0.004192352
0.003879547
0.003597260
0.004165649
0.006587982
0.005683899
0.003639221
0.004505157
0.004718781
0.005374908
0.004161835
0.004886627
0.004474640
0.004951477
0.005355835
0.004291534
0.006107330
0.006278992
0.005577087
0.003578186
0.005531311
0.004825592
0.004882812
0.006374359
0.005390167
0.004878998
0.005798340
0.005317688
0.005908966
0.004474640
0.004745483
0.004940033
0.003749847
0.004508972
0.005615234
0.003536224
0.004943848
0.004444122
0.004478455
0.005470276
0.005805969
0.004951477
0.003681183
0.004161835
0.004177094
0.005943298
0.004940033
0.004871368
0.003566742
0.003974915
0.004467010
0.005374908
0.006156921
0.004215240
0.005401611
0.004432678
0.004104614
0.004955292
0.004489899
0.005313873
0.003852844
0.004585266
0.003654480
0.003498077
0.004035950
0.003547668
0.004528046
0.004436493
0.005172729
0.003704071
0.007587433
0.005374908
0.005397797
0.004455566
0.004043579
0.004913330
0.005912781
0.005424500
0.003463745
0.005012512
0.005386353
0.003471375
0.004474640
0.005722046
0.004196167
0.004261017
0.004863739
0.004959106
0.006687164
0.005062103
0.005821228
0.004478455
0.004562378
0.005870819
0.005779266
0.004215240
0.004028320
0.003501892
0.004539490
0.003570557
0.005290985
0.004825592
0.005321503
0.003993988
0.004970551
0.003528595
0.004680634
0.005882263
0.005924225
0.004741669
0.005420685
0.005722046
0.003582001
0.004817963
0.006584167
0.006336212
0.004817963
0.004154205
0.003498077
0.004764557
0.004112244
0.003566742
0.004905701
0.004909515
0.005458832
0.005561829
0.003585815
0.005874634
0.005062103
0.005847931
0.003719330
0.004203796
0.004123688
0.004825592
0.003787994
0.005504608
0.005947113
0.003540039
0.005180359
0.005996704
0.006217957
0.004673004
0.006046295
0.005546570
0.003719330
0.005844116
0.004039764
0.004516602
0.004795074
0.004062653
0.006263733
0.004909515
0.005355835
0.005168915
0.005981445
0.004749298
0.004779816
0.006702423
0.005405426
0.005622864
0.004436493
0.003978729
0.005607605
0.004455566
0.004749298
0.005863190
0.005401611
0.004859924
0.004947662
0.007976532
0.005397797
0.005794525
0.003517151
0.004814148
0.006217957
0.004901886
0.006671906
0.004837036
0.004028320
0.004886627
0.004943848
0.004058838
0.003528595
0.004005432
0.003799438
0.005821228
0.004009247
0.004924774
0.004852295
0.003551483
0.003498077
0.004489899
0.005859375
0.005775452
0.003475189
0.004970551
0.005805969
0.003845215
0.004894257
0.005393982
0.006622314
0.005409241
0.004978180
0.004459381
0.005397797
0.005336761
0.004936218
0.004436493
0.006645203
0.005382538
0.005210876
0.004947662
0.005577087
0.005405426
0.005237579
0.003505707
0.005451202
0.003524780
0.005363464
0.004978180
0.008125305
0.004486084
0.003978729
0.005107880
0.005847931
0.005432129
0.004615784
0.005382538
0.004806519
0.004642487
0.004589081
0.004684448
0.003578186
0.005241394
0.004184723
0.005382538
0.005149841
0.005661011
0.004222870
0.005996704
0.004901886
0.005401611
0.005867004
0.004512787
0.003555298
0.005737305
0.005382538
0.004608154
0.004489899
0.005859375
0.003604889
0.004009247
0.005031586
0.003528595
0.003772736
0.004947662
0.004699707
0.005458832
0.005321503
0.005550385
0.003532410
0.004917145
0.005401611
0.005111694
0.004035950
0.005752563
0.005401611
0.003974915
0.004589081
0.003746033
0.004890442
0.004665375
0.005588531
0.005760193
0.005882263
0.004962921
0.005332947
0.005428314
0.003486633
0.003696442
0.005149841
0.004940033
0.005855560
0.003482819
0.005279541
0.004508972
0.005664825
0.005863190
0.005756378
0.004497528
0.004760742
0.005840302
0.004436493
0.004459381
0.005462646
0.005390167
0.004180908
0.006496429
0.005859375
0.004234314
0.004013062
0.003688812
0.004669189
0.003986359
0.005424500
0.003494263
0.003993988
0.005058289
0.004528046
0.003501892
0.004936218
0.005420685
0.004325867
0.004833221
0.003547668
0.005157471
0.003730774
0.005847931
0.005378723
0.005886078
0.005695343
0.005569458
0.004734039
0.005390167
0.004718781
0.007381439
0.003543854
0.005416870
0.004997253
0.003490448
0.003719330
0.004199982
0.004718781
0.003925323
0.004997253
0.003501892
0.005214691
0.004600525
0.004878998
0.004676819
0.005611420
0.004924774
0.005397797
0.005905151
0.005252838
0.005870819
0.005329132
0.003551483
0.005874634
0.005207062
0.005596161
0.005680084
0.005813599
0.005550385
0.004947662
0.004821777
0.005855560
0.003555298
0.004924774
0.004127502
0.004943848
0.003456116
0.003505707
0.005832672
0.005020142
0.005779266
0.005558014
0.005416870
0.003944397
0.003986359
0.003570557
0.005371094
0.003578186
0.005886078
0.005920410
0.005886078
0.004890442
0.003547668
0.004253387
0.003501892
0.005393982
0.004936218
0.004062653
0.004524231
0.004508972
0.004474640
0.005813599
0.005882263
0.003490448
0.004459381
0.004440308
0.003940582
0.005001068
0.004035950
0.005573273
0.004516602
0.003963470
0.005382538
0.005008698
0.004844666
0.005680084
0.004016876
0.004989624
0.006530762
0.005783081
0.005405426
0.005779266
0.005397797
0.003932953
0.005420685
0.005825043
0.004268646
0.004966736
0.003833771
0.005584717
0.005004883
0.005455017
0.006519318
0.006690979
0.005615234
0.005786896
0.004978180
0.003829956
0.004135132
0.003566742
0.004932404
0.003635406
0.004211426
0.005405426
0.004493713
0.003547668
0.004016876
0.004135132
0.006011963
0.004100800
0.004989624
0.004169464
0.008121490
0.004547119
0.005401611
0.005001068
0.003772736
0.004405975
0.004512787
0.005435944
0.004470825
0.003982544
0.004669189
0.004795074
0.003543854
0.004020691
0.004917145
0.004959106
0.003986359
0.005027771
0.004753113
0.005401611
0.005302429
0.003463745
0.006118774
0.006259918
0.005401611
0.005584717
0.005367279
0.004940033
0.005416870
0.004940033
0.003585815
0.003517151
0.003967285
0.005332947
0.004959106
0.005363464
0.006153107
0.003517151
0.005382538
0.006015778
0.003585815
0.008193970
0.003570557
0.004928589
0.004833221
0.005870819
0.005409241
0.004848480
0.005302429
0.004444122
0.004863739
0.004451752
0.005374908
0.004535675
0.004787445
0.003799438
0.004032135
0.004821777
0.005626678
0.005844116
0.004478455
0.004531860
0.005958557
0.006168365
0.005973816
0.005970001
0.005386353
0.004451752
0.005405426
0.004955292
0.004173279
0.006675720
0.004917145
0.003971100
0.004165649
0.005649567
0.004802704
0.005855560
0.005046844
0.004745483
0.005104065
0.006679535
0.004192352
0.005752563
0.004955292
0.005363464
0.003646851
0.004203796
0.004493713
0.003574371
0.004028320
0.004478455
0.003486633
0.004013062
0.004520416
0.004371643
0.004962921
0.004455566
0.004013062
0.005908966
0.004741669
0.004177094
0.004951477
0.004810333
0.005363464
0.005378723
0.004428864
0.004085541
0.004688263
0.005954742
0.003787994
0.004474640
0.004928589
0.005134583
0.005416870
0.003986359
0.004047394
0.005851746
0.004516602
0.005542755
0.003593445
0.003524780
0.005855560
0.006023407
0.005832672
0.005397797
0.004455566
0.005363464
0.008121490
0.003997803
0.005413055
0.005023956
0.005897522
0.005905151
0.004955292
0.004447937
0.004722595
0.004867554
0.005004883
0.004920959
0.004913330
0.004714966
0.005615234
0.003547668
0.004203796
0.005638123
0.003944397
0.005416870
0.005439758
0.005874634
0.005432129
0.005905151
0.004447937
0.004486084
0.003562927
0.004173279
0.003738403
0.006217957
0.004913330
0.005416870
0.005310059
0.003494263
0.005668640
0.004020691
0.005302429
0.005699158
0.003486633
0.005020142
0.003494263
0.003509521
0.005439758
0.003494263
0.005439758
0.003608704
0.004432678
0.005088806
0.004158020
0.004432678
0.005935669
0.003494263
0.004905701
0.005859375
0.003990173
0.004707336
0.004035950
0.006538391
0.006240845
0.003486633
0.004264832
0.005752563
0.005035400
0.005668640
0.005378723
0.004989624
0.005958557
0.004539490
0.005371094
0.005363464
0.004493713
0.004852295
0.004951477
0.003662109
0.004257202
0.004432678
0.003799438
0.004371643
0.004524231
0.003990173
0.006195068
0.005393982
0.005134583
0.005447388
0.004684448
0.004859924
0.006050110
0.004417419
0.005508423
0.005371094
0.005249023
0.005935669
0.005432129
0.003570557
0.004501343
0.005096436
0.005805969
0.005889893
0.005401611
0.005172729
0.005859375
0.005783081
0.005508423
0.003524780
0.005989075
0.004241943
0.003890991
0.003570557
0.003738403
0.005828857
0.003807068
0.005851746
0.004463196
0.005393982
0.004325867
0.004013062
0.004280090
0.005851746
0.004722595
0.004920959
0.005844116
0.005401611
0.005256653
0.004142761
0.003601074
0.005699158
0.006202698
0.003509521
0.003776550
0.006759644
0.003494263
0.003601074
0.004043579
0.005401611
0.005378723
0.005386353
0.005844116
0.004257202
0.004280090
0.005409241
0.005363464
0.005378723
0.004158020
0.004829407
0.005676270
0.005821228
0.004058838
0.004089355
0.005416870
0.004234314
0.004737854
0.006034851
0.003524780
0.005447388
0.005523682
0.005134583
0.005485535
0.005012512
0.006332397
0.004821777
0.004203796
0.003845215
0.006660461
0.003540039
0.005920410
0.003562927
0.004501343
0.005355835
0.005538940
0.004493713
0.005172729
0.003585815
0.005485535
0.004875183
0.005775452
0.005287170
0.005844116
0.005874634
0.003494263
0.005638123
0.005104065
0.003570557
0.005889893
0.005363464
0.004493713
0.005355835
0.005378723
0.004020691
0.005722046
0.004981995
0.005676270
0.005813599
0.005447388
0.007278442
0.004974365
0.004943848
0.004554749
0.005409241
0.003997803
0.003578186
0.003494263
0.004386902
0.005813599
0.006668091
0.004898071
0.004051208
0.005767822
0.004707336
0.005203247
0.004196167
0.005363464
0.003997803
0.005554199
0.004905701
0.005226135
0.005729675
0.003509521
0.004844666
0.005401611
0.005401611
0.006355286
0.005905151
0.005950928
0.005844116
0.003517151
0.003532410
0.004852295
0.004470825
0.005409241
0.005615234
0.005432129
0.003547668
0.006538391
0.005416870
0.005630493
0.004493713
0.003990173
0.005462646
0.005638123
0.005867004
0.005897522
0.003898621
0.005447388
0.004966736
0.003753662
0.005416870
0.004898071
0.004432678
0.003974915
0.004165649
0.003677368
0.004524231
0.005905151
0.005439758
0.008117676
0.004760742
0.005958557
0.004913330
0.003845215
0.004508972
0.004989624
0.005363464
0.005867004
0.003562927
0.003990173
0.004463196
0.004669189
0.005416870
0.005447388
0.004493713
0.004478455
0.005371094
0.004760742
0.004928589
0.003524780
0.003562927
0.004928589
0.004989624
0.004196167
0.004554749
0.005790710
0.004951477
0.004943848
0.005424500
0.003532410
0.003692627
0.003570557
0.006690979
0.006698608
0.003517151
0.004455566
0.005615234
0.003601074
0.006706238
0.005958557
0.004150391
0.004043579
0.005355835
0.004920959
0.003723145
0.004463196
0.004104614
0.004020691
0.004348755
0.004196167
0.005493164
0.005867004
0.004577637
0.004890442
0.006668091
0.004028320
0.003692627
0.003646851
0.007095337
0.005050659
0.005531311
0.003593445
0.005882263
0.003578186
0.007232666
0.005622864
0.003448486
0.005065918
0.004974365
0.006652832
0.003578186
0.004150391
0.006164551
0.003890991
0.005363464
0.005432129
0.005882263
0.003700256
0.005828857
0.003952026
0.005905151
0.004081726
0.003540039
0.003562927
0.004997253
0.005775452
0.005928040
0.004928589
0.003677368
0.005317688
0.004310608
0.004951477
0.003677368
0.004776001
0.004447937
0.004898071
0.003501892
0.005897522
0.004829407
0.005516052
0.006233215
0.006645203
0.005432129
0.004470825
0.005416870
0.004943848
0.005424500
0.005455017
0.005424500
0.005859375
0.003524780
0.005004883
0.005111694
0.005844116
0.003555298
0.004440308
0.005363464
0.004020691
0.004043579
0.005912781
0.004997253
0.004913330
0.004325867
0.005264282
0.004447937
0.005592346
0.004730225
0.003448486
0.004707336
0.004821777
0.004600525
0.005569458
0.004898071
0.004486084
0.005905151
0.007926941
0.005516052
0.005043030
0.004463196
0.005081177
0.005432129
0.004302979
0.003959656
0.005798340
0.005783081
0.003982544
0.004821777
0.006378174
0.004463196
0.005424500
0.005210876
0.003517151
0.005218506
0.005805969
0.003471375
0.004280090
0.004356384
0.003982544
0.005409241
0.003883362
0.005554199
0.005607605
0.003532410
0.004486084
0.004524231
0.007522583
0.004150391
0.005409241
0.005256653
0.005798340
0.003532410
0.004516602
0.004493713
0.004463196
0.005386353
0.004478455
0.003570557
0.004531860
0.005279541
0.004615784
0.004257202
0.005317688
0.005348206
0.005928040
0.005836487
0.005867004
0.003547668
0.004653931
0.003974915
0.004478455
0.004051208
0.003974915
0.004493713
0.004508972
0.004074097
0.004905701
0.005889893
0.003990173
0.005409241
0.003990173
0.003936768
0.006622314
0.004364014
0.006080627
0.006019592
0.003585815
0.004020691
0.003952026
0.005004883
0.006263733
0.003578186
0.003700256
0.005371094
0.004188538
0.004814148
0.006668091
0.006172180
0.005393982
0.005134583
0.005187988
0.005821228
0.004875183
0.003898621
0.004035950
0.004478455
0.005180359
0.005851746
0.007049561
0.006454468
0.003684998
0.004158020
0.004798889
0.005889893
0.005363464
0.005508423
0.006675720
0.004364014
0.007781982
0.003494263
0.003532410
0.005393982
0.005836487
0.003944397
0.005439758
0.005386353
0.004493713
0.003479004
0.004013062
0.004554749
0.004669189
0.003463745
0.004493713
0.004928589
0.005432129
0.005851746
0.003494263
0.004493713
0.004043579
0.007675171
0.004959106
0.005477905
0.005432129
0.004005432
0.004470825
0.004837036
0.004501343
0.005958557
0.005836487
0.005722046
0.005821228
0.004455566
0.004386902
0.005798340
0.005477905
0.005157471
0.006309509
0.004806519
0.003662109
0.005867004
0.003631592
0.004516602
0.004905701
0.005859375
0.007568359
0.005073547
0.005622864
0.005027771
0.005897522
0.004020691
0.004493713
0.006568909
0.004066467
0.003952026
0.005836487
0.003768921
0.004211426
0.003562927
0.004585266
0.003952026
0.004684448
0.005935669
0.005744934
0.003494263
0.005813599
0.003494263
0.004013062
0.005607605
0.005432129
0.003952026
0.004791260
0.004608154
0.003562927
0.004470825
0.004280090
0.005432129
0.003723145
0.003730774
0.004516602
0.005760193
0.004768372
0.004051208
0.004478455
0.003898621
0.004455566
0.004493713
0.005882263
0.003990173
0.004470825
0.003944397
0.004013062
0.003570557
0.003494263
0.003807068
0.004478455
0.004859924
0.004470825
0.005569458
0.003967285
0.004669189
0.005401611
0.004013062
0.004936218
0.005348206
0.005889893
0.005912781
0.005882263
0.004417419
0.004447937
0.005409241
0.005836487
0.004058838
0.003997803
0.003631592
0.003990173
0.003845215
0.004356384
0.005844116
0.003936768
0.005378723
0.004844666
0.003547668
0.004951477
0.003829956
0.005371094
0.004699707
0.003540039
0.003982544
0.004005432
0.004760742
0.005851746
0.005401611
0.003524780
0.003952026
0.006607056
0.004180908
0.006553650
0.005065918
0.006034851
0.005683899
0.004158020
0.005836487
0.005661011
0.003684998
0.005828857
0.005760193
0.004928589
0.004516602
0.004234314
0.005577087
0.004867554
0.004493713
0.005195618
0.005699158
0.004020691
0.005416870
0.004539490
0.005867004
0.005928040
0.004173279
0.003944397
0.003997803
0.003974915
0.005790710
0.003456116
0.004478455
0.004035950
0.004974365
0.005348206
0.005775452
0.005630493
0.004150391
0.004020691
0.004707336
0.005126953
0.006507874
0.004463196
0.004837036
0.005584717
0.006004333
0.004508972
0.004501343
0.004776001
0.003982544
0.004005432
0.005592346
0.005607605
0.003593445
0.004699707
0.005187988
0.003997803
0.005783081
0.004867554
0.005844116
0.005844116
0.004310608
0.003776550
0.004585266
0.005668640
0.005485535
0.005538940
0.005378723
0.005386353
0.005210876
0.004859924
0.004280090
0.003692627
0.004013062
0.005043030
0.005836487
0.003906250
0.004013062
0.004806519
0.004440308
0.004058838
0.004989624
0.004898071
0.003517151
0.005699158
0.005897522
0.004432678
0.003433228
0.004280090
0.003959656
0.004791260
0.005874634
0.003486633
0.004341125
0.005447388
0.005386353
0.003456116
0.004928589
0.004905701
0.005226135
0.005424500
0.005783081
0.003578186
0.005844116
0.004089355
0.003959656
0.004447937
0.005317688
0.004295349
0.004875183
0.005775452
0.004959106
0.004890442
0.004486084
0.004379272
0.005432129
0.004859924
0.004806519
0.005371094
0.004486084
0.003990173
0.004837036
0.005912781
0.005340576
0.005867004
0.003845215
0.003509521
0.005348206
0.003837585
0.004066467
0.006591797
0.005790710
0.004783630
0.003540039
0.004798889
0.005249023
0.005447388
0.003982544
0.003723145
0.005310059
0.003562927
0.004821777
0.003997803
0.003967285
0.004638672
0.005950928
0.003761292
0.003860474
0.005905151
0.005828857
0.003982544
0.004455566
0.004501343
0.003898621
0.003898621
0.004028320
0.003982544
0.004531860
0.005477905
0.005554199
0.005805969
0.003540039
0.004013062
0.005661011
0.005378723
0.004119873
0.004943848
0.005401611
0.005416870
0.004882812
0.003585815
0.006484985
0.006683350
0.004364014
0.006637573
0.006134033
0.003486633
0.003814697
0.004997253
0.005867004
0.005355835
0.003547668
0.005355835
0.003509521
0.003501892
0.004776001
0.005844116
0.004043579
0.005096436
0.004783630
0.003593445
0.003517151
0.005950928
0.005882263
0.004524231
0.004913330
0.005409241
0.004127502
0.004539490
0.003501892
0.004943848
0.004684448
0.003997803
0.003845215
0.004142761
0.005119324
0.004966736
0.005935669
0.003959656
0.004066467
0.004447937
0.005416870
0.005310059
0.005393982
0.005813599
0.006515503
0.004364014
0.005310059
0.003570557
0.003524780
0.005973816
0.005950928
0.004173279
0.005950928
0.006301880
0.003479004
0.004440308
0.003562927
0.004371643
0.003723145
0.004791260
0.005386353
0.003562927
0.003540039
0.004585266
0.003524780
0.004852295
0.004127502
0.005195618
0.003990173
0.004493713
0.005416870
0.003448486
0.004478455
0.005577087
0.003997803
0.004844666
0.005393982
0.003990173
0.004524231
0.005638123
0.004013062
0.005416870
0.005577087
0.005302429
0.004524231
0.005058289
0.005790710
0.005500793
0.003547668
0.003494263
0.003585815
0.003990173
0.003929138
0.005828857
0.005828857
0.005905151
0.004920959
0.005348206
0.003494263
0.004684448
0.005119324
0.005081177
0.004524231
0.004997253
0.005744934
0.003982544
0.004631042
0.005126953
0.004173279
0.004478455
0.004981995
0.004508972
0.005424500
0.004501343
0.004943848
0.004051208
0.004898071
0.003494263
0.003501892
0.004554749
0.004028320
0.004959106
0.003532410
0.004920959
0.005363464
0.003768921
0.004249573
0.003524780
0.003829956
0.005081177
0.004028320
0.005584717
0.004882812
0.003807068
0.003509521
0.003967285
0.004516602
0.005065918
0.004570007
0.005386353
0.004554749
0.005897522
0.003669739
0.005371094
0.005874634
0.003463745
0.004600525
0.006004333
0.005493164
0.003562927
0.004501343
0.005790710
0.005393982
0.005737305
0.003547668
0.004737854
0.005393982
0.006690979
0.005966187
0.006668091
0.006004333
0.003479004
0.004783630
0.004119873
0.005355835
0.005874634
0.005844116
0.003562927
0.005607605
0.004951477
0.003730774
0.003952026
0.005790710
0.004486084
0.005821228
0.005142212
0.006217957
0.003936768
0.005790710
0.005737305
0.003715515
0.003463745
0.004981995
0.005004883
0.005546570
0.003692627
0.005874634
0.005386353
0.005844116
0.005821228
0.003494263
0.005416870
0.004997253
0.005310059
0.005393982
0.004478455
0.005363464
0.005767822
0.006355286
0.005348206
0.005844116
0.005401611
0.004951477
0.005393982
0.005073547
0.005737305
0.005851746
0.004920959
0.005386353
0.003479004
0.005416870
0.005355835
0.003959656
0.004241943
0.005592346
0.005332947
0.004440308
0.004447937
0.003974915
0.005432129
0.007766724
0.004158020
0.005867004
0.005897522
0.003700256
0.005424500
0.003944397
0.003517151
0.004463196
0.005920410
0.004791260
0.005416870
0.005187988
0.005920410
0.005844116
0.003692627
0.005416870
0.004936218
0.006690979
0.004814148
0.005996704
0.004165649
0.006019592
0.005393982
0.005760193
0.003578186
0.005218506
0.005447388
0.005867004
0.003524780
0.005416870
0.004486084
0.004104614
0.003898621
0.004234314
0.005691528
0.006668091
0.003593445
0.003822327
0.003898621
0.003585815
0.005210876
0.004692078
0.003959656
0.004531860
0.004035950
0.004852295
0.005798340
0.005409241
0.005874634
0.005882263
0.004005432
0.004745483
0.003860474
0.005561829
0.004516602
0.003585815
0.004501343
0.003532410
0.005058289
0.005378723
0.004478455
0.006477356
0.005050659
0.004753113
0.004913330
0.005531311
0.004928589
0.005668640
0.005859375
0.004440308
0.004463196
0.004776001
0.005821228
0.003486633
0.004432678
0.005386353
0.003715515
0.005508423
0.003555298
0.005111694
0.005500793
0.005378723
0.004348755
0.003692627
0.004425049
0.003677368
0.005805969
0.006111145
0.004714966
0.003639221
0.004905701
0.004638672
0.005432129
0.005676270
0.005432129
0.003570557
0.003585815
0.005706787
0.003677368
0.003959656
0.004570007
0.004539490
0.004852295
0.003921509
0.004425049
0.004829407
0.007659912
0.004035950
0.004028320
0.003585815
0.005432129
0.005393982
0.005378723
0.003814697
0.005828857
0.004486084
0.003532410
0.005867004
0.004486084
0.004981995
0.005393982
0.003501892
0.004676819
0.004035950
0.005264282
0.005729675
0.004905701
0.005821228
0.003829956
0.005889893
0.003463745
0.003814697
0.003997803
0.006011963
0.006645203
0.005386353
0.004684448
0.004852295
0.004844666
0.005470276
0.004905701
0.003959656
0.003547668
0.003532410
0.005622864
0.003479004
0.005775452
0.005317688
0.005828857
0.005386353
0.003494263
0.003601074
0.004798889
0.004882812
0.003738403
0.005821228
0.004936218
0.006080627
0.003669739
0.005149841
0.004470825
0.005500793
0.005851746
0.005584717
0.005378723
0.005378723
0.004280090
0.005874634
0.004394531
0.003860474
0.004463196
0.005569458
0.003997803
0.005821228
0.005409241
0.006004333
0.005828857
0.005447388
0.004920959
0.005386353
0.005729675
0.003578186
0.004135132
0.005714417
0.004852295
0.003608704
0.006622314
0.003562927
0.004943848
0.004005432
0.003524780
0.005104065
0.004951477
0.005874634
0.003700256
0.005424500
0.005393982
0.004760742
0.004936218
0.005409241
0.004730225
0.005027771
0.006324768
0.005424500
0.004951477
0.003570557
0.005371094
0.004920959
0.005447388
0.005554199
0.004936218
0.004981995
0.003540039
0.004440308
0.005020142
0.003684998
0.005348206
0.005554199
0.004211426
0.003982544
0.004508972
0.004516602
0.005256653
0.004951477
0.005226135
0.004974365
0.004493713
0.005912781
0.003509521
0.004547119
0.003570557
0.004119873
0.005912781
0.004135132
0.004951477
0.005538940
0.005302429
0.005828857
0.003555298
0.004333496
0.005805969
0.004028320
0.005020142
0.004547119
0.003883362
0.004173279
0.004852295
0.003601074
0.005187988
0.005813599
0.007682800
0.005844116
0.004882812
0.004440308
0.004974365
0.004547119
0.004020691
0.004981995
0.004386902
0.004928589
0.004486084
0.004501343
0.005538940
0.005821228
0.004066467
0.004592896
0.006332397
0.005088806
0.005371094
0.003501892
0.004913330
0.005249023
0.005447388
0.004951477
0.004035950
0.005386353
0.005386353
0.005355835
0.005447388
0.003982544
0.004898071
0.004966736
0.005142212
0.005653381
0.005203247
0.004898071
0.004493713
0.003509521
0.004821777
0.003860474
0.003509521
0.004188538
0.005020142
0.004058838
0.004455566
0.004470825
0.004905701
0.004119873
0.004203796
0.004768372
0.004753113
0.004760742
0.003929138
0.003753662
0.004150391
0.004470825
0.005058289
0.004432678
0.004753113
0.003463745
0.005088806
0.004447937
0.005081177
0.005027771
0.004112244
0.004173279
0.005050659
0.004791260
0.004821777
0.004119873
0.004508972
0.005065918
0.005065918
0.004631042
0.000015259
0.000000000
