0.000726485
0.0007195540000000001
0.0007849080000000001
0.0010322080000000002
0.000691559
0.005972506999999999
0.006094983000000001
0.007346966
0.003317757
0.005394597999999999
0.007158557
0.007500692999999999
0.006811054
0.007101473
0.004181364999999999
0.009443242999999999
0.0037254410000000003
0.005632892
0.006903792000000001
0.004805743
0.007174228000000001
0.005226511
0.006361153
0.006166597000000001
0.00634965
0.006362593000000001
0.006613082
0.0044064360000000006
0.008896967
0.009270147000000001
0.007015432000000001
0.009300566000000001
0.006663464
0.005932463999999999
0.006779413
0.005583809000000001
0.007393255
0.0072182620000000005
0.005754431
0.007081832999999999
0.005881409
0.004534993
0.007428146
0.006245975
0.004918188999999999
0.007775402999999999
0.006781008000000001
0.005233191
0.0044741500000000005
0.0062350880000000015
0.005619748999999999
0.0076224
0.006341836
0.006349398999999999
0.005678463
0.007709654
0.005815693
0.008895291
0.007351637
0.006497197
0.007136027999999999
0.007357379
0.009181921000000001
0.007839032
0.006119351
0.013730734
0.007262032000000001
0.005848459999999999
0.008296073999999999
0.0063875270000000005
0.006368343
0.0056880310000000005
0.007730508999999999
0.005504917000000001
0.006351608999999999
0.0063451950000000005
0.006328992
0.007564313
0.007288441999999999
0.007239166
0.005996907999999999
0.006441607000000001
0.007432939999999999
0.006851487
0.006119275999999999
0.008836325999999999
0.0053529120000000005
0.009368854000000001
0.006548764
0.006174262000000001
0.006093072000000001
0.007457918999999999
0.006173019999999999
0.006465538
0.006580891999999999
0.005290531
0.007338924999999999
0.006346040999999999
0.006486148
0.006460999
0.006726842000000001
0.005211614
0.0076603
0.008301107
0.005197059999999999
0.005660803
0.007972969000000002
0.009660463
0.005827019
0.006816448
0.005790579
0.007178307999999999
0.007354043
0.005880710000000001
0.00780099
0.005728274
0.0066611710000000005
0.009019039
0.006104478999999999
0.005994642
0.0063785940000000005
0.008250246
0.005351899
0.005879743
0.006069467
0.009219401
0.006741431
0.006918669999999998
0.006416997
0.008005746999999999
0.004716005999999999
0.004762188999999999
0.011888914
0.0054115909999999995
0.0049081950000000015
0.009545528999999999
0.008179852999999999
0.007140108
0.007165273
0.0069852280000000004
0.01061244
0.006861507
0.007406718
0.0062276530000000005
0.0076058290000000014
0.011199344
0.007107973000000001
0.004903753999999999
0.005803525
0.009852661
0.007712047999999999
0.006732213
0.007010054
0.012395926
0.005496401000000001
0.0075798969999999995
0.008738738999999999
0.010091195000000002
0.00502679
0.0076802070000000005
0.005254478
0.009402490999999999
0.006113536
0.005144659999999999
0.006981571
0.0074247739999999994
0.007141468999999999
0.005641483
0.006124653000000001
0.009189464999999999
0.008065915000000002
0.008924261000000001
0.006373902999999999
0.007171869
0.007079788000000001
0.008136755
0.008733982000000001
0.00636095
0.006742635
0.005194882
0.005554529
0.006009157
0.008150715000000003
0.0072603730000000005
0.007821217
0.006426685000000001
0.006893758000000001
0.005980164
0.006275337000000001
0.011452379
0.008951127000000001
0.008875058000000003
0.008204174
0.00866269
0.005975865
0.005252345
0.005644875
0.011859080999999999
0.005874215
0.006343109
0.007841022
0.006473334
0.010770042
0.012391396
0.006889933
0.006609559999999999
0.0060460570000000005
0.008976417000000002
0.0072607340000000005
0.007136736
0.008216507
0.006634030999999999
0.011467741999999998
0.006490179000000001
0.006043556000000001
0.005865743
0.008526362000000001
0.007433621
0.009393645999999999
0.00713979
0.008831274
0.006288702
0.006499126
0.005972563
0.011062153
0.007046027999999999
0.009322507
0.006077395999999999
0.005743128000000001
0.010108732
0.0054822360000000014
0.010779422
0.006060183
0.012395826000000002
0.006811519000000001
0.006625175
0.0073779959999999995
0.005863571
0.006040672000000001
0.010314844
0.006029242999999999
0.007346532
0.006374626999999999
0.006824589
0.009485186000000001
0.006957235000000001
0.006074495
0.004801299
0.007615085999999999
0.006261747
0.005377880000000001
0.007639403
0.008669009
0.007168846
0.0076136400000000005
0.00561405
0.007357284
0.006197319
0.006102793
0.005645328
0.006268838
0.009540495
0.006667261999999999
0.007408782
0.005737148
0.007267025000000001
0.007232772999999999
0.006483815
0.009685427
0.00636195
0.010523959
0.005014288999999999
0.007655970000000001
0.010569633000000002
0.009733259000000001
0.012486214
0.006187387000000001
0.007112326999999999
0.007007177
0.007749301
0.005757981999999999
0.0062606419999999986
0.009714802
0.006236757
0.005952726
0.008144736
0.006747332
0.007589716
0.0074185169999999995
0.010417810000000001
0.007257851
0.008524246000000001
0.006820876
0.0069765999999999995
0.007760600999999999
0.010013974999999998
0.006779912
0.009929243999999999
0.006285743
0.006806288
0.009618942
0.00703052
0.010113107000000001
0.007185669999999999
0.009622717000000001
0.005137968000000001
0.008408886
0.008250167
0.005795489000000001
0.00774281
0.005192748999999999
0.007475441000000001
0.011509990999999999
0.008429882
0.006261836
0.007589764000000001
0.008085202000000001
0.008061908999999999
0.006459455999999999
0.006167371
0.004972314
0.007574358999999999
0.00579108
0.007783372999999999
0.0061990990000000004
0.009730249
0.005873681999999999
0.007154562000000001
0.006192183
0.007663952
0.0049338640000000005
0.006354776000000001
0.005818468000000001
0.007255139
0.007616338000000001
0.006019049
0.005890613999999999
0.005323631999999999
0.005739726999999999
0.007912027
0.007106825999999999
0.007815956
0.007284055
0.007049886
0.009616546
0.011085617
0.009931095000000001
0.006264248000000001
0.007225244999999999
0.006512881000000001
0.008944314
0.006053424
0.007320661000000001
0.007865193
0.008603802999999998
0.011027833999999999
0.005241994
0.00625615
0.008104383999999997
0.008807595
0.006291874000000001
0.006238916999999999
0.007580138
0.009718099
0.007753404
0.01084502
0.013901159999999997
0.010577547
0.018224422
0.006152731000000001
0.008561226
0.015050803000000001
0.015237353
0.010980353
0.011184267
0.010482792
0.009377143999999999
0.016427080999999993
0.01711887
0.010836674000000003
0.008263542
0.010392907
0.017357063
0.012347948000000003
0.006946924
0.013545579
0.011701246000000002
0.017881983
0.010893945
0.006959143000000001
0.009037047000000001
0.014173326
0.011536934000000002
0.014178019
0.011123495
0.006094651
0.01188269
0.015702189000000002
0.011954849
0.012991079000000003
0.010101909
0.007173083
0.011759516000000001
0.019688172000000004
0.015974763
0.010628951000000001
0.008795761
0.015370390000000001
0.013786587000000001
0.013246145999999999
0.009327221999999998
0.011306153999999999
0.018950808
0.011015059
0.013061714999999998
0.015914400000000002
0.011503909
0.008927214000000001
0.014090325999999999
0.011782650999999998
0.018330395999999995
0.012111765
0.010523907
0.016092567
0.01301022
0.01210137
0.011140566000000001
0.009817578999999998
0.018147111
0.017172545
0.010090438
0.0065340139999999994
0.019416611
0.009797106000000002
0.008981372
0.018649456999999998
0.01076875
0.021989841
0.012034236
0.015554562999999999
0.023434926000000002
0.010511771999999999
0.011546913
0.00658946
0.009793077000000004
0.010013610000000001
0.015262372
0.015345822
0.008514983
0.010475273
0.015626646
0.015302758999999999
0.012051430000000002
0.011418656000000001
0.008824592
0.012082293
0.009770833999999999
0.015305344
0.01066269
0.017453564999999997
0.010511132
0.010049483
0.010377229
0.008540415
0.018550746999999992
0.01274399
0.011938037
0.010524138000000002
0.011894375
0.0075105680000000005
0.008717755999999998
0.008961723
0.0075311150000000006
0.008781958999999999
0.005527248
0.009009707
0.00650851
0.004354121
0.009459724000000001
0.005375393
0.010158669
0.0065213300000000005
0.007483854999999999
0.006778472999999998
0.007856716
0.006412261
0.0070709860000000005
0.005712004
0.004513818000000001
0.010498362
0.007166840000000001
0.007384402
0.006705236
0.010404496
0.005296177
0.0057021450000000005
0.006001836
0.004341824
0.005231043
0.0068539939999999995
0.0069160820000000005
0.009509175000000002
0.00680696
0.005506466000000001
0.01030547
0.006759075999999999
0.008945574999999999
0.007596385
0.006840747
0.005762958
0.007044899
0.006237662
0.008807399
0.006934186
0.00673682
0.0072626060000000004
0.007632807
0.006405767
0.007826092
0.008432311000000001
0.0059123710000000005
0.006936653
0.006999292000000001
0.007513581
0.0070844589999999995
0.006210263
0.005329370000000001
0.007727964000000001
0.00541759
0.006141204999999999
0.0055902849999999995
0.008871575
0.006521144000000001
0.006585525
0.008175777
0.006164912
0.0054015949999999995
0.011982111
0.007075920000000002
0.008877799
0.00874779
0.006195426
0.005592846
0.005902835
0.013224391000000002
0.008554337
0.007356977
0.007251515
0.008086647
0.012163786000000001
0.008076110000000001
0.006667318
0.006861541999999999
0.009645163
0.0065051250000000005
0.008102364999999999
0.005285827
0.014681683000000001
0.008504895000000002
0.007173092999999999
0.008662023000000001
0.006368112000000001
0.007023638000000001
0.0068533990000000005
0.009382169000000001
0.006482888
0.005216009999999999
0.008631727000000002
0.007777818
0.005917900000000001
0.005961767000000001
0.006717729
0.0067154849999999985
0.006767324999999999
0.0055143180000000016
0.006207012
0.008196652000000002
0.009763622999999999
0.007108579
0.006192718000000001
0.006542248000000001
0.005576001
0.010434853
0.012980982
0.007952220999999999
0.007957813999999999
0.005815153999999999
0.007033646
0.007412523
0.006874727000000001
0.006381686
0.007905149
0.007532443999999999
0.0072768469999999995
0.007532509
0.00946479
0.01267518
0.007601608
0.006814455
0.005108743999999999
0.0051151700000000005
0.009027842999999999
0.0051692529999999995
0.006476663
0.011078908
0.00697521
0.006808753000000001
0.010348089000000001
0.007008242999999999
0.010610885999999998
0.0104428
0.005423958999999999
0.007848520999999999
0.006435794
0.006244568
0.005727541
0.007667518
0.008385212
0.008447057000000003
0.008737803999999998
0.013772161000000002
0.006707187
0.005467845
0.00707516
0.008198409
0.009792654999999999
0.007529505
0.0073135150000000005
0.006857889
0.006340318
0.006187987
0.0067453819999999986
0.005534974999999999
0.009764136999999999
0.007992434999999999
0.008353012999999998
0.0091226
0.005322924000000001
0.008070597000000002
0.005120172000000001
0.008267163
0.0069300959999999984
0.005663578
0.010115237000000001
0.007083963
0.005331051
0.01366661
0.007118524000000001
0.009011055
0.008386372000000001
0.007665221000000001
0.008700101
0.005490974
0.006241632999999999
0.00720484
0.006159588
0.007281064999999999
0.00799343
0.006980705999999999
0.009604956999999999
0.005997775999999999
0.007330173999999999
0.006576381000000001
0.007308052000000001
0.006544304
0.00631068
0.006087636
0.007875666
0.007571224999999999
0.008059378
0.0077353299999999995
0.006211954
0.006285169
0.008832406999999997
0.005281203999999999
0.011710864999999999
0.005686667
0.008110894
0.010521162
0.007965044
0.006876537999999999
0.006834280000000001
0.008035986999999998
0.006936578999999999
0.006513749999999999
0.006835634000000001
0.007525637
0.010101734000000001
0.007018652000000001
0.008593026
0.005519232
0.006424851
0.007102044
0.005461508
0.0073762440000000006
0.007222206000000001
0.006744398
0.006606951
0.00817931
0.010148138
0.0066138030000000006
0.008075994
0.006416688
0.006009211
0.012150764000000001
0.005679942
0.009303616
0.007802534000000001
0.006707255
0.010541685999999998
0.006758773
0.006465938
0.006555714999999999
0.006983972000000001
0.009657523999999999
0.007469548
0.006894443
0.005752935
0.008353628
0.007708609
0.007470137999999999
0.0066326069999999996
0.006360091
0.007179192
0.007808768999999998
0.011263277000000002
0.0070896119999999995
0.007557726999999999
0.006425701
0.00677113
0.007571658000000001
0.005873106
0.006773894
0.006241351
0.008066482
0.008826278
0.009842515
0.008488303999999999
0.0062382620000000005
0.007324523999999999
0.008907577999999998
0.006834575
0.006764477
0.007337464000000001
0.006672231999999999
0.009448738
0.006772729999999999
0.00617556
0.007992782
0.009182104
0.006539923
0.006574305999999999
0.007050291
0.006554793000000001
0.007305842
0.007115417999999999
0.007020339
0.007525579
0.006686719
0.008176402
0.0071402090000000015
0.008326357999999999
0.007356884000000001
0.006763466
0.006768137
0.006463759
0.007683506
0.008988383999999999
0.004902224
0.010340334
0.012791183000000001
0.008031515
0.006140165
0.006159518
0.008514663
0.005707667999999998
0.00834239
0.00830983
0.005865346
0.008755698999999999
0.0054560599999999996
0.008522598999999999
0.010974688
0.010436542000000002
0.0069002740000000005
0.009220935
0.007134907
0.007606256
0.012671822999999999
0.007462565
0.008941474999999999
0.00882692
0.010689767999999999
0.009375501999999999
0.009085539
0.006130437000000002
0.008760298000000003
0.006977041000000001
0.009126974999999997
0.006845817999999999
0.008086483
0.005838594000000001
0.006796755
0.010397097
0.009587725
0.006301039
0.00730526
0.0071890650000000006
0.011502944
0.005399498
0.011644088
0.006955266999999999
0.009912582
0.008506017999999999
0.0065266659999999995
0.006110111999999999
0.008143154
0.006514159
0.006020361
0.007217344999999999
0.00830516
0.006751113999999999
0.005984469
0.005468894
0.005337569999999999
0.007845752
0.0059434150000000005
0.006609083
0.007270399
0.006554774000000001
0.0072491019999999995
0.006791186
0.007526517
0.007783345999999999
0.0063369739999999996
0.005828293
0.010694673
0.008254669000000001
0.006979642000000001
0.009824826
0.009628040000000001
0.005746443999999999
0.006802284
0.009603180999999999
0.008858294
0.009992219000000002
0.006947025
0.009286616
0.00830334
0.007516824
0.005557479999999999
0.008887401999999997
0.007553503
0.009180617
0.00828705
0.009679277
0.007869255
0.007959944
0.009326284
0.005979896
0.006437174
0.007871202
0.009347511
0.007399589
0.008067285999999998
0.0066182459999999995
0.006982941
0.006226766
0.006879176
0.007984865999999998
0.007898415
0.006580442
0.008800779
0.008784808
0.006640709
0.007316546
0.005758691
0.008206591000000001
0.0077134
0.008131719
0.006162181
0.009675056
0.008962241000000001
0.008819047
0.005894475
0.010851038
0.008584503999999998
0.00676822
0.007571897
0.006379449
0.006468626999999999
0.004005835
0.008166066999999999
0.007848005
0.008864624
0.008088146000000001
0.0067885309999999996
0.005469472
0.006797342
0.008735624
0.008504603
0.006539625
0.005381626999999999
0.009533674
0.00649109
0.00847986
0.005995448000000001
0.010240527000000001
0.006329411000000001
0.006407381000000001
0.005491426000000001
0.006249805999999999
0.010586302
0.008170794
0.007620705
0.007671353
0.006777585999999999
0.007172609999999999
0.005697863
0.008412633000000001
0.0072091839999999996
0.006039896
0.008870834000000003
0.012504075
0.011715167000000002
0.009809291000000001
0.006197978
0.006898267999999999
0.01066754
0.007469775999999999
0.008232049
0.007553653
0.012717437999999998
0.007360826999999999
0.007693002
0.009871449999999999
0.007281949000000001
0.008979183000000002
0.011349547
0.00962729
0.008310506999999998
0.008057960000000001
0.006063013999999999
0.009672586
0.007427990999999999
0.008654545000000001
0.016079717
0.006062418
0.007218528
0.004655197000000001
0.007103708000000001
0.009475846
0.008655044999999998
0.006439866999999999
0.006001103999999999
0.011198765
0.006874343999999999
0.012569737
0.006666625
0.0070716419999999995
0.008222276
0.006615775000000001
0.011433638999999999
0.005691156
0.006232373
0.008301016
0.0071792670000000005
0.006887686
0.007960634
0.006928597000000001
0.010227484999999998
0.006575622
0.007263966999999999
0.007746767
0.012003373
0.012812769000000002
0.007531553
0.008475741
0.008681630999999999
0.0057312380000000005
0.00853155
0.009357558
0.007357344000000001
0.007404720999999999
0.006137151999999999
0.006622653000000001
0.005112641
0.012487293000000002
0.005701857
0.006343528999999999
0.005942124000000001
0.009965101999999998
0.0070779810000000005
0.007511606
0.011005192
0.008818656999999999
0.009787363
0.009167017000000001
0.009815023
0.007501018999999999
0.010481298000000002
0.007489496999999999
0.006110844
0.007225280999999999
0.006648573
0.00700895
0.00645489
0.005423398
0.008165869999999999
0.006822939000000001
0.010497447
0.011178832999999999
0.008298673
0.009549421
0.005347446
0.008195418999999999
0.00585777
0.005531652
0.007176965
0.010866774000000001
0.011923772000000001
0.011339463000000003
0.007536276999999999
0.00586933
0.006746557000000001
0.011846177999999999
0.007225680000000001
0.006394108
0.006747112
0.007370318000000001
0.01008952
0.006288112999999999
0.007109106999999999
0.006605492
0.006268425
0.010425333
0.008322867
0.007078131999999999
0.006001235000000001
0.009419101999999999
0.007118944
0.006668496000000001
0.008151834
0.007472405
0.006295258000000001
0.006466431999999999
0.007802063
0.007107229
0.005913018999999999
0.006920978999999999
0.008113832
0.006581574
0.007775028999999999
0.005030234999999999
0.010224051999999999
0.006500817999999999
0.007806910999999999
0.005680864000000001
0.006358566999999999
0.00717043
0.007575051000000001
0.006742564000000001
0.006639464
0.005403033
0.008070008
0.010795841999999998
0.010655164
0.009276359999999999
0.007207724
0.008054430999999999
0.00586054
0.010179216
0.008251786999999998
0.005582678000000001
0.008526027
0.006213528
0.008944689999999998
0.01304811
0.016066798999999996
0.012008382
0.017560962000000003
0.010314247
0.012634265
0.009580332999999998
0.017176603999999998
0.012956483
0.013933675000000001
0.007194639
0.008791628000000001
0.01483565
0.010072532
0.010260726999999999
0.009229868
0.005959683
0.010322442000000001
0.010437436000000001
0.016231517000000004
0.015316688999999998
0.02010764
0.017737105000000003
0.013660451
0.017549140999999997
0.010526146
0.010043115999999998
0.010623466999999998
0.0068431360000000005
0.015308519
0.015104041
0.013349743
0.012120567
0.014202804000000001
0.008751013
0.015158427999999998
0.014106978999999999
0.011279077999999998
0.015776188999999996
0.007784175
0.007707826999999999
0.025581829000000004
0.010130111999999998
0.010611722999999998
0.011224334999999998
0.009380722000000001
0.015636058
0.012415139
0.01445821
0.014273794999999999
0.015158661
0.016229523
0.025609451999999994
0.013911187
0.011797041000000001
0.019230891000000003
0.009438463000000001
0.006792418
0.011558205
0.008841255000000001
0.02068736
0.010514587999999998
0.011733988999999998
0.012038403000000001
0.010709968999999998
0.010660329999999999
0.008587101000000001
0.015706615
0.014623598
0.0148085
0.011992820000000001
0.021490662
0.009837349000000002
0.008126107
0.016885004000000002
0.0076319890000000005
0.01070248
0.015160785000000001
0.014477229999999997
0.012741498999999998
0.018376042
0.017775421
0.011006162
0.007994794
0.012592483999999998
0.016550555
0.015002884
0.012450128000000001
0.018381299
0.008535158
0.012369064
0.011453281000000001
0.009970627
0.010372095
0.015515313
0.007979792999999999
0.010847749999999998
0.009592672999999998
0.010500017000000002
0.010214578000000002
0.009251684
0.019928360999999995
0.013391806000000001
0.018656335
0.014559405
0.008563442
0.020911526
0.013723022
0.013215308
0.009802219000000003
0.01079584
0.005620568999999999
0.006782137000000001
0.007686039999999999
0.007150332
0.008593984999999998
0.005742350999999999
0.006942443999999999
0.0078036
0.006705476000000001
0.0074228620000000006
0.008399908999999999
0.006537186
0.005642468999999999
0.005409825000000001
0.008889934000000002
0.007277951
0.007294698
0.006425370999999999
0.010243097000000001
0.006804269000000001
0.006973648
0.006231011
0.006598701
0.0075318
0.006632240000000001
0.009466226999999999
0.009709774000000001
0.009117361000000001
0.0067703239999999994
0.01028159
0.009021888
0.008729434999999997
0.010527414
0.005373398999999999
0.007361013
0.006136101999999999
0.006822499
0.007013392
0.006915567000000002
0.011296777000000001
0.01012506
0.0052533530000000005
0.004978059999999999
0.00658412
0.0077488620000000005
0.004502773
0.007594923
0.006493457
0.00529026
0.006874381999999999
0.0072129379999999995
0.009222287000000001
0.008716380999999999
0.00907061
0.0069512129999999995
0.0058576719999999995
0.007432655999999999
0.008841356999999998
0.008965250999999999
0.009167556000000002
0.007826523
0.006936232
0.006538768000000001
0.007480066999999999
0.010109122
0.008579950000000001
0.00797197
0.0076095469999999995
0.006991174000000001
0.008056332999999999
0.009239049000000001
0.006664724
0.007396160000000001
0.0065786329999999995
0.005622617
0.006168343000000001
0.006471477000000001
0.008626536
0.0047006339999999995
0.006108695000000001
0.005960811999999999
0.0058599229999999995
0.006874678
0.011791893
0.008391622000000001
0.006517702
0.006858655
0.007696501
0.010337302
0.013931655000000001
0.009232221999999998
0.006351299
0.004403361999999999
0.010932649999999999
0.007275312
0.007752063000000001
0.012862414
0.006458454000000001
0.006879110000000001
0.008557625000000001
0.006431217000000001
0.009663249
0.007194822000000001
0.005416371
0.006700608
0.006294124999999999
0.005741545000000001
0.005619841000000001
0.008250663
0.005049294
0.0061357040000000005
0.006660361
0.006139557000000001
0.007401708000000001
0.008437522
0.011066254
0.008617589
0.006807219
0.006888321
0.007604072000000002
0.009848688999999999
0.0064123010000000005
0.007158139
0.006891796999999999
0.009440434999999999
0.008401061999999999
0.008688756999999998
0.008062913
0.006646606000000001
0.009249066
0.0077139899999999996
0.008841650999999999
0.00898423
0.006300910999999999
0.0067607660000000005
0.006760412
0.009939453000000001
0.006320212000000001
0.006247555999999999
0.007576221000000001
0.007470405999999999
0.0060663470000000014
0.006406549
0.011364550999999999
0.00556536
0.012978141
0.006398385999999999
0.006323441
0.006810027
0.009878308
0.007207487
0.007970823
0.009314155999999999
0.006664987
0.0067236629999999995
0.010575658
0.008459745000000001
0.006245809
0.007256230000000001
0.006194740999999999
0.007536147000000001
0.0066112770000000005
0.007804248
0.007368089
0.009844766000000001
0.007574638999999999
0.005680812
0.010537827000000001
0.010648764000000002
0.0077347000000000015
0.006815390999999999
0.00825017
0.008269503000000001
0.006392779
0.009818368999999999
0.007336446000000001
0.008286222000000001
0.006024643
0.013384232999999999
0.009388915000000001
0.008338476
0.009477412
0.0070942950000000005
0.008076953999999999
0.007574787
0.013025069
0.008215802
0.009724582999999998
0.004710705000000001
0.005865458999999999
0.008467873
0.006990965
0.010976114000000002
0.007321664000000001
0.006026926
0.0064098160000000005
0.008019710999999999
0.007014475
0.0060865369999999995
0.0064888079999999996
0.013655636999999998
0.005355527
0.010042069
0.007992505
0.012476768000000001
0.006689071000000001
0.007847904
0.006348041
0.007192058
0.006677746
0.007497108
0.009036668000000001
0.006785748
0.006894777
0.005586867999999998
0.009012452
0.011900104
0.006077103
0.006229776
0.006881432999999999
0.005663901
0.005660389
0.007598116
0.009890305
0.0055146510000000015
0.008229054
0.009093025999999999
0.008275746
0.008024006
0.009290591000000003
0.007890222
0.006522722000000002
0.009346723
0.0075306520000000005
0.007377535
0.007800110999999999
0.006246916
0.006764593000000001
0.007945889000000001
0.00870576
0.010941929
0.011886696
0.005424384000000001
0.006303179999999999
0.00609009
0.006720295
0.007329650999999999
0.00913481
0.007915654
0.010924752999999999
0.006205745000000001
0.008935913
0.007424727000000001
0.010676766
0.00658762
0.006921311000000001
0.011398133000000001
0.009361961000000002
0.00672566
0.008525836999999998
0.006359729
0.007400787000000001
0.009178353
0.009886411
0.007429633
0.007255510000000001
0.010135464
0.00797554
0.007920043
0.007307861000000001
0.007403587999999999
0.007130121999999999
0.007695227
0.009966352000000001
0.005647508
0.008939361000000002
0.008465865000000001
0.010521491999999999
0.006572953
0.008518104
0.010253877
0.0063657
0.007820578
0.00950969
0.007853904
0.008777763000000001
0.007944435000000001
0.005850238
0.00729459
0.006378273999999999
0.005440874999999999
0.006787183000000001
0.009369443
0.008448528999999998
0.006756784000000001
0.007766629
0.008675612999999999
0.0063262859999999995
0.008167692
0.009866355
0.006884665999999999
0.010816335
0.005879853
0.005419996
0.005297741999999999
0.009308847
0.006881727
0.007305095
0.0057053550000000005
0.006727704000000001
0.007369441
0.007945490000000001
0.007081833
0.006041831
0.010872008
0.005725380999999999
0.009617634999999998
0.0060510799999999995
0.0071308809999999995
0.007593939000000001
0.006857601
0.006270265999999999
0.008033924999999999
0.007379195
0.0043390799999999995
0.006473205000000001
0.007152666000000001
0.0063285749999999995
0.007756982999999999
0.005632561
0.006313470000000002
0.005739272
0.007178226999999999
0.008130582999999999
0.006008907
0.006124449
0.007954952000000001
0.007135647
0.006186929
0.0074555360000000005
0.00917467
0.005764093
0.006134753000000001
0.008206848999999999
0.007741899000000001
0.010374764
0.008965643000000002
0.004832455
0.008787863
0.006676092000000001
0.008778672999999999
0.010305201999999998
0.005633465999999999
0.007633188999999999
0.007699002
0.007260481000000001
0.007826177
0.008786462
0.0070405
0.007970464
0.006294816
0.006680570999999999
0.011032533
0.007239289
0.0072613800000000004
0.009521333
0.010080921
0.007660360999999998
0.011492152
0.004772675999999999
0.006953359
0.006148289
0.010920509000000002
0.009984012999999998
0.009367140000000001
0.008277367
0.011006641999999999
0.005346595000000002
0.010527032
0.009795839
0.011753379000000001
0.007316834999999999
0.0064008419999999995
0.005648852000000001
0.006567166
0.006101237000000001
0.006501394000000001
0.006387196
0.010028421
0.008508807000000002
0.005308739
0.009377794000000002
0.009730028
0.007274306000000001
0.008795112000000002
0.006834976999999998
0.006905198
0.006633366
0.009494150000000002
0.006825973
0.008117282
0.006810526999999999
0.007548721999999999
0.006461552000000001
0.006700572
0.006306593999999999
0.010886031
0.0054317540000000004
0.0066768850000000005
0.010401972
0.007468440000000001
0.008594778
0.006649302
0.007458851000000001
0.007831643999999999
0.0073483260000000005
0.011541017
0.007843965999999999
0.008010721000000002
0.0047795
0.009839872
0.008523988000000001
0.012183265
0.005434444
0.0050957020000000006
0.011942393
0.0058662869999999995
0.009888598
0.008739934000000003
0.008586301000000001
0.006912718000000002
0.009019860999999999
0.008720789
0.0074530429999999995
0.004322151
0.010475596
0.00906524
0.008753565
0.008345988
0.005703974
0.010546764
0.006550718
0.0059666139999999986
0.008858088999999998
0.00672556
0.011183842
0.009751862
0.010051405000000001
0.00582489
0.00829299
0.006147349
0.008211475000000001
0.0068215440000000006
0.007758674999999999
0.005975512999999999
0.00866183
0.008301492
0.009059648
0.007201265
0.010094684
0.008620249000000002
0.013881376999999997
0.0058737319999999996
0.008546463
0.006754956000000001
0.00578082
0.009337967
0.006624436
0.006463796
0.005783916999999999
0.005705846
0.006997489
0.00853199
0.006498998000000001
0.006477087
0.007815424999999999
0.006515305999999999
0.007019943000000001
0.008791984
0.006704913000000001
0.010569589999999999
0.006895366000000001
0.006609265
0.006032435000000001
0.006056298
0.006122219999999999
0.006457384
0.006278786
0.0074327759999999994
0.006694869
0.007497849000000001
0.006302451999999999
0.008192578
0.007527358999999999
0.007145637000000001
0.0060309560000000005
0.006176185
0.012426825
0.0075014850000000004
0.006405605000000001
0.006185278
0.008934418999999999
0.010159444000000002
0.006843464
0.008579101
0.008394176
0.008853909000000002
0.008701936999999998
0.009076182
0.006633647999999999
0.007305774000000002
0.008471001000000002
0.011156485
0.010606267999999999
0.008075207
0.008525948
0.007905153
0.007716774
0.007222542000000001
0.008462373
0.0069706970000000005
0.007194235999999999
0.007965198
0.0061031670000000005
0.007823404
0.011653282
0.007995671000000001
0.007053843
0.006697213999999999
0.006445862000000001
0.007740458
0.00833304
0.007461990000000001
0.007222006
0.006215852
0.009168854
0.012074294000000001
0.005837428999999999
0.009445692
0.006267047999999999
0.008802609999999999
0.009400947
0.010902342000000002
0.009637279000000002
0.006634012
0.00497122
0.008357369000000002
0.009432726
0.006473994000000001
0.008770751
0.010451542999999999
0.010014231
0.006265798999999999
0.010552828
0.006421743999999999
0.012157952
0.006946637999999999
0.007002385000000001
0.008523972000000001
0.013874494000000001
0.005674515000000001
0.006169285
0.010744654999999999
0.006838883999999999
0.00650384
0.003965374
0.010647932
0.007582584999999999
0.007076468
0.006447369
0.007910462
0.008230676
0.008777924
0.008127890999999998
0.01348713
0.005539242000000001
0.016265152
0.014913846000000001
0.01591433
0.009632525
0.019130878
0.015285469000000003
0.011244975
0.007566976
0.022249156000000003
0.00951586
0.014459463
0.017391638
0.012682502
0.011678537999999999
0.009620682999999998
0.018582495
0.012039227999999997
0.011225824
0.011089726
0.009197690999999997
0.016804753
0.007895889
0.006706098000000001
0.010366677
0.016718179
0.0209907
0.013263854
0.02474763
0.011793362
0.016594356
0.009997384
0.015669202
0.015666017
0.00739343
0.013836155
0.011964615
0.014463013999999998
0.014762125000000003
0.019919714000000005
0.018417149999999997
0.012196875999999999
0.005426798
0.022167527999999995
0.015005046999999999
0.012154327
0.01579902
0.009934366999999998
0.014130491999999998
0.012694448
0.014591895999999998
0.009270042999999999
0.013488702999999998
0.01803217
0.022362955
0.010166257
0.007880345
0.008192637
0.017091350999999998
0.009971368
0.012953028
0.016826294
0.009240613000000002
0.009050686
0.02349049200000001
0.014590003
0.021723649999999997
0.008524985
0.018918542
0.011713143000000002
0.008188219
0.017751699
0.013379028999999999
0.010541334
0.01512828
0.020649647
0.011020637
0.017452525
0.017909169000000006
0.013628226999999998
0.009758218
0.013732561
0.014060811999999999
0.011756621
0.016693703
0.009335616
0.010265663
0.014374908000000002
0.020328504
0.015551714000000001
0.011207207
0.011561735
0.008812423000000002
0.016678828
0.01066387
0.0074217779999999995
0.013721022999999999
0.009315454
0.019972751000000004
0.012810850000000002
0.011062716000000002
0.011276746999999998
0.0076853600000000005
0.008775745000000001
0.008770917
0.009336735999999998
0.007218132
0.0056584899999999995
0.008115520999999999
0.009618839000000002
0.007690077000000001
0.010834354000000001
0.00772498
0.007457578999999999
0.008131458000000001
0.008885904
0.0069579939999999995
0.007526731
0.008372938
0.0065719559999999995
0.009092131000000002
0.011564388000000002
0.007523646
0.009095102
0.010282874000000001
0.007354969
0.006320841999999999
0.00915652
0.005665119000000001
0.007059118000000001
0.008254589000000001
0.005658157
0.0064925140000000004
0.008269677999999999
0.006449203000000001
0.007719325
0.012259762
0.009248279000000002
0.007669431000000001
0.006805670999999999
0.007011369
0.006909873999999999
0.006308858
0.010064037999999999
0.0067408159999999984
0.0066045850000000005
0.007077969999999999
0.007109963000000001
0.010666769000000001
0.005670369
0.006563348000000001
0.007214099999999999
0.007095290000000001
0.008635532
0.004700948000000001
0.006916616
0.005929571000000001
0.00876063
0.006925828999999999
0.010139292
0.0074934780000000005
0.005385203000000001
0.013611307000000001
0.008201616999999998
0.009151376
0.006734153000000001
0.006142398999999999
0.0074219329999999995
0.005533202000000001
0.005927025
0.006274808
0.004816907999999999
0.006445876000000001
0.007163199
0.007024524
0.006294894
0.007077865
0.007244786999999999
0.010074452999999999
0.0069530259999999984
0.008970851
0.008106904
0.00915906
0.007780952
0.004292347000000001
0.007853133
0.005862174999999999
0.007334411000000001
0.006091186
0.006227333999999998
0.007262513000000001
0.010072989000000001
0.008944312
0.009422189000000001
0.008517084999999999
0.008151735
0.008125896
0.007323231999999999
0.006947752
0.011192619000000001
0.007741280000000001
0.006051357999999999
0.010089423
0.0060914789999999995
0.008025111
0.00757941
0.009147464000000001
0.009955772000000002
0.009754934
0.011021045
0.009746551
0.008079231
0.008195019
0.007732820999999999
0.010459437
0.006933350000000001
0.00614922
0.012035711
0.0063502590000000005
0.006082441000000001
0.006984513
0.007418191999999999
0.007687484999999999
0.008165251000000002
0.008201783
0.009067085999999999
0.005904815
0.008663595999999999
0.007529995999999999
0.006509714999999999
0.005835471
0.007143184999999999
0.0062648439999999994
0.007185691
0.008018979
0.009330492
0.008407479
0.005609603999999999
0.006293501999999999
0.008960962999999999
0.009381818
0.009756108
0.006488164000000001
0.014728847
0.009971297
0.006583223
0.011898719999999998
0.0065936829999999995
0.014331637000000001
0.007446951
0.009064059
0.007692307
0.0055219679999999995
0.007304942999999999
0.007213714
0.013090164000000001
0.005631053
0.007557217999999999
0.0072210569999999995
0.009983874999999998
0.006852349000000001
0.007032423
0.008169866999999999
0.006116456
0.009609297999999999
0.006108374000000001
0.006237492999999999
0.008430634000000001
0.008141952999999999
0.008245182
0.00612254
0.007135011
0.008815630999999999
0.008255489
0.005800728000000001
0.007245237
0.006318724
0.011097891
0.008149835
0.009046961999999999
0.007412162999999999
0.009744972
0.007923103
0.008471442
0.010540882
0.012698278
0.006463826999999998
0.007228361000000001
0.007410597
0.007115516999999999
0.007082038
0.007657850000000001
0.007533932
0.011546742999999998
0.008923233
0.009153416
0.007637657999999999
0.006670886
0.009118125999999999
0.007344736000000001
0.012328527999999998
0.008189179999999999
0.0057221450000000005
0.005085354999999999
0.009321395000000001
0.007231032000000001
0.007771518999999999
0.006859077999999999
0.006579951
0.008802054
0.0069850450000000005
0.007966616000000001
0.011811206999999999
0.006165647000000001
0.00827423
0.00618465
0.005850508
0.009854542
0.007536429000000001
0.007618962000000001
0.007878641999999998
0.01266655
0.007802206999999999
0.006330441
0.008550259999999999
0.009090898
0.006509976999999999
0.007655791999999999
0.0073323699999999995
0.008881287
0.009848862
0.007310148
0.007983944
0.0066984969999999994
0.008109943
0.006871705
0.009963020999999999
0.006964475
0.0071308230000000005
0.009445231999999998
0.0065932310000000015
0.007265683999999999
0.00037527599999999996
6.0864999999999994e-05
