0.000011093
0.000330464
0.000062827
0.000074880
0.000018346
0.000568658
0.000459746
0.001054764
0.000377998
0.000438422
0.000717491
0.000546575
0.003626764
0.000510335
0.000761271
0.003605664
0.000512898
0.000533462
0.000500202
0.000921190
0.000533700
0.001992285
0.000667989
0.000498474
0.000454009
0.001002550
0.000466347
0.003041506
0.002265811
0.002300620
0.002180815
0.003990650
0.000588775
0.000508785
0.000955939
0.000516415
0.002806067
0.001068950
0.000546336
0.000937939
0.000520468
0.000430107
0.000714064
0.004145384
0.000367880
0.002685189
0.000901580
0.000475883
0.000522017
0.000532389
0.000477791
0.000567436
0.000562668
0.000791550
0.000941515
0.000926971
0.000599861
0.002704859
0.000546455
0.000661850
0.000796556
0.000598907
0.003872871
0.000480413
0.000554800
0.000783205
0.001302958
0.000652790
0.000494719
0.000580788
0.000390291
0.000430584
0.001685143
0.000423431
0.000512600
0.001037359
0.000558376
0.000616074
0.000503540
0.005997181
0.001020670
0.000461578
0.000400543
0.000460625
0.000616789
0.000498772
0.000946999
0.000489235
0.002021790
0.003872395
0.000443697
0.000584602
0.000493288
0.000472069
0.000522375
0.000865936
0.001041174
0.000416756
0.000776768
0.000583410
0.000785828
0.000429869
0.002894640
0.000789881
0.000515699
0.003233433
0.000478745
0.003934383
0.000801086
0.000790596
0.000729084
0.001722813
0.002131462
0.000432968
0.000689983
0.000681400
0.002034664
0.003996372
0.000694275
0.005010605
0.000625134
0.002491951
0.000446320
0.001015186
0.000792980
0.004443169
0.000443459
0.001242161
0.000505924
0.003926277
0.000846386
0.000483990
0.000725746
0.000555515
0.000869274
0.004105091
0.000415802
0.000991344
0.000986099
0.000481129
0.002724171
0.000417233
0.000846386
0.000924110
0.002239227
0.004642963
0.000566959
0.004611015
0.000369072
0.000996113
0.001621246
0.001319408
0.000895023
0.000521660
0.000485420
0.000596046
0.002457142
0.003049374
0.000457287
0.000384808
0.000535011
0.003365040
0.001642704
0.002911091
0.000413895
0.001419067
0.000600338
0.000486374
0.000794888
0.000594616
0.001019001
0.003184795
0.001272202
0.000999451
0.000972271
0.001709461
0.001022816
0.000905991
0.000774384
0.000426769
0.000416756
0.000722408
0.000997543
0.000505924
0.002848625
0.003249645
0.001029968
0.000970364
0.000701427
0.000389099
0.002853870
0.000953674
0.003020287
0.003275871
0.000642776
0.000595093
0.001018524
0.004792213
0.000519753
0.000552177
0.002192497
0.000374794
0.004231453
0.003085136
0.000943184
0.000610352
0.000471115
0.000550270
0.000576019
0.002840042
0.000545502
0.000447273
0.000499725
0.000529289
0.000513077
0.000946999
0.004922867
0.001262665
0.000764847
0.000975609
0.002451897
0.000928879
0.000708580
0.000838280
0.004581451
0.002116203
0.005105972
0.000479698
0.000407219
0.004196167
0.000495911
0.003242493
0.000906944
0.004429817
0.000955582
0.000488281
0.000880241
0.000370979
0.000751495
0.001867294
0.000536919
0.001023293
0.000466347
0.000736237
0.004157066
0.001486778
0.000905991
0.000946999
0.000892639
0.000371933
0.000886917
0.000762939
0.000540733
0.000782967
0.000617981
0.000431061
0.000440598
0.000947952
0.000439644
0.000534058
0.002475739
0.004147530
0.000513077
0.000560760
0.000544548
0.000795364
0.000536919
0.000983238
0.002705574
0.000651360
0.001705170
0.000922203
0.002102852
0.004806519
0.002183914
0.003273964
0.000529289
0.000510216
0.000555038
0.001019478
0.000350952
0.000460625
0.000870705
0.001714706
0.001035690
0.003049850
0.000970840
0.002186775
0.000810623
0.000569344
0.000967979
0.000981331
0.000722885
0.006844521
0.001031876
0.000512123
0.001974106
0.000660896
0.000930786
0.000971794
0.004034996
0.001076698
0.003393173
0.000419617
0.003586769
0.000906944
0.000571251
0.000907898
0.000677109
0.000914574
0.000706673
0.000445366
0.001018524
0.000998497
0.000724792
0.000686646
0.000542641
0.005944252
0.001066208
0.000458717
0.000329971
0.000542641
0.000594139
0.000658035
0.002639771
0.004247665
0.005100250
0.000397682
0.000530243
0.000598907
0.005022049
0.000534058
0.000391960
0.006542206
0.004326820
0.000778198
0.000542641
0.000881195
0.000537872
0.000498772
0.000853539
0.000730515
0.000504494
0.000861168
0.003424644
0.000533104
0.005063057
0.000488281
0.000465393
0.000424385
0.000511169
0.001058578
0.000910759
0.002087593
0.003491402
0.004644394
0.003384590
0.000771523
0.000991821
0.002940178
0.001011848
0.000927925
0.000911713
0.002059937
0.000494003
0.000433922
0.000631332
0.000857353
0.002374649
0.000398636
0.000953674
0.000889778
0.000607491
0.000438690
0.000980377
0.002000809
0.000466347
0.000498772
0.000846863
0.000641823
0.000639915
0.001407623
0.004549026
0.000887871
0.000882149
0.000947952
0.000574112
0.000444412
0.001567841
0.000514984
0.000944138
0.000955582
0.000490189
0.000806808
0.000999451
0.000522614
0.000759125
0.001974106
0.000885010
0.000469208
0.001920700
0.000696182
0.000955582
0.000537872
0.001007080
0.000967026
0.004074097
0.000513077
0.003791809
0.002983093
0.000923157
0.000526428
0.004224777
0.000791550
0.000492096
0.000579834
0.001178741
0.000453949
0.000953674
0.000925064
0.002197266
0.005592346
0.002824783
0.002059937
0.000917435
0.000476837
0.003074646
0.000598907
0.002166748
0.003990173
0.002445221
0.000545502
0.004680634
0.000949860
0.000442505
0.000619888
0.000810623
0.001220703
0.000417709
0.001041412
0.000659943
0.004892349
0.000944138
0.001625061
0.000644684
0.000480652
0.005138397
0.000503540
0.000400543
0.004596710
0.000494003
0.000944138
0.001415253
0.002700806
0.000890732
0.000919342
0.001213074
0.000844955
0.002210617
0.001773834
0.001985550
0.000467300
0.002426147
0.004425049
0.000986099
0.001686096
0.004056931
0.000667572
0.004323959
0.000745773
0.000938416
0.002696991
0.000453949
0.002763748
0.000444412
0.003059387
0.000619888
0.000858307
0.004243851
0.000860214
0.004144669
0.000953674
0.000492096
0.000959396
0.000448227
0.000495911
0.000768661
0.000505447
0.003946304
0.005054474
0.000579834
0.001523972
0.004570007
0.004537582
0.000869751
0.000473022
0.000530243
0.000444412
0.000440598
0.000539780
0.001070023
0.000740051
0.000843048
0.000921249
0.005039215
0.000492096
0.004240036
0.000780106
0.000558853
0.000860214
0.000511169
0.000810623
0.000970840
0.001426697
0.000436783
0.000646591
0.001052856
0.000432968
0.000453949
0.000593185
0.000452042
0.000495911
0.000471115
0.000967026
0.000526428
0.000556946
0.000776291
0.000661850
0.000997543
0.000461578
0.001012802
0.003606796
0.000505447
0.000904083
0.000844955
0.000440598
0.004459381
0.004558563
0.000490189
0.002489090
0.001092911
0.000570297
0.000457764
0.000457764
0.000967026
0.000505447
0.002349854
0.001197815
0.000524521
0.000562668
0.002149582
0.000949860
0.000724792
0.000442505
0.000715256
0.000440598
0.000827789
0.006528854
0.000635147
0.000417709
0.000534058
0.000652313
0.000972748
0.000461578
0.001544952
0.000537872
0.002141953
0.000850677
0.000816345
0.000886917
0.000860214
0.000734329
0.000467300
0.000831604
0.000383377
0.000982285
0.000980377
0.004976273
0.000919342
0.000629425
0.000749588
0.000457764
0.003644943
0.005041122
0.000467300
0.002481461
0.000902176
0.000526428
0.001008987
0.000854492
0.000465393
0.002799988
0.000452042
0.000541687
0.000957489
0.001529694
0.005374908
0.000537872
0.001037598
0.003177643
0.000936508
0.000555038
0.000751495
0.000471115
0.003734589
0.001882553
0.000621796
0.004455566
0.001029968
0.002737045
0.003505707
0.000925064
0.000438690
0.000778198
0.000438690
0.000915527
0.000549316
0.002622604
0.000684738
0.001216888
0.000944138
0.000980377
0.000465393
0.000495911
0.000953674
0.003234863
0.000471115
0.000473022
0.002399445
0.000446320
0.001045227
0.000572205
0.000417709
0.004457474
0.000694275
0.000547409
0.000505447
0.000446320
0.000925064
0.000411987
0.002716064
0.000883102
0.000799179
0.001029968
0.000534058
0.000381470
0.000953674
0.001007080
0.001594543
0.002901077
0.001045227
0.000642776
0.000549316
0.000547409
0.000877380
0.000429153
0.000741959
0.000959396
0.003919601
0.005023956
0.000720978
0.000524521
0.000534058
0.000692368
0.000984192
0.000530243
0.000411987
0.000461578
0.000802994
0.001096725
0.001371384
0.000530243
0.000402451
0.000452042
0.000476837
0.005882263
0.000442505
0.000833511
0.003126144
0.000459671
0.000576019
0.000947952
0.001390457
0.000947952
0.000593185
0.000452042
0.000442505
0.001140594
0.000522614
0.000518799
0.000963211
0.000505447
0.002918243
0.000436783
0.001022339
0.000932693
0.000583649
0.001781464
0.002086639
0.003435135
0.000572205
0.002922058
0.000814438
0.002384186
0.004571915
0.000675201
0.002689362
0.000446320
0.001319885
0.004030228
0.000585556
0.000448227
0.000686646
0.000820160
0.002611160
0.000871658
0.000530243
0.000913620
0.003797531
0.000524521
0.000537872
0.000392914
0.000955582
0.000911713
0.000806808
0.004789352
0.000522614
0.005090714
0.000942230
0.000494003
0.002096176
0.004882812
0.000551224
0.000545502
0.001415253
0.000926971
0.005111694
0.000675201
0.000541687
0.000934601
0.000530243
0.004934311
0.000881195
0.000810623
0.001365662
0.000652313
0.000970840
0.000600815
0.001012802
0.001470566
0.000734329
0.000621796
0.000812531
0.000520706
0.000621796
0.000495911
0.000904083
0.000432968
0.001186371
0.000402451
0.003372192
0.000671387
0.000724792
0.000953674
0.000617981
0.004299164
0.001613617
0.000362396
0.000610352
0.003459930
0.004863739
0.002563477
0.000453949
0.000431061
0.000400543
0.000492096
0.000572205
0.002273560
0.000972748
0.001091003
0.000392914
0.003257751
0.000957489
0.001007080
0.000492096
0.001903534
0.000625610
0.000988007
0.000850677
0.000488281
0.002845764
0.005020142
0.003311157
0.000545502
0.000888824
0.000457764
0.000587463
0.000610352
0.000553131
0.001056671
0.001056671
0.000503540
0.000473022
0.003292084
0.005012512
0.000667572
0.001014709
0.001598358
0.000816345
0.004730225
0.003654480
0.000450134
0.000579834
0.000522614
0.000465393
0.000522614
0.000530243
0.000999451
0.000785828
0.000873566
0.001762390
0.000495911
0.000465393
0.000797272
0.000423431
0.000614166
0.000438690
0.000564575
0.000881195
0.001838684
0.000984192
0.000816345
0.000488281
0.002490997
0.000587463
0.000770569
0.002052307
0.000843048
0.000755310
0.002605438
0.004165649
0.000446320
0.000915527
0.003894806
0.000450134
0.002227783
0.001018524
0.001049042
0.002262115
0.000461578
0.000453949
0.000583649
0.001422882
0.002964020
0.000926971
0.003932953
0.001609802
0.004837036
0.003917694
0.000473022
0.004146576
0.000892639
0.003799438
0.000511169
0.000473022
0.000442505
0.000946045
0.000507355
0.000808716
0.000492096
0.000621796
0.000797272
0.000568390
0.002452850
0.000400543
0.000408173
0.003147125
0.000877380
0.000514984
0.000785828
0.000377655
0.000480652
0.000797272
0.004711151
0.000434875
0.001979828
0.003536224
0.000846863
0.000637054
0.000965118
0.000675201
0.000396729
0.001987457
0.003482819
0.000469208
0.003582001
0.001590729
0.000949860
0.000411987
0.000576019
0.000926971
0.000431061
0.000473022
0.002456665
0.000507355
0.000507355
0.000705719
0.000854492
0.000686646
0.000614166
0.000892639
0.000381470
0.004859924
0.001419067
0.000648499
0.001007080
0.000732422
0.000553131
0.000431061
0.000629425
0.000694275
0.000362396
0.003238678
0.000514984
0.003417969
0.000518799
0.000915527
0.001831055
0.000629425
0.000438690
0.000480652
0.001415253
0.004718781
0.000888824
0.001255035
0.003726959
0.000740051
0.002090454
0.003314972
0.003646851
0.000793457
0.000423431
0.000667572
0.000507355
0.001094818
0.000656128
0.000785828
0.000659943
0.000991821
0.000698090
0.000484467
0.001369476
0.000720978
0.000415802
0.004623413
0.004512787
0.000724792
0.004638672
0.000450134
0.004844666
0.000953674
0.000530243
0.000553131
0.000682831
0.000820160
0.000598907
0.000499725
0.000957489
0.000904083
0.000511169
0.004669189
0.000434875
0.000514984
0.001472473
0.000556946
0.004272461
0.000896454
0.000587463
0.001930237
0.000617981
0.000980377
0.000911713
0.000415802
0.000663757
0.000507355
0.000465393
0.000438690
0.000766754
0.000419617
0.000705719
0.000740051
0.004730225
0.000633240
0.000625610
0.002563477
0.002769470
0.003639221
0.000530243
0.004116058
0.000579834
0.003292084
0.000907898
0.000961304
0.000549316
0.000537872
0.002197266
0.001106262
0.000587463
0.000473022
0.000431061
0.002792358
0.002975464
0.000484467
0.003578186
0.000438690
0.003215790
0.000797272
0.000431061
0.000972748
0.004558563
0.000530243
0.005256653
0.001056671
0.002906799
0.000751495
0.004825592
0.002262115
0.000949860
0.000690460
0.000949860
0.003574371
0.000999451
0.000701904
0.004646301
0.000625610
0.001232147
0.002880096
0.000797272
0.006595612
0.000812531
0.000942230
0.001007080
0.000495911
0.001255035
0.000476837
0.000900269
0.001544952
0.001007080
0.000740051
0.000904083
0.000537872
0.000591278
0.000469208
0.000484467
0.003498077
0.000923157
0.001010895
0.000511169
0.000347137
0.000545502
0.001258850
0.000946045
0.000854492
0.000450134
0.002193451
0.003917694
0.004455566
0.003990173
0.000904083
0.000602722
0.000392914
0.003032684
0.001037598
0.000404358
0.000961304
0.000473022
0.002025604
0.000545502
0.000507355
0.000507355
0.000534058
0.000507355
0.001003265
0.000797272
0.000988007
0.000904083
0.003707886
0.000873566
0.000778198
0.003303528
0.000576019
0.000431061
0.000930786
0.000812531
0.000473022
0.000968933
0.000530243
0.001060486
0.000473022
0.000499725
0.000499725
0.000545502
0.001010895
0.000576019
0.000564575
0.002109528
0.000453949
0.003772736
0.003440857
0.005031586
0.000793457
0.000625610
0.000534058
0.000518799
0.000438690
0.000511169
0.000656128
0.004695892
0.000595093
0.000904083
0.000576019
0.001338959
0.000946045
0.001167297
0.003768921
0.000537872
0.001037598
0.000999451
0.000904083
0.002304077
0.000431061
0.000633240
0.001033783
0.001274109
0.000492096
0.000877380
0.000347137
0.004123688
0.000984192
0.000568390
0.000457764
0.000553131
0.001071930
0.000465393
0.000469208
0.004978180
0.004024506
0.000606537
0.000534058
0.000804901
0.000728607
0.003421783
0.004070282
0.001403809
0.000469208
0.000526428
0.000637054
0.000858307
0.004802704
0.000450134
0.000610352
0.000457764
0.004531860
0.002098083
0.000537872
0.004032135
0.000602722
0.000453949
0.004844666
0.000499725
0.000553131
0.000988007
0.000377655
0.001010895
0.000461578
0.000480652
0.000461578
0.000438690
0.000907898
0.001121521
0.002994537
0.005031586
0.000656128
0.004375458
0.000831604
0.000972748
0.000469208
0.004981995
0.000385284
0.000434875
0.001007080
0.000946045
0.002429962
0.000507355
0.000530243
0.001438141
0.000526428
0.000713348
0.002311707
0.004100800
0.000469208
0.000492096
0.000839233
0.000534058
0.000846863
0.000549316
0.000480652
0.000442505
0.002025604
0.000507355
0.000728607
0.001739502
0.000503540
0.000831604
0.003147125
0.000804901
0.000484467
0.003856659
0.001117706
0.000919342
0.003574371
0.000919342
0.000480652
0.004253387
0.000934601
0.000537872
0.000534058
0.003711700
0.000625610
0.000473022
0.000442505
0.000495911
0.000537872
0.000820160
0.001094818
0.001518250
0.000476837
0.001396179
0.000556946
0.001041412
0.000953674
0.004661560
0.000503540
0.000598907
0.000526428
0.000610352
0.003658295
0.001857758
0.002178192
0.000480652
0.000972748
0.002563477
0.003688812
0.000839233
0.003204346
0.000457764
0.000556946
0.002391815
0.000583649
0.000995636
0.000984192
0.000549316
0.000400543
0.001022339
0.000507355
0.002620697
0.002891541
0.000659943
0.000923157
0.000473022
0.001224518
0.005912781
0.000480652
0.000804901
0.000663757
0.000675201
0.004814148
0.000476837
0.004203796
0.000507355
0.004859924
0.005023956
0.000507355
0.000556946
0.005561829
0.000995636
0.000534058
0.003284454
0.000823975
0.002040863
0.001850128
0.003944397
0.000492096
0.000438690
0.000484467
0.004779816
0.000591278
0.000453949
0.000419617
0.000598907
0.001007080
0.000774384
0.001033783
0.000438690
0.003540039
0.000465393
0.000522614
0.000442505
0.003402710
0.000923157
0.001018524
0.000415802
0.004352570
0.000480652
0.000610352
0.001716614
0.000740051
0.002571106
0.002628326
0.000671387
0.002056122
0.000942230
0.000980377
0.004760742
0.001033783
0.000408173
0.000980377
0.003505707
0.001022339
0.000495911
0.000423431
0.002391815
0.000549316
0.002285004
0.000801086
0.000656128
0.000923157
0.001121521
0.000961304
0.000480652
0.000572205
0.000503540
0.000816345
0.004970551
0.000907898
0.000980377
0.000900269
0.001010895
0.001949310
0.000892639
0.004848480
0.000434875
0.003677368
0.000480652
0.000793457
0.004550934
0.002998352
0.000534058
0.000492096
0.000614166
0.000961304
0.000968933
0.003311157
0.000736237
0.000457764
0.000370026
0.005054474
0.002525330
0.002910614
0.004142761
0.000942230
0.000904083
0.002105713
0.005470276
0.000480652
0.002937317
0.000545502
0.000423431
0.000541687
0.000556946
0.000904083
0.000896454
0.000404358
0.000984192
0.000625610
0.000923157
0.000431061
0.000610352
0.001007080
0.000873566
0.004344940
0.000740051
0.000495911
0.000991821
0.003314972
0.000701904
0.005008698
0.001075745
0.000537872
0.003097534
0.000507355
0.000595093
0.000946045
0.000534058
0.000545502
0.000827789
0.000427246
0.000938416
0.000907898
0.004920959
0.000499725
0.001033783
0.000366211
0.000419617
0.001079559
0.000564575
0.001255035
0.000896454
0.003147125
0.000858307
0.004226685
0.000762939
0.000408173
0.000587463
0.000469208
0.000507355
0.000419617
0.000484467
0.002223969
0.000480652
0.000976562
0.000904083
0.000473022
0.000598907
0.000522614
0.002235413
0.000545502
0.004241943
0.000831604
0.000469208
0.000724792
0.003971100
0.000812531
0.000988007
0.000911713
0.004573822
0.000740051
0.000503540
0.000518799
0.000450134
0.000663757
0.000995636
0.002025604
0.000873566
0.005062103
0.000999451
0.000434875
0.000656128
0.000434875
0.000602722
0.000492096
0.000484467
0.000473022
0.000526428
0.001728058
0.005004883
0.000438690
0.001640320
0.000488281
0.000549316
0.000492096
0.000553131
0.000476837
0.002372742
0.000541687
0.000560760
0.002273560
0.000755310
0.000484467
0.000484467
0.004753113
0.000782013
0.000988007
0.001033783
0.000869751
0.001045227
0.000453949
0.001049042
0.000560760
0.003112793
0.000965118
0.000869751
0.000598907
0.001869202
0.002807617
0.000560760
0.000370026
0.000400543
0.000995636
0.001976013
0.000408173
0.000480652
0.000453949
0.000919342
0.000537872
0.000522614
0.001174927
0.000499725
0.000732422
0.000774384
0.001552582
0.000411987
0.000484467
0.002384186
0.000724792
0.000473022
0.001190186
0.004539490
0.000350952
0.000457764
0.000885010
0.000640869
0.001892090
0.000732422
0.000984192
0.001098633
0.003753662
0.000465393
0.000480652
0.000465393
0.000991821
0.000984192
0.000427246
0.003639221
0.002464294
0.000480652
0.002883911
0.000434875
0.001632690
0.003257751
0.002182007
0.004142761
0.001052856
0.000907898
0.001014709
0.000556946
0.000465393
0.000572205
0.000892639
0.000656128
0.002677917
0.001976013
0.000923157
0.003273010
0.002853394
0.000976562
0.004447937
0.000938416
0.000984192
0.000396729
0.000991821
0.000694275
0.001022339
0.003044128
0.005928040
0.000770569
0.001327515
0.000457764
0.000755310
0.000984192
0.000831604
0.000549316
0.001739502
0.000503540
0.000526428
0.000854492
0.000976562
0.003341675
0.000648499
0.002540588
0.002067566
0.000534058
0.000984192
0.000778198
0.002983093
0.000854492
0.000526428
0.000610352
0.002273560
0.000915527
0.000511169
0.000938416
0.000686646
0.000511169
0.004463196
0.000511169
0.001007080
0.000747681
0.000480652
0.000717163
0.000572205
0.000518799
0.000709534
0.000968933
0.000480652
0.000663757
0.002090454
0.000442505
0.000518799
0.000579834
0.004425049
0.000732422
0.000404358
0.005195618
0.000564575
0.000968933
0.000900269
0.001617432
0.000495911
0.000984192
0.000450134
0.001731873
0.000366211
0.005432129
0.004234314
0.001022339
0.000572205
0.004455566
0.000610352
0.000991821
0.000938416
0.001899719
0.000427246
0.004913330
0.003234863
0.003730774
0.000907898
0.003753662
0.000823975
0.000556946
0.000732422
0.002052307
0.000946045
0.003105164
0.000816345
0.000740051
0.002044678
0.000427246
0.002891541
0.000480652
0.000465393
0.000541687
0.000518799
0.000556946
0.001594543
0.001373291
0.001045227
0.000488281
0.000579834
0.000816345
0.000694275
0.000480652
0.000885010
0.002174377
0.000389099
0.000488281
0.000991821
0.000617981
0.003707886
0.000411987
0.001022339
0.000846863
0.000839233
0.000488281
0.000709534
0.000953674
0.000572205
0.004531860
0.000389099
0.000503540
0.000541687
0.000801086
0.000450134
0.000556946
0.000427246
0.000457764
0.000526428
0.000450134
0.000724792
0.001068115
0.003257751
0.000465393
0.001251221
0.000976562
0.000885010
0.000984192
0.000869751
0.000770569
0.001113892
0.000999451
0.003448486
0.004295349
0.004440308
0.003608704
0.000503540
0.000930786
0.003990173
0.000549316
0.000595093
0.000518799
0.000907898
0.000862122
0.000640869
0.004623413
0.002639771
0.002510071
0.000633240
0.004959106
0.000762939
0.003135681
0.000984192
0.000526428
0.000770569
0.000862122
0.002090454
0.000434875
0.000465393
0.000564575
0.000930786
0.001625061
0.000938416
0.002563477
0.000526428
0.000411987
0.002571106
0.003211975
0.000411987
0.000724792
0.001388550
0.000877380
0.000511169
0.000434875
0.000473022
0.000564575
0.000572205
0.000900269
0.000991821
0.000694275
0.000411987
0.003852844
0.003456116
0.000747681
0.000358582
0.000465393
0.004753113
0.000953674
0.000915527
0.002738953
0.000862122
0.000801086
0.001541138
0.000427246
0.000495911
0.000480652
0.000961304
0.000495911
0.002960205
0.000411987
0.000511169
0.000854492
0.000999451
0.000526428
0.003654480
0.000541687
0.000526428
0.002288818
0.000663757
0.000892639
0.000999451
0.000625610
0.000457764
0.000556946
0.002861023
0.000404358
0.000511169
0.000991821
0.001884460
0.004760742
0.000671387
0.000442505
0.001106262
0.001037598
0.004081726
0.002677917
0.000648499
0.000473022
0.002555847
0.000358582
0.003402710
0.000938416
0.004608154
0.000534058
0.005104065
0.003196716
0.003173828
0.000465393
0.000625610
0.000495911
0.001098633
0.000930786
0.000610352
0.000991821
0.000526428
0.000953674
0.004318237
0.000358582
0.000991821
0.001525879
0.000862122
0.000495911
0.001220703
0.001037598
0.000457764
0.000564575
0.004516602
0.000869751
0.000526428
0.003265381
0.004112244
0.000579834
0.000411987
0.000999451
0.000946045
0.000465393
0.000442505
0.000419617
0.003646851
0.000656128
0.001091003
0.000495911
0.000907898
0.000930786
0.000465393
0.001571655
0.002624512
0.001777649
0.002731323
0.002754211
0.000900269
0.003128052
0.000717163
0.000541687
0.000541687
0.004600525
0.000976562
0.000442505
0.001182556
0.000984192
0.002922058
0.004005432
0.000846863
0.000480652
0.000442505
0.000473022
0.003494263
0.000534058
0.000671387
0.000442505
0.001586914
0.000732422
0.000335693
0.000602722
0.004737854
0.000747681
0.004508972
0.000595093
0.000556946
0.000793457
0.002349854
0.003211975
0.000823975
0.000869751
0.000526428
0.001373291
0.001762390
0.000495911
0.000640869
0.001075745
0.000495911
0.000465393
0.003128052
0.000457764
0.000755310
0.001319885
0.000541687
0.000442505
0.000808716
0.000396729
0.000625610
0.004135132
0.000518799
0.002655029
0.000457764
0.000465393
0.000778198
0.000411987
0.003555298
0.000381470
0.000930786
0.000869751
0.000968933
0.004051208
0.000495911
0.000442505
0.000488281
0.004379272
0.001800537
0.000328064
0.000564575
0.000457764
0.000930786
0.000717163
0.001342773
0.001083374
0.000999451
0.004142761
0.001106262
0.000457764
0.000381470
0.000419617
0.000511169
0.000396729
0.000503540
0.000785828
0.000549316
0.000511169
0.001159668
0.000595093
0.001045227
0.000427246
0.000671387
0.003486633
0.000740051
0.004127502
0.000640869
0.000457764
0.000885010
0.001708984
0.000511169
0.000396729
0.000984192
0.000556946
0.000854492
0.000839233
0.000602722
0.000457764
0.000541687
0.001022339
0.000862122
0.002037048
0.000427246
0.000534058
0.004333496
0.001304626
0.000465393
0.001533508
0.000495911
0.006713867
0.004180908
0.000518799
0.003128052
0.003234863
0.004745483
0.002876282
0.000961304
0.000511169
0.000495911
0.004646301
0.000503540
0.000511169
0.003532410
0.000473022
0.000930786
0.000808716
0.000404358
0.002525330
0.001251221
0.001029968
0.000999451
0.000732422
0.000564575
0.001235962
0.000816345
0.002975464
0.000907898
0.000411987
0.000473022
0.000640869
0.002479553
0.000991821
0.000465393
0.000938416
0.003837585
0.003860474
0.000473022
0.000465393
0.000862122
0.004669189
0.000488281
0.006858826
0.000694275
0.000877380
0.000534058
0.000511169
0.000488281
0.001007080
0.000915527
0.000564575
0.002799988
0.001487732
0.000465393
0.001007080
0.004035950
0.000549316
0.000938416
0.000724792
0.000617981
0.000640869
0.000389099
0.000808716
0.001007080
0.000518799
0.001060486
0.000961304
0.000572205
0.000915527
0.000450134
0.000709534
0.000518799
0.004531860
0.004302979
0.000572205
0.000831604
0.000976562
0.000549316
0.002044678
0.000679016
0.000991821
0.000648499
0.000816345
0.000526428
0.002593994
0.000419617
0.000961304
0.001029968
0.000518799
0.004837036
0.003257751
0.000457764
0.000534058
0.000411987
0.000495911
0.000900269
0.004173279
0.000579834
0.000427246
0.000427246
0.000885010
0.003097534
0.001945496
0.000457764
0.000633240
0.003906250
0.000396729
0.000846863
0.000961304
0.000602722
0.001594543
0.000389099
0.000793457
0.000480652
0.000480652
0.000991821
0.002334595
0.000541687
0.000602722
0.000709534
0.002784729
0.000892639
0.000465393
0.003196716
0.000595093
0.000602722
0.002220154
0.001831055
0.000579834
0.000717163
0.000572205
0.001045227
0.003074646
0.000961304
0.000480652
0.001472473
0.000526428
0.000411987
0.000015259
0.000000000
