0.000471608
0.000022507
0.000062827
0.000074880
0.000219747
0.006537514
0.004074089
0.003584906
0.004194900
0.005559273
0.005808599
0.003569394
0.005305782
0.005118504
0.005848706
0.003995195
0.004408851
0.004492879
0.005403280
0.005475372
0.003502727
0.004215956
0.005423963
0.005436957
0.005826771
0.004710525
0.005477339
0.004898608
0.005482465
0.003542304
0.003515184
0.004450858
0.004538298
0.005274296
0.005407095
0.005428672
0.005422175
0.005299926
0.003485084
0.004821122
0.004622221
0.005808353
0.003863335
0.003507078
0.004508078
0.005180240
0.005465806
0.005967736
0.004822671
0.004497647
0.006058514
0.004205287
0.004271865
0.003509164
0.004990041
0.005424917
0.004898787
0.004072785
0.005849123
0.006625056
0.005462050
0.004948854
0.004608631
0.005718589
0.005862236
0.005379438
0.005837679
0.003823638
0.003953218
0.004089355
0.004723668
0.004515171
0.004805565
0.005356073
0.004505038
0.005437016
0.005385280
0.004930019
0.004867196
0.006047368
0.003551602
0.005191326
0.006608486
0.004785299
0.004449129
0.004473209
0.004284382
0.004925013
0.003505945
0.005516052
0.005796552
0.005825758
0.003524065
0.004685163
0.004531145
0.005389452
0.005848646
0.005383849
0.005279660
0.005523801
0.003508806
0.004520297
0.005165577
0.004948497
0.004464149
0.005536437
0.004171610
0.005280018
0.004551411
0.003615379
0.005551338
0.005387068
0.004991531
0.003530264
0.003595829
0.003515720
0.003490448
0.004049063
0.004434824
0.004739285
0.005182981
0.003543377
0.004055738
0.003558874
0.004828453
0.004915237
0.005954504
0.003521204
0.005941629
0.004035473
0.004464626
0.005868196
0.004112244
0.005412102
0.005352497
0.005795479
0.005853891
0.004106045
0.003569603
0.004449844
0.004405499
0.004008532
0.004859209
0.003553391
0.005894899
0.005040407
0.003684044
0.003521204
0.004994392
0.004027128
0.004467487
0.005378246
0.004878759
0.004104614
0.003898859
0.005342007
0.005786657
0.003525972
0.003537178
0.003770828
0.003959894
0.005724669
0.003600836
0.005204916
0.008029222
0.004462719
0.004469872
0.005603790
0.004744530
0.006358624
0.003719330
0.003507853
0.005907536
0.005412579
0.005424500
0.003531694
0.004564047
0.004957438
0.004364729
0.004945755
0.003485680
0.004940987
0.004624367
0.005673170
0.004964113
0.005202532
0.004374027
0.004069090
0.004559517
0.004244328
0.005442142
0.005082846
0.004011393
0.004909277
0.004037619
0.004467487
0.005417347
0.004517555
0.005997419
0.004748344
0.005487204
0.004395485
0.004488468
0.004518986
0.004194975
0.005855560
0.004944324
0.005552292
0.005743980
0.004042625
0.004465103
0.005836010
0.004971504
0.004449368
0.003883839
0.004815578
0.005005360
0.003539085
0.005802631
0.003496170
0.004927158
0.005586147
0.005367756
0.005537987
0.004084587
0.005371094
0.003584862
0.003581047
0.004909039
0.004476547
0.004999161
0.005172253
0.003939629
0.003843784
0.003595352
0.005388260
0.004930496
0.004944324
0.004899979
0.004803658
0.005870819
0.005541801
0.004089832
0.004598141
0.004899502
0.005521774
0.005425453
0.005884171
0.003546715
0.004991531
0.004476547
0.003599644
0.006382942
0.004615307
0.003552914
0.003596306
0.004045963
0.004905701
0.003705025
0.004452705
0.005448341
0.003533363
0.004462242
0.004054546
0.005424500
0.005382538
0.004165173
0.005390167
0.005864620
0.004932880
0.005039692
0.005029202
0.003923416
0.003954411
0.005117416
0.006577969
0.004990578
0.003946781
0.005845070
0.004892349
0.004006386
0.004560471
0.003585339
0.005424500
0.005895615
0.005733967
0.004471302
0.003999233
0.004032135
0.004821777
0.003983021
0.005380630
0.003556252
0.004332066
0.005893707
0.003532887
0.003995419
0.004432201
0.004018784
0.005868435
0.004889011
0.005350113
0.005789280
0.003517628
0.003569603
0.003488541
0.004940033
0.004304409
0.003562450
0.004006386
0.004527569
0.005489826
0.005388260
0.005847454
0.005475044
0.004354000
0.004463673
0.004954338
0.003560066
0.003427505
0.004254818
0.004911423
0.005801201
0.005405903
0.004916191
0.005391598
0.004037380
0.003990650
0.008170605
0.005453110
0.003955841
0.005929470
0.004287243
0.003880024
0.004541874
0.005402088
0.003489971
0.004918575
0.005830765
0.004047871
0.005400181
0.004806042
0.005867958
0.005777836
0.003510952
0.005400658
0.005052567
0.005302906
0.005392075
0.004177094
0.004901886
0.004234314
0.005094051
0.005423069
0.004607201
0.004937649
0.005733490
0.004970551
0.006596565
0.003513813
0.004884720
0.004381657
0.004955292
0.005006790
0.005869389
0.003554344
0.004975319
0.005424023
0.003941059
0.004050732
0.004861832
0.005245686
0.005400658
0.003981113
0.005835056
0.004483223
0.005421638
0.005829334
0.005212784
0.005856991
0.006136894
0.004381180
0.004498959
0.004491329
0.004492760
0.004926205
0.004133224
0.005340099
0.005586624
0.005889893
0.004144192
0.003450871
0.004428864
0.004791260
0.004889965
0.005383492
0.005392075
0.004466057
0.003603935
0.004749298
0.004852772
0.006709576
0.005058765
0.005832672
0.005817890
0.003519535
0.005529404
0.004001617
0.004987717
0.004465103
0.003776550
0.004930496
0.005857468
0.004929543
0.005595207
0.005037308
0.004039764
0.003528595
0.004457474
0.003498077
0.004905701
0.005061150
0.004428864
0.005407333
0.005823135
0.004953384
0.003508568
0.004965782
0.006298065
0.005288124
0.004050255
0.004482269
0.004451752
0.005421638
0.005398750
0.005519867
0.004910469
0.005995750
0.003591537
0.005496979
0.005956650
0.003495216
0.003474236
0.006473541
0.005275726
0.004508018
0.005315781
0.005386353
0.003581047
0.005827904
0.003950119
0.004446030
0.004958153
0.004924774
0.005815506
0.006032944
0.003536224
0.003499031
0.003428459
0.005858421
0.005400658
0.005410194
0.004953384
0.005896568
0.005366325
0.005848885
0.004487991
0.003556252
0.004291534
0.004528999
0.005557060
0.005364418
0.005856514
0.003961563
0.004819870
0.005379677
0.004434586
0.003535271
0.005775452
0.005846977
0.003917694
0.004071236
0.004960060
0.005402565
0.003490448
0.004714012
0.004510880
0.004522324
0.004228592
0.005504608
0.005079269
0.003979683
0.004485130
0.004959106
0.003552437
0.005399704
0.004000664
0.004513741
0.004943848
0.005147934
0.003489494
0.004021645
0.004341125
0.006781578
0.004902840
0.005101204
0.004362106
0.004232407
0.004476547
0.004744530
0.004078865
0.004907608
0.003594398
0.005475044
0.005869865
0.005373955
0.005788803
0.003486633
0.004233360
0.004496574
0.003646851
0.005046844
0.004077911
0.004701614
0.005859375
0.004034996
0.004892349
0.003502846
0.005437851
0.003538132
0.004246712
0.004478455
0.005369186
0.005847931
0.005423546
0.004878044
0.003564835
0.003523827
0.003578186
0.005677223
0.005384445
0.005270958
0.006698608
0.004207611
0.004699707
0.004392624
0.004463196
0.004479408
0.006478310
0.003833771
0.005741119
0.004173279
0.003668785
0.004800797
0.005590439
0.004007339
0.004084587
0.003528595
0.005053520
0.006388664
0.003530502
0.004949570
0.005185127
0.004376411
0.005075455
0.005390167
0.005841255
0.005392075
0.005406380
0.005363464
0.005064964
0.005814552
0.005840302
0.005570412
0.005874634
0.005396843
0.005381584
0.003533363
0.005074501
0.005582809
0.003842354
0.004179001
0.005259514
0.004889488
0.004877090
0.003555298
0.003556252
0.004037857
0.003964424
0.004021645
0.004911423
0.004457474
0.005173683
0.004464149
0.003521919
0.005846977
0.005178452
0.005807877
0.005252838
0.005362511
0.005369186
0.005794525
0.005427361
0.004499435
0.003994942
0.004883766
0.004202843
0.005398750
0.004914284
0.004938126
0.003748894
0.005827904
0.005395889
0.005420685
0.004440308
0.004874229
0.003637314
0.003491402
0.005903244
0.003506660
0.004491806
0.004444122
0.005212784
0.004180908
0.005199432
0.005244255
0.003950119
0.003885269
0.004426003
0.008066177
0.003611565
0.005381584
0.003551483
0.005568504
0.003498077
0.004885674
0.004933357
0.004911423
0.003975868
0.005325317
0.003520012
0.004137993
0.003749847
0.004037857
0.005346298
0.004529953
0.004924774
0.005393982
0.004370689
0.004850388
0.004970551
0.005373955
0.005520821
0.004064560
0.005450249
0.003891945
0.003975868
0.004680634
0.003939629
0.003577232
0.005502701
0.003594398
0.004506111
0.005869865
0.005852699
0.003557205
0.005827904
0.005606651
0.005412102
0.005842209
0.006653786
0.005087852
0.004994392
0.004030228
0.004050255
0.004498482
0.004323006
0.004318237
0.005384445
0.005846977
0.003502846
0.003540039
0.005400658
0.008190155
0.005373001
0.003514290
0.004048347
0.005234718
0.005236626
0.003729820
0.004683495
0.004667282
0.003522873
0.003985405
0.003970146
0.005374908
0.005430222
0.004787445
0.005059242
0.004961967
0.003513336
0.003541946
0.004912376
0.005063057
0.004883766
0.005357742
0.004473686
0.005444527
0.007396698
0.004283905
0.004880905
0.004470825
0.004521370
0.005421638
0.005836487
0.006634712
0.005289078
0.004676819
0.004590034
0.005385399
0.004933357
0.004167557
0.004473686
0.004471779
0.004458427
0.005920410
0.005887985
0.004691124
0.005303383
0.005532265
0.004516602
0.004031181
0.005606651
0.005823135
0.004501343
0.005400658
0.005360603
0.004878044
0.005183220
0.005345345
0.005544662
0.005836487
0.003505707
0.004633904
0.005436897
0.004758835
0.004452705
0.005359650
0.005878448
0.003504753
0.004482269
0.005659103
0.005680084
0.003543854
0.005417824
0.003985405
0.005884171
0.005349159
0.005484581
0.005807877
0.005918503
0.005046844
0.005389214
0.003523827
0.005908012
0.005413055
0.003517151
0.004024506
0.005783081
0.003982544
0.005831718
0.005394936
0.003560066
0.004914284
0.005365372
0.005412102
0.004126549
0.004926682
0.005847931
0.003996849
0.004912376
0.003503799
0.003511429
0.004935265
0.005414963
0.003848076
0.004498482
0.004048347
0.005490303
0.003811836
0.005205154
0.006599426
0.004628181
0.005599022
0.005369186
0.004484177
0.003764153
0.003981590
0.005360603
0.005891800
0.003995895
0.003928185
0.005380630
0.004742622
0.004810333
0.005398750
0.005361557
0.005365372
0.005842209
0.004116058
0.004753113
0.005413055
0.004470825
0.004234314
0.003730774
0.005857468
0.004894257
0.005460739
0.004972458
0.005428314
0.005413055
0.003772736
0.004678726
0.005710602
0.003818512
0.004465103
0.005432129
0.003681183
0.005380630
0.003992081
0.004001617
0.003629684
0.005868912
0.003889084
0.004465103
0.005399704
0.005834579
0.004917145
0.005374908
0.003599167
0.003988266
0.004911423
0.005102158
0.003505707
0.004062653
0.004953384
0.004507065
0.005773544
0.003967285
0.004901886
0.005249023
0.005363464
0.004060745
0.004846573
0.004386902
0.004491806
0.003452301
0.004005432
0.005371094
0.003553391
0.003761292
0.005044937
0.005409241
0.004472733
0.004907608
0.004926682
0.005722046
0.003574371
0.005365372
0.004011154
0.004062653
0.004543304
0.005458832
0.003623962
0.005250931
0.004795074
0.004589081
0.004873276
0.006658554
0.005475998
0.003551483
0.004476547
0.003654480
0.005371094
0.005601883
0.004489899
0.004489899
0.005859375
0.005344391
0.004468918
0.005117416
0.003519058
0.003494263
0.005397797
0.003561020
0.005416870
0.005933762
0.005840302
0.004447937
0.005355835
0.004028320
0.004480362
0.004997253
0.004611969
0.004371643
0.004913330
0.003732681
0.004402161
0.004940033
0.005826950
0.006683350
0.003633499
0.006614685
0.004648209
0.006450653
0.003973007
0.004461288
0.003593445
0.004724503
0.003488541
0.003860474
0.004678726
0.004520416
0.004474640
0.004531860
0.004518509
0.003635406
0.003917694
0.004024506
0.005725861
0.003919601
0.004293442
0.004482269
0.004467010
0.005392075
0.003911972
0.004610062
0.005126953
0.005321503
0.003969193
0.005765915
0.003517151
0.004461288
0.003938675
0.003841400
0.003845215
0.003929138
0.005199432
0.005239487
0.005094528
0.004693985
0.005924225
0.004474640
0.005189896
0.004505157
0.005249023
0.005004883
0.005363464
0.003734589
0.005378723
0.005828857
0.005401611
0.003808975
0.004796982
0.004554749
0.004636765
0.003551483
0.004524231
0.004468918
0.004796982
0.006105423
0.008157730
0.004442215
0.005067825
0.004964828
0.005462646
0.004428864
0.003681183
0.005075455
0.004354477
0.004951477
0.004940033
0.004016876
0.005331039
0.003694534
0.004457474
0.004707336
0.004417419
0.004474640
0.005821228
0.003572464
0.004457474
0.004367828
0.004776001
0.005388260
0.005846024
0.003877640
0.003765106
0.005197525
0.004959106
0.004907608
0.005750656
0.003999710
0.004493713
0.005044937
0.003570557
0.005378723
0.003524780
0.005142212
0.004991531
0.006052017
0.005399704
0.003477097
0.004058838
0.004943848
0.005687714
0.005704880
0.003564835
0.004419327
0.004470825
0.005445480
0.005939484
0.003465652
0.004955292
0.003517151
0.005903244
0.003545761
0.004959106
0.003717422
0.005893707
0.003454208
0.004795074
0.003559113
0.003570557
0.004453659
0.003841400
0.004951477
0.004526138
0.005392075
0.005041122
0.003492355
0.005384445
0.005590439
0.003526688
0.004896164
0.005868912
0.005001068
0.004940033
0.003990173
0.004137039
0.004919052
0.004995346
0.003730774
0.005605698
0.004573822
0.003591537
0.004169464
0.004213333
0.004129410
0.005104065
0.004920959
0.005853653
0.007942200
0.005538940
0.003543854
0.005496979
0.003538132
0.004512787
0.006227493
0.004856110
0.005399704
0.004983902
0.006063461
0.003589630
0.005842209
0.005403519
0.004930496
0.004453659
0.004106522
0.003587723
0.005613327
0.004512787
0.005418777
0.003976822
0.005090714
0.004962921
0.004032135
0.004480362
0.005437851
0.004962921
0.004398346
0.004777908
0.004680634
0.005355835
0.005212784
0.004980087
0.003555298
0.004518509
0.004915237
0.004999161
0.005281448
0.005455017
0.005926132
0.005638123
0.004949570
0.004991531
0.003469467
0.005348206
0.003524780
0.005739212
0.005868912
0.003995895
0.004787445
0.003543854
0.004774094
0.005407333
0.003551483
0.003515244
0.004077911
0.003883362
0.004997253
0.005933762
0.004373550
0.004230499
0.004451752
0.005367279
0.006826401
0.005403519
0.005275726
0.004442215
0.004535675
0.005529404
0.004976273
0.004941940
0.005681992
0.003740311
0.003700256
0.004291534
0.003503799
0.003824234
0.004442215
0.003669739
0.005834579
0.004472733
0.003530502
0.004623413
0.004549026
0.003841400
0.005395889
0.005077362
0.005336761
0.005300522
0.005411148
0.003482819
0.005420685
0.003650665
0.004714966
0.005002975
0.004207611
0.005729675
0.008155823
0.004985809
0.005882263
0.005395889
0.004003525
0.004247665
0.005529404
0.005735397
0.005863190
0.004913330
0.004926682
0.003484726
0.003736496
0.005147934
0.004198074
0.004533768
0.004634857
0.004781723
0.005884171
0.004049301
0.003929138
0.005880356
0.003551483
0.005859375
0.004453659
0.003549576
0.004585266
0.004007339
0.003528595
0.004482269
0.004983902
0.004867554
0.005880356
0.005393982
0.004337311
0.004175186
0.003950119
0.003616333
0.004163742
0.004468918
0.003589630
0.004919052
0.005401611
0.004947662
0.003536224
0.005928040
0.005399704
0.003526688
0.005697250
0.003765106
0.005376816
0.005023956
0.004911423
0.005365372
0.003437042
0.005977631
0.003519058
0.005645752
0.003557205
0.005201340
0.004009247
0.004058838
0.004724503
0.005851746
0.004024506
0.005865097
0.005395889
0.004692078
0.005409241
0.005399704
0.006637573
0.003561020
0.004358292
0.008163452
0.004938126
0.004932404
0.004718781
0.004981995
0.003549576
0.003540039
0.005424500
0.004522324
0.005439758
0.003997803
0.004922867
0.005256653
0.004175186
0.004457474
0.003564835
0.003477097
0.005594254
0.003547668
0.004358292
0.005386353
0.005817413
0.003559113
0.004220963
0.005369186
0.003690720
0.003456116
0.005018234
0.005363464
0.003561020
0.003566742
0.005535126
0.005380630
0.005022049
0.004962921
0.004909515
0.003551483
0.005077362
0.005407333
0.004009247
0.004074097
0.005422592
0.005050659
0.005773544
0.004175186
0.004776001
0.005823135
0.005769730
0.004074097
0.005870819
0.004432678
0.004934311
0.004602432
0.004508972
0.005453110
0.004932404
0.004489899
0.003547668
0.003509521
0.005422592
0.004234314
0.005702972
0.003688812
0.004209518
0.005878448
0.003784180
0.005748749
0.003643036
0.004463196
0.004928589
0.005405426
0.005384445
0.004917145
0.005395889
0.003435135
0.003961563
0.004446030
0.005386353
0.005037308
0.005910873
0.005836487
0.007814407
0.005384445
0.005046844
0.004022598
0.004932404
0.005849838
0.003755569
0.004638672
0.004247665
0.005414963
0.004451752
0.005868912
0.003540039
0.003973007
0.003564835
0.004957199
0.004480362
0.005445480
0.004968643
0.003519058
0.005823135
0.004779816
0.005414963
0.003490448
0.005313873
0.004943848
0.005870819
0.004997253
0.004487991
0.005365372
0.005804062
0.003553391
0.003513336
0.003536224
0.003541946
0.004693985
0.005676270
0.005414963
0.003555298
0.005817413
0.005901337
0.005849838
0.004013062
0.003973007
0.004404068
0.004880905
0.005853653
0.005207062
0.004608154
0.003740311
0.004034042
0.004243851
0.005369186
0.004339218
0.004854202
0.004653931
0.005128860
0.004047394
0.004997253
0.004497528
0.005432129
0.005050659
0.004867554
0.005796432
0.003561020
0.004491806
0.004489899
0.004861832
0.005111694
0.006156921
0.006193161
0.006681442
0.004396439
0.003574371
0.004087448
0.003973007
0.005386353
0.004468918
0.005634308
0.003475189
0.005418777
0.004085541
0.004905701
0.005451202
0.005861282
0.003612518
0.004646301
0.005352020
0.005384445
0.005449295
0.004798889
0.004049301
0.004917145
0.005399704
0.003726959
0.004066467
0.004934311
0.005517960
0.005489349
0.004903793
0.004501343
0.003667831
0.004928589
0.004953384
0.005226135
0.006473541
0.004951477
0.004003525
0.003511429
0.004438400
0.003711700
0.004484177
0.003547668
0.004508972
0.003620148
0.004495621
0.004489899
0.005645752
0.006635666
0.004844666
0.005933762
0.003520966
0.004667282
0.005374908
0.004478455
0.004783630
0.005424500
0.005870819
0.004863739
0.004457474
0.005867004
0.004686356
0.005821228
0.005434036
0.003742218
0.004953384
0.004497528
0.005317688
0.005163193
0.004594803
0.004604340
0.003993988
0.005100250
0.004470825
0.004930496
0.005371094
0.005395889
0.003564835
0.004890442
0.005428314
0.003631592
0.004899979
0.004659653
0.005411148
0.004037857
0.003965378
0.004484177
0.004940033
0.003496170
0.004281998
0.004995346
0.005340576
0.004487991
0.004219055
0.004669189
0.004030228
0.004928589
0.005834579
0.005432129
0.003726959
0.005409241
0.003580093
0.003620148
0.004650116
0.004472733
0.005365372
0.004295349
0.004486084
0.004045486
0.005807877
0.004508972
0.005361557
0.004446030
0.003995895
0.005416870
0.005853653
0.005783081
0.005563736
0.003492355
0.005851746
0.003526688
0.004331589
0.003963470
0.004873276
0.004463196
0.004121780
0.005916595
0.003673553
0.004682541
0.004682541
0.005453110
0.003496170
0.004447937
0.004419327
0.005605698
0.005847931
0.005390167
0.005935669
0.004941940
0.005445480
0.005796432
0.004510880
0.004373550
0.004919052
0.004446030
0.005413055
0.005594254
0.003511429
0.005115509
0.004566193
0.004472733
0.004882812
0.004055023
0.004508972
0.003522873
0.003982544
0.005857468
0.003999710
0.003578186
0.004941940
0.004421234
0.005886078
0.004491806
0.003984451
0.005056381
0.005800247
0.004877090
0.004878998
0.005945206
0.003751755
0.005006790
0.004028320
0.005826950
0.003499985
0.004631042
0.005140305
0.004537582
0.005418777
0.004850388
0.004234314
0.005382538
0.005901337
0.005863190
0.005805969
0.005355835
0.004018784
0.004066467
0.004472733
0.005830765
0.005798340
0.004537582
0.004911423
0.005350113
0.005865097
0.004915237
0.004508972
0.005853653
0.003532410
0.004758835
0.005752563
0.003534317
0.004522324
0.004701614
0.004470825
0.005777359
0.005016327
0.005369186
0.005239487
0.004903793
0.005449295
0.004547119
0.005411148
0.004657745
0.005577087
0.004371643
0.004323959
0.004854202
0.005315781
0.003993988
0.005401611
0.004215240
0.004493713
0.005430222
0.005399704
0.005153656
0.004390717
0.004861832
0.005311966
0.005662918
0.005863190
0.003700256
0.005395889
0.004051208
0.004280090
0.004055023
0.004558563
0.005229950
0.003570557
0.005805969
0.004093170
0.005851746
0.003520966
0.004867554
0.004562378
0.005584717
0.007675171
0.005683899
0.003959656
0.004482269
0.003997803
0.004177094
0.005680084
0.005950928
0.004283905
0.004600525
0.004924774
0.003589630
0.004981995
0.005641937
0.003623962
0.005790710
0.003459930
0.003826141
0.003482819
0.005790710
0.004371643
0.005397797
0.005878448
0.005901337
0.003955841
0.004314423
0.005825043
0.005374908
0.004478455
0.003570557
0.004489899
0.004966736
0.004062653
0.003501892
0.004795074
0.005283356
0.003643036
0.005916595
0.004180908
0.006111145
0.003940582
0.005020142
0.004978180
0.003513336
0.003974915
0.005847931
0.003543854
0.003498077
0.004364014
0.005413055
0.004932404
0.004970551
0.003517151
0.004104614
0.004920959
0.005374908
0.005775452
0.005821228
0.003490448
0.003967285
0.005420685
0.005359650
0.005657196
0.003524780
0.005241394
0.004005432
0.004627228
0.006698608
0.005447388
0.004291534
0.004413605
0.004035950
0.004707336
0.003673553
0.005325317
0.005882263
0.005893707
0.003730774
0.004981995
0.004505157
0.003494263
0.005119324
0.003547668
0.005390167
0.003582001
0.004028320
0.004657745
0.004146576
0.004245758
0.004032135
0.004035950
0.004138947
0.004955292
0.004467010
0.004272461
0.003498077
0.005859375
0.003623962
0.005405426
0.004817963
0.005634308
0.004463196
0.005126953
0.003582001
0.004901886
0.004917145
0.004974365
0.005157471
0.003513336
0.005008698
0.008178711
0.004707336
0.005058289
0.003665924
0.004142761
0.004142761
0.004539490
0.004814148
0.005367279
0.004539490
0.004436493
0.004737854
0.005355835
0.005764008
0.004058838
0.004451752
0.005508423
0.004188538
0.003601074
0.004501343
0.005023956
0.005458832
0.005485535
0.005901337
0.003490448
0.003494263
0.004302979
0.004806519
0.005748749
0.004146576
0.004489899
0.005802155
0.005645752
0.003494263
0.005836487
0.003475189
0.005813599
0.003566742
0.004955292
0.005420685
0.005004883
0.005226135
0.004497528
0.005832672
0.004615784
0.005359650
0.005840302
0.004249573
0.004444122
0.005519867
0.005405426
0.003520966
0.004375458
0.003726959
0.004516602
0.004539490
0.004020691
0.005294800
0.003528595
0.005889893
0.004776001
0.005298615
0.005672455
0.007045746
0.004486084
0.005752563
0.004497528
0.004924774
0.005355835
0.005825043
0.004432678
0.005401611
0.005897522
0.005409241
0.004398346
0.005420685
0.004489899
0.005867004
0.003833771
0.004467010
0.004833221
0.004898071
0.006275177
0.005107880
0.006675720
0.005874634
0.005813599
0.004669189
0.004047394
0.003971100
0.005374908
0.003490448
0.004459381
0.004619598
0.004032135
0.005825043
0.005928040
0.005828857
0.005382538
0.005207062
0.005443573
0.005653381
0.003959656
0.004047394
0.003490448
0.004901886
0.003734589
0.005573273
0.003597260
0.004520416
0.004447937
0.004009247
0.005840302
0.005718231
0.004562378
0.006507874
0.005725861
0.003601074
0.005733490
0.005653381
0.004798889
0.004928589
0.005352020
0.004943848
0.005409241
0.004943848
0.005249023
0.005378723
0.004940033
0.003486633
0.003559113
0.003623962
0.003585815
0.003509521
0.004756927
0.003608704
0.005344391
0.004878998
0.003604889
0.005916595
0.005813599
0.003551483
0.005378723
0.004920959
0.003555298
0.003654480
0.004009247
0.004215240
0.004089355
0.004508972
0.006332397
0.004871368
0.004512787
0.005405426
0.004310608
0.004482269
0.004489899
0.005828857
0.005374908
0.005397797
0.004127502
0.004619598
0.005039215
0.005840302
0.004451752
0.004455566
0.003646851
0.004730225
0.005405426
0.003597260
0.003536224
0.003517151
0.004169464
0.005172729
0.004985809
0.005428314
0.006057739
0.006019592
0.004783630
0.004482269
0.005676270
0.004951477
0.003833771
0.004215240
0.004924774
0.005359650
0.005676270
0.004909515
0.006313324
0.004154205
0.005439758
0.003547668
0.004295349
0.004421234
0.004486084
0.004051208
0.005374908
0.003593445
0.004867554
0.005413055
0.003498077
0.004909515
0.004554749
0.003681183
0.005260468
0.008049011
0.005481720
0.003986359
0.007907867
0.006534576
0.006484985
0.005001068
0.005008698
0.004936218
0.003501892
0.004287720
0.004505157
0.004955292
0.003719330
0.005001068
0.004013062
0.003948212
0.004364014
0.005355835
0.004909515
0.005348206
0.005619049
0.004150391
0.004798889
0.004920959
0.004035950
0.005424500
0.006591797
0.004074097
0.005870819
0.004947662
0.005432129
0.005405426
0.006237030
0.004116058
0.004283905
0.004592896
0.004478455
0.006034851
0.005603790
0.004798889
0.004188538
0.004154205
0.005428314
0.005950928
0.004264832
0.005435944
0.005531311
0.004817963
0.005847931
0.003780365
0.004486084
0.004673004
0.004909515
0.004989624
0.004970551
0.003791809
0.004924774
0.004119873
0.004829407
0.005676270
0.004585266
0.004535675
0.003826141
0.004447937
0.005397797
0.003723145
0.005867004
0.003795624
0.005043030
0.004402161
0.003986359
0.005390167
0.005374908
0.004009247
0.003540039
0.004463196
0.005176544
0.005893707
0.004734039
0.005931854
0.003501892
0.004924774
0.003746033
0.003986359
0.004035950
0.005630493
0.005798340
0.003509521
0.004459381
0.003471375
0.005523682
0.005439758
0.005847931
0.003524780
0.004028320
0.004432678
0.005401611
0.004806519
0.004085541
0.003536224
0.004085541
0.005409241
0.005435944
0.004951477
0.004459381
0.004074097
0.004451752
0.005271912
0.004486084
0.004055023
0.004924774
0.003501892
0.004066467
0.004478455
0.005737305
0.005325317
0.003879547
0.003578186
0.005405426
0.005386353
0.004440308
0.005149841
0.003971100
0.003501892
0.004573822
0.004665375
0.005870819
0.003513336
0.006958008
0.003532410
0.005847931
0.005455017
0.004856110
0.003940582
0.005466461
0.004276276
0.003505707
0.004711151
0.004810333
0.005416870
0.005882263
0.003681183
0.006069183
0.005229950
0.007263184
0.003883362
0.005764008
0.003479004
0.005981445
0.004814148
0.005420685
0.004501343
0.004165649
0.004707336
0.003803253
0.003482819
0.003513336
0.006412506
0.005386353
0.003551483
0.004512787
0.004913330
0.005413055
0.004867554
0.005317688
0.005889893
0.005870819
0.003612518
0.006626129
0.003524780
0.004138947
0.003532410
0.004505157
0.004264832
0.005241394
0.004482269
0.004673004
0.005214691
0.005794525
0.005352020
0.004589081
0.004985809
0.003585815
0.005420685
0.004920959
0.005729675
0.005443573
0.005905151
0.005409241
0.004455566
0.004863739
0.004940033
0.005474091
0.004531860
0.004966736
0.004409790
0.004905701
0.004558563
0.004714966
0.004589081
0.005374908
0.005146027
0.003993988
0.004104614
0.006359100
0.003787994
0.005397797
0.004894257
0.003662109
0.005397797
0.004180908
0.005424500
0.004016876
0.005386353
0.005805969
0.004497528
0.005790710
0.003551483
0.004955292
0.004047394
0.005764008
0.005271912
0.004810333
0.005573273
0.005249023
0.005371094
0.004058838
0.005420685
0.004543304
0.005367279
0.005405426
0.004478455
0.005313873
0.003726959
0.003940582
0.005855560
0.003490448
0.004951477
0.004249573
0.003803253
0.003910065
0.003448486
0.003990173
0.006397247
0.003585815
0.004482269
0.003944397
0.005371094
0.003532410
0.005847931
0.003574371
0.005069733
0.004943848
0.006629944
0.006622314
0.004211426
0.004467010
0.004486084
0.003971100
0.003932953
0.004211426
0.003677368
0.005500793
0.004791260
0.005397797
0.005855560
0.005931854
0.003505707
0.004222870
0.005062103
0.005828857
0.004261017
0.004398346
0.003772736
0.005836487
0.004962921
0.005554199
0.005790710
0.005161285
0.003974915
0.005878448
0.003536224
0.005973816
0.004955292
0.005847931
0.004520416
0.005916595
0.004447937
0.004901886
0.005420685
0.003543854
0.004478455
0.004505157
0.005340576
0.005451202
0.005004883
0.004299164
0.004241943
0.004074097
0.005172729
0.005847931
0.004997253
0.004516602
0.004001617
0.004043579
0.003498077
0.004482269
0.005268097
0.005619049
0.005836487
0.003654480
0.003765106
0.004909515
0.004783630
0.003448486
0.003765106
0.004661560
0.004467010
0.004894257
0.005722046
0.005928040
0.003578186
0.004203796
0.004405975
0.005439758
0.004493713
0.006698608
0.004142761
0.008026123
0.004508972
0.004787445
0.004894257
0.005813599
0.003467560
0.003494263
0.005813599
0.003524780
0.005187988
0.005771637
0.003738403
0.004611969
0.004653931
0.004768372
0.004932404
0.005596161
0.004848480
0.004764557
0.005916595
0.003475189
0.003974915
0.005851746
0.005840302
0.004478455
0.004856110
0.005855560
0.005435944
0.005260468
0.005554199
0.005737305
0.005264282
0.006084442
0.004913330
0.004867554
0.004928589
0.004497528
0.005222321
0.003723145
0.004158020
0.004615784
0.005424500
0.003974915
0.004508972
0.004520416
0.005466461
0.005725861
0.003509521
0.005413055
0.003543854
0.005294800
0.005287170
0.005886078
0.003978729
0.004993439
0.005867004
0.005523682
0.004062653
0.004306793
0.003997803
0.004333496
0.005596161
0.004489899
0.003986359
0.004837036
0.004966736
0.004089355
0.003749847
0.005325317
0.005817413
0.004398346
0.005191803
0.003940582
0.005962372
0.005558014
0.006034851
0.005199432
0.003509521
0.003620148
0.004985809
0.005241394
0.005352020
0.005912781
0.004688263
0.004375458
0.005378723
0.005405426
0.003765106
0.005237579
0.005928040
0.004444122
0.005447388
0.005104065
0.005653381
0.003555298
0.006713867
0.003875732
0.005455017
0.005371094
0.004501343
0.004005432
0.004886627
0.005420685
0.005203247
0.004024506
0.004959106
0.004856110
0.005466461
0.005416870
0.004699707
0.004810333
0.003997803
0.004878998
0.003986359
0.005832672
0.005874634
0.004932404
0.005512238
0.005119324
0.005744934
0.004467010
0.005855560
0.007415771
0.005908966
0.004188538
0.005855560
0.003868103
0.005527496
0.005348206
0.004894257
0.003543854
0.003677368
0.004344940
0.004878998
0.004428864
0.003974915
0.003974915
0.004432678
0.003971100
0.004875183
0.004135132
0.004989624
0.006641388
0.004795074
0.005191803
0.006053925
0.005634308
0.005004883
0.005889893
0.005878448
0.004867554
0.004924774
0.005901337
0.003982544
0.007732391
0.006626129
0.006286621
0.003551483
0.005229950
0.004402161
0.005390167
0.003894806
0.004455566
0.004142761
0.005294800
0.004947662
0.006011963
0.003597260
0.004188538
0.005828857
0.004467010
0.004489899
0.004535675
0.005397797
0.003471375
0.006046295
0.004753113
0.005821228
0.004123688
0.004207611
0.003849030
0.004974365
0.004501343
0.005771637
0.004508972
0.005443573
0.004104614
0.005355835
0.006591797
0.004348755
0.004325867
0.005107880
0.003551483
0.005199432
0.003982544
0.004028320
0.003990173
0.004924774
0.004463196
0.005805969
0.005844116
0.004447937
0.006271362
0.005947113
0.004806519
0.005386353
0.005004883
0.005405426
0.004497528
0.004306793
0.005378723
0.004520416
0.004924774
0.005390167
0.004417419
0.004920959
0.005836487
0.005081177
0.005844116
0.004978180
0.004680634
0.004928589
0.004936218
0.005393982
0.005413055
0.005363464
0.004280090
0.004360199
0.005424500
0.005382538
0.004020691
0.005001068
0.004020691
0.004455566
0.003517151
0.005836487
0.005458832
0.005363464
0.004749298
0.005783081
0.004474640
0.004360199
0.005397797
0.004932404
0.005920410
0.005851746
0.003772736
0.005844116
0.005901337
0.003513336
0.006050110
0.004650116
0.005378723
0.004856110
0.004215240
0.005706787
0.005813599
0.003547668
0.004951477
0.006809235
0.004245758
0.005882263
0.004428864
0.004478455
0.005622864
0.005538940
0.004848480
0.004432678
0.004932404
0.004878998
0.005847931
0.005577087
0.003555298
0.003993988
0.004520416
0.003730774
0.003677368
0.005794525
0.003871918
0.006023407
0.006076813
0.005413055
0.005844116
0.005077362
0.006122589
0.005447388
0.003955841
0.004966736
0.005401611
0.004016876
0.004478455
0.004459381
0.005405426
0.004806519
0.004005432
0.005901337
0.004470825
0.004405975
0.005756378
0.005393982
0.004917145
0.005157471
0.005447388
0.004470825
0.005355835
0.003940582
0.003547668
0.005466461
0.003982544
0.005561829
0.003871918
0.005542755
0.005924225
0.005397797
0.004470825
0.005920410
0.004932404
0.005855560
0.003494263
0.006607056
0.006584167
0.003551483
0.006599426
0.004837036
0.005462646
0.004341125
0.005195618
0.005680084
0.005146027
0.003677368
0.004192352
0.004379272
0.004734039
0.003822327
0.005153656
0.004516602
0.005805969
0.005832672
0.005386353
0.006675720
0.006439209
0.003570557
0.004474640
0.005294800
0.003551483
0.003974915
0.004913330
0.003921509
0.005405426
0.004955292
0.005920410
0.003540039
0.004508972
0.005012512
0.003520966
0.003479004
0.004924774
0.004070282
0.004535675
0.004451752
0.004981995
0.004032135
0.004638672
0.003978729
0.004642487
0.003990173
0.005126953
0.003768921
0.003536224
0.004024506
0.005878448
0.005634308
0.005668640
0.004951477
0.004005432
0.005912781
0.004776001
0.005916595
0.005382538
0.004405975
0.004440308
0.004917145
0.004905701
0.004001617
0.004905701
0.004383087
0.004493713
0.005455017
0.004398346
0.003528595
0.003551483
0.005802155
0.005882263
0.005252838
0.004589081
0.004917145
0.005851746
0.003715515
0.004066467
0.005401611
0.005809784
0.005374908
0.004047394
0.005443573
0.004486084
0.003665924
0.004936218
0.005558014
0.003570557
0.005016327
0.003990173
0.005004883
0.005687714
0.005825043
0.005447388
0.003776550
0.004402161
0.004810333
0.003936768
0.004936218
0.005371094
0.003772736
0.003746033
0.005382538
0.006237030
0.004962921
0.005088806
0.005828857
0.004436493
0.004543304
0.005420685
0.004375458
0.004936218
0.003818512
0.004028320
0.003910065
0.003997803
0.004512787
0.003585815
0.004783630
0.003982544
0.005481720
0.003723145
0.008052826
0.005821228
0.005363464
0.004390717
0.004528046
0.004753113
0.005451202
0.005832672
0.004932404
0.004768372
0.005805969
0.003566742
0.004150391
0.004184723
0.003948212
0.004055023
0.005386353
0.004817963
0.003746033
0.004409790
0.003517151
0.004467010
0.003780365
0.003551483
0.003787994
0.003505707
0.004257202
0.003585815
0.003684998
0.003749847
0.004955292
0.005641937
0.005733490
0.004436493
0.004535675
0.003551483
0.004623413
0.005840302
0.004020691
0.004520416
0.004962921
0.004032135
0.004329681
0.004058838
0.005741119
0.005546570
0.004104614
0.005527496
0.005847931
0.004405975
0.004222870
0.004646301
0.004966736
0.005100250
0.005462646
0.005615234
0.005455017
0.003761292
0.005386353
0.005840302
0.003707886
0.004039764
0.004085541
0.004833221
0.003829956
0.005935669
0.006351471
0.003593445
0.005386353
0.005348206
0.006435394
0.004653931
0.005165100
0.006340027
0.003673553
0.004951477
0.003749847
0.004341125
0.005775452
0.003967285
0.004055023
0.004306793
0.006084442
0.006050110
0.004768372
0.004844666
0.005073547
0.006099701
0.004947662
0.005851746
0.004898071
0.005573273
0.005561829
0.004943848
0.004447937
0.007266998
0.006713867
0.003505707
0.004974365
0.008090973
0.005603790
0.005439758
0.003490448
0.003501892
0.005619049
0.004894257
0.004047394
0.003982544
0.004817963
0.006649017
0.005512238
0.003623962
0.003498077
0.005046844
0.005924225
0.005329132
0.004524231
0.004512787
0.004924774
0.003532410
0.003547668
0.004898071
0.005836487
0.005729675
0.003459930
0.004863739
0.005332947
0.005863190
0.004512787
0.005428314
0.003780365
0.004734039
0.004817963
0.005474091
0.005855560
0.004878998
0.005153656
0.004920959
0.005950928
0.005413055
0.003566742
0.004852295
0.005847931
0.004180908
0.005382538
0.004905701
0.005416870
0.003463745
0.005245209
0.003761292
0.008094788
0.004684448
0.005187988
0.004955292
0.005836487
0.005184174
0.004505157
0.005752563
0.004924774
0.004501343
0.003971100
0.004943848
0.004386902
0.004898071
0.004489899
0.005661011
0.004974365
0.005420685
0.004856110
0.006332397
0.004432678
0.004596710
0.004016876
0.004455566
0.004070282
0.005897522
0.005805969
0.004154205
0.004505157
0.005817413
0.005901337
0.004516602
0.004642487
0.005802155
0.003742218
0.004878998
0.004924774
0.003540039
0.004436493
0.005401611
0.003524780
0.004451752
0.005393982
0.004520416
0.005371094
0.005874634
0.005424500
0.007781982
0.004787445
0.003921509
0.004196167
0.004463196
0.004905701
0.004901886
0.005790710
0.004520416
0.004295349
0.005481720
0.003540039
0.005886078
0.005104065
0.005401611
0.003997803
0.004135132
0.005363464
0.004489899
0.005687714
0.005661011
0.005844116
0.004493713
0.004940033
0.005355835
0.004711151
0.004867554
0.005596161
0.004905701
0.004940033
0.006896973
0.005603790
0.004501343
0.004386902
0.005413055
0.003833771
0.004020691
0.005519867
0.005329132
0.004009247
0.004974365
0.003940582
0.003547668
0.004886627
0.005020142
0.004936218
0.004512787
0.005859375
0.005039215
0.005905151
0.005428314
0.005386353
0.005878448
0.005428314
0.006160736
0.004905701
0.004920959
0.005390167
0.003917694
0.005367279
0.004508972
0.005523682
0.003505707
0.007656097
0.004657745
0.004447937
0.005027771
0.005466461
0.003562927
0.003982544
0.005840302
0.005096436
0.004039764
0.005870819
0.005352020
0.005016327
0.003765106
0.005367279
0.005382538
0.005386353
0.003528595
0.005443573
0.005916595
0.005733490
0.005077362
0.003753662
0.005878448
0.005943298
0.006050110
0.008064270
0.003444672
0.005104065
0.004249573
0.004943848
0.003543854
0.003551483
0.004962921
0.005447388
0.005844116
0.005420685
0.006610870
0.003467560
0.007392883
0.003463745
0.003498077
0.003749847
0.005855560
0.005939484
0.005760193
0.004501343
0.003562927
0.004436493
0.003551483
0.005325317
0.005573273
0.003555298
0.004856110
0.005531311
0.004478455
0.005001068
0.003482819
0.004909515
0.003959656
0.004909515
0.005641937
0.004047394
0.004459381
0.005352020
0.003684998
0.004440308
0.004863739
0.004005432
0.005374908
0.005420685
0.005443573
0.005432129
0.005203247
0.004451752
0.006458282
0.005779266
0.004940033
0.004505157
0.005508423
0.005260468
0.004474640
0.004890442
0.005561829
0.003757477
0.004940033
0.004829407
0.004158020
0.003852844
0.004795074
0.004169464
0.004760742
0.005382538
0.004524231
0.003532410
0.004520416
0.003608704
0.004165649
0.003883362
0.004447937
0.003837585
0.004867554
0.004009247
0.005004883
0.004474640
0.004825592
0.005859375
0.003662109
0.004543304
0.005607605
0.005107880
0.003517151
0.005104065
0.004516602
0.003608704
0.005214691
0.003944397
0.005073547
0.004837036
0.005821228
0.004524231
0.005203247
0.004112244
0.004623413
0.004932404
0.005466461
0.005420685
0.005397797
0.003505707
0.003524780
0.005386353
0.004798889
0.005424500
0.005512238
0.005031586
0.006374359
0.005832672
0.003490448
0.003532410
0.004451752
0.004913330
0.004959106
0.005790710
0.006038666
0.003551483
0.005420685
0.005390167
0.003498077
0.004409790
0.003551483
0.004894257
0.004829407
0.005882263
0.005702972
0.004467010
0.004821777
0.004394531
0.004871368
0.004760742
0.004981995
0.004955292
0.004623413
0.005344391
0.004489899
0.004470825
0.004890442
0.005722046
0.004867554
0.004497528
0.004909515
0.004829407
0.005214691
0.005931854
0.004798889
0.004436493
0.004943848
0.004779816
0.003498077
0.006053925
0.004371643
0.004676819
0.003684998
0.004913330
0.005165100
0.005741119
0.005069733
0.005859375
0.003890991
0.005855560
0.004066467
0.005538940
0.005538940
0.004852295
0.003746033
0.004371643
0.004009247
0.004512787
0.004077911
0.004116058
0.003513336
0.004058838
0.004116058
0.004913330
0.004631042
0.004516602
0.004470825
0.005867004
0.004051208
0.004745483
0.004566193
0.004024506
0.003536224
0.003826141
0.004360199
0.004917145
0.004878998
0.005645752
0.003894806
0.003967285
0.004970551
0.005382538
0.005855560
0.003471375
0.004833221
0.006141663
0.004795074
0.005260468
0.004024506
0.005752563
0.003551483
0.004444122
0.003574371
0.005374908
0.003536224
0.005008698
0.003536224
0.004039764
0.005001068
0.005405426
0.003479004
0.005706787
0.004936218
0.004405975
0.004684448
0.004913330
0.005416870
0.004821777
0.004920959
0.005653381
0.005020142
0.004364014
0.004455566
0.004875183
0.005737305
0.005424500
0.005592346
0.005523682
0.005821228
0.005844116
0.004257202
0.004051208
0.003509521
0.005561829
0.004058838
0.005805969
0.004203796
0.005836487
0.005424500
0.005882263
0.005798340
0.003974915
0.005371094
0.003540039
0.005393982
0.003601074
0.005767822
0.005348206
0.006576538
0.005905151
0.005455017
0.004943848
0.004043579
0.004669189
0.004508972
0.004463196
0.005897522
0.005424500
0.004142761
0.005928040
0.004081726
0.004371643
0.004020691
0.005371094
0.005363464
0.003540039
0.005340576
0.005393982
0.004981995
0.003555298
0.004913330
0.005432129
0.003601074
0.004501343
0.005401611
0.005149841
0.003997803
0.005096436
0.005386353
0.005805969
0.003570557
0.004646301
0.005371094
0.004432678
0.005119324
0.005401611
0.005958557
0.005851746
0.004463196
0.005432129
0.005058289
0.004440308
0.005096436
0.004447937
0.004966736
0.004890442
0.005226135
0.005432129
0.005378723
0.004005432
0.004020691
0.005310059
0.005836487
0.005683899
0.005226135
0.005439758
0.005088806
0.006027222
0.005462646
0.006622314
0.004875183
0.004768372
0.005416870
0.003631592
0.003990173
0.005851746
0.003570557
0.005859375
0.003990173
0.005859375
0.004402161
0.003982544
0.004478455
0.005821228
0.004501343
0.004989624
0.005416870
0.004493713
0.005363464
0.003730774
0.003677368
0.005439758
0.005096436
0.003532410
0.008033752
0.005851746
0.003562927
0.005874634
0.003829956
0.005615234
0.004486084
0.004974365
0.005920410
0.003524780
0.004020691
0.005226135
0.004913330
0.005615234
0.004753113
0.003997803
0.005393982
0.003684998
0.003807068
0.004043579
0.005416870
0.004219055
0.004531860
0.005393982
0.003562927
0.005447388
0.005905151
0.004501343
0.004905701
0.005020142
0.005844116
0.004203796
0.004859924
0.005821228
0.004348755
0.004714966
0.005401611
0.003532410
0.004333496
0.005004883
0.005393982
0.004402161
0.004943848
0.005004883
0.005805969
0.004653931
0.005714417
0.005241394
0.005561829
0.005607605
0.003524780
0.004859924
0.005378723
0.003532410
0.004905701
0.004013062
0.004425049
0.005233765
0.005744934
0.005851746
0.005371094
0.004936218
0.005859375
0.004241943
0.004829407
0.003990173
0.005432129
0.004959106
0.005432129
0.004859924
0.004257202
0.003562927
0.003486633
0.004440308
0.003837585
0.005447388
0.004508972
0.003463745
0.004714966
0.004653931
0.004936218
0.005805969
0.005393982
0.004226685
0.006301880
0.004905701
0.006591797
0.005271912
0.003562927
0.004882812
0.005416870
0.005798340
0.005401611
0.005393982
0.003868103
0.005439758
0.004020691
0.003593445
0.005325317
0.004501343
0.004959106
0.005874634
0.005386353
0.003547668
0.006385803
0.005729675
0.004981995
0.004447937
0.003952026
0.005111694
0.005424500
0.004066467
0.005592346
0.003990173
0.004692078
0.004959106
0.005805969
0.005744934
0.004966736
0.004341125
0.004463196
0.004486084
0.003738403
0.004913330
0.003845215
0.005500793
0.003692627
0.004898071
0.005096436
0.004966736
0.004104614
0.004508972
0.005447388
0.005882263
0.005416870
0.003471375
0.005111694
0.004768372
0.004165649
0.005699158
0.005249023
0.004096985
0.004730225
0.005332947
0.004867554
0.005584717
0.005493164
0.003517151
0.005088806
0.004867554
0.004165649
0.005073547
0.005371094
0.004890442
0.005363464
0.005020142
0.003532410
0.003616333
0.005859375
0.006561279
0.006660461
0.003593445
0.004074097
0.005645752
0.003845215
0.003524780
0.004898071
0.004478455
0.004028320
0.004928589
0.004905701
0.004028320
0.004005432
0.006607056
0.005386353
0.003837585
0.004104614
0.003616333
0.005477905
0.005668640
0.005386353
0.003753662
0.005210876
0.003990173
0.004035950
0.003768921
0.004791260
0.005912781
0.003547668
0.003974915
0.004493713
0.005065918
0.003662109
0.003471375
0.005424500
0.005744934
0.005371094
0.003997803
0.004035950
0.004928589
0.005599976
0.005355835
0.004692078
0.003555298
0.005905151
0.005371094
0.003990173
0.005592346
0.003921509
0.005790710
0.005699158
0.005401611
0.005409241
0.006187439
0.005393982
0.006004333
0.006752014
0.005409241
0.004501343
0.006637573
0.004760742
0.004959106
0.004875183
0.003555298
0.003509521
0.004043579
0.004203796
0.006622314
0.005813599
0.004524231
0.004478455
0.005264282
0.004508972
0.005783081
0.005386353
0.004882812
0.003486633
0.003509521
0.004943848
0.004890442
0.005523682
0.005424500
0.004486084
0.005355835
0.003952026
0.004386902
0.005416870
0.004936218
0.005172729
0.003959656
0.004913330
0.004493713
0.005561829
0.004508972
0.005828857
0.003593445
0.005218506
0.006927490
0.005836487
0.004890442
0.005210876
0.005584717
0.003486633
0.003562927
0.005416870
0.004264832
0.005378723
0.005691528
0.004104614
0.004035950
0.003898621
0.005828857
0.004364014
0.004806519
0.006652832
0.004943848
0.005668640
0.005882263
0.003471375
0.004814148
0.005928040
0.003562927
0.003829956
0.004531860
0.003715515
0.004440308
0.003990173
0.004928589
0.004066467
0.005401611
0.004539490
0.004913330
0.003593445
0.004310608
0.005401611
0.005622864
0.005821228
0.006431580
0.003616333
0.004211426
0.004180908
0.003593445
0.003440857
0.003715515
0.004852295
0.005424500
0.004577637
0.004951477
0.005111694
0.004981995
0.005912781
0.005813599
0.003494263
0.004806519
0.004524231
0.004005432
0.004951477
0.003578186
0.004203796
0.003585815
0.004501343
0.004142761
0.003616333
0.005439758
0.003837585
0.004005432
0.003898621
0.004005432
0.003532410
0.004188538
0.005538940
0.004318237
0.005867004
0.006454468
0.004875183
0.005393982
0.003509521
0.003723145
0.003646851
0.005447388
0.003829956
0.004371643
0.003547668
0.005424500
0.005645752
0.005668640
0.003623962
0.004196167
0.005378723
0.005561829
0.005889893
0.004745483
0.004913330
0.006469727
0.004219055
0.004013062
0.005889893
0.004493713
0.004432678
0.003990173
0.005363464
0.005775452
0.007835388
0.004043579
0.007797241
0.003753662
0.003570557
0.006034851
0.003501892
0.003898621
0.005401611
0.005493164
0.004646301
0.003494263
0.004486084
0.004508972
0.004493713
0.003540039
0.004447937
0.005004883
0.005882263
0.003952026
0.004760742
0.004478455
0.003562927
0.008132935
0.005363464
0.005897522
0.005714417
0.004432678
0.005126953
0.004806519
0.004646301
0.005432129
0.005813599
0.003532410
0.004539490
0.004440308
0.004470825
0.003654480
0.005355835
0.005287170
0.005615234
0.004119873
0.005302429
0.005462646
0.005386353
0.004539490
0.004875183
0.005424500
0.003982544
0.005416870
0.004875183
0.005531311
0.003730774
0.005607605
0.004768372
0.005462646
0.005310059
0.004142761
0.003677368
0.005416870
0.003997803
0.003540039
0.004135132
0.004005432
0.004951477
0.005409241
0.005851746
0.003585815
0.005378723
0.005882263
0.004142761
0.005477905
0.003936768
0.004058838
0.005424500
0.004882812
0.005828857
0.003540039
0.004837036
0.004821777
0.005371094
0.003837585
0.004913330
0.004455566
0.004539490
0.004028320
0.003532410
0.003868103
0.004501343
0.003982544
0.005851746
0.003753662
0.005599976
0.003967285
0.004241943
0.005249023
0.005783081
0.003547668
0.004005432
0.005874634
0.005752563
0.005699158
0.003898621
0.004913330
0.005004883
0.004142761
0.005874634
0.005195618
0.006683350
0.004745483
0.003730774
0.004043579
0.004463196
0.006660461
0.005973816
0.004913330
0.004737854
0.005821228
0.004310608
0.004501343
0.003967285
0.003860474
0.004455566
0.004920959
0.005180359
0.003471375
0.004043579
0.005821228
0.005393982
0.004959106
0.003990173
0.004493713
0.005821228
0.004501343
0.003829956
0.004440308
0.003997803
0.004508972
0.004989624
0.005851746
0.004051208
0.004486084
0.004974365
0.005882263
0.005920410
0.005393982
0.005348206
0.003799438
0.005271912
0.005676270
0.004722595
0.003913879
0.005104065
0.004173279
0.003952026
0.004478455
0.004920959
0.005462646
0.003753662
0.005401611
0.005416870
0.005439758
0.003974915
0.004585266
0.005783081
0.005874634
0.003601074
0.005432129
0.003517151
0.004508972
0.004043579
0.004402161
0.005371094
0.005851746
0.004943848
0.004821777
0.004905701
0.005065918
0.006385803
0.006019592
0.004196167
0.005294800
0.005409241
0.005401611
0.003761292
0.004478455
0.004981995
0.003982544
0.004234314
0.005844116
0.005073547
0.005821228
0.004966736
0.005432129
0.004043579
0.003997803
0.004951477
0.005790710
0.003753662
0.004386902
0.003585815
0.005203247
0.005851746
0.005470276
0.005668640
0.005386353
0.005393982
0.005310059
0.004959106
0.004074097
0.005889893
0.004493713
0.005393982
0.003974915
0.003967285
0.004005432
0.004165649
0.004653931
0.004058838
0.004852295
0.004470825
0.003578186
0.006141663
0.006599426
0.005485535
0.003875732
0.003997803
0.004074097
0.004501343
0.005996704
0.005836487
0.004013062
0.005348206
0.005836487
0.003479004
0.004783630
0.003936768
0.005424500
0.005416870
0.004165649
0.005790710
0.006958008
0.004760742
0.004028320
0.004005432
0.003967285
0.004478455
0.004913330
0.005592346
0.005432129
0.004302979
0.004058838
0.004447937
0.004600525
0.004791260
0.005485535
0.004859924
0.003959656
0.005371094
0.004821777
0.003875732
0.004142761
0.005378723
0.006668091
0.003532410
0.004936218
0.004470825
0.004905701
0.005371094
0.004028320
0.004859924
0.003540039
0.005416870
0.005409241
0.005477905
0.004829407
0.003845215
0.005416870
0.004539490
0.004943848
0.005828857
0.004028320
0.004875183
0.005874634
0.004287720
0.003837585
0.006050110
0.004707336
0.005783081
0.003479004
0.004913330
0.005805969
0.005920410
0.004180908
0.003952026
0.004882812
0.007873535
0.005355835
0.006050110
0.003463745
0.004013062
0.005340576
0.005844116
0.004478455
0.004463196
0.005416870
0.005424500
0.004898071
0.003547668
0.005874634
0.006378174
0.005081177
0.003479004
0.005386353
0.003555298
0.004386902
0.004821777
0.003952026
0.005775452
0.003730774
0.004119873
0.003517151
0.003669739
0.005401611
0.005401611
0.003761292
0.005134583
0.004837036
0.003555298
0.003486633
0.003555298
0.003723145
0.005195618
0.005447388
0.006042480
0.003524780
0.005081177
0.005714417
0.005386353
0.004791260
0.005050659
0.004005432
0.004211426
0.005981445
0.003707886
0.005897522
0.003845215
0.004867554
0.005531311
0.003593445
0.004333496
0.005287170
0.006088257
0.006668091
0.005371094
0.005287170
0.003578186
0.003494263
0.005126953
0.006248474
0.003585815
0.005447388
0.006240845
0.003517151
0.004203796
0.003471375
0.004890442
0.008071899
0.004722595
0.005783081
0.005897522
0.003486633
0.005294800
0.003479004
0.004486084
0.004493713
0.004913330
0.003959656
0.004631042
0.005371094
0.003501892
0.004531860
0.005317688
0.006370544
0.005859375
0.005165100
0.006599426
0.005432129
0.005218506
0.005859375
0.003974915
0.005683899
0.005424500
0.004989624
0.005371094
0.006187439
0.004196167
0.003555298
0.003532410
0.003585815
0.003555298
0.004203796
0.004013062
0.003532410
0.003501892
0.005767822
0.005104065
0.003532410
0.005310059
0.005004883
0.005012512
0.004882812
0.004920959
0.005889893
0.004386902
0.004928589
0.003456116
0.004501343
0.004081726
0.005271912
0.004951477
0.005310059
0.004524231
0.004951477
0.005882263
0.005081177
0.003509521
0.005798340
0.004814148
0.004470825
0.004524231
0.003524780
0.005439758
0.005348206
0.004119873
0.004547119
0.005874634
0.004249573
0.005477905
0.005874634
0.003868103
0.005310059
0.008087158
0.005401611
0.004508972
0.004653931
0.005401611
0.005584717
0.005256653
0.005363464
0.003601074
0.007873535
0.003845215
0.003585815
0.003570557
0.005096436
0.005905151
0.004943848
0.005775452
0.005050659
0.006027222
0.006622314
0.004074097
0.003601074
0.004997253
0.005706787
0.005821228
0.005630493
0.004104614
0.004928589
0.004020691
0.004699707
0.005432129
0.005813599
0.003547668
0.005798340
0.003501892
0.005813599
0.005340576
0.003776550
0.003822327
0.003746033
0.004013062
0.004943848
0.005027771
0.005416870
0.005416870
0.003875732
0.005432129
0.005500793
0.008178711
0.005638123
0.003593445
0.004737854
0.005828857
0.003974915
0.005355835
0.003852844
0.005851746
0.004219055
0.005386353
0.004951477
0.004730225
0.005836487
0.004989624
0.004936218
0.005393982
0.003555298
0.003532410
0.003776550
0.005966187
0.004905701
0.005371094
0.005256653
0.005256653
0.003684998
0.005432129
0.004920959
0.003540039
0.005439758
0.005226135
0.004150391
0.004142761
0.006286621
0.005653381
0.004074097
0.004760742
0.003677368
0.005836487
0.008094788
0.003692627
0.003738403
0.003997803
0.004089355
0.005622864
0.003967285
0.003440857
0.004455566
0.004028320
0.004714966
0.006019592
0.005432129
0.005867004
0.005813599
0.003814697
0.005050659
0.003524780
0.003593445
0.003990173
0.005828857
0.004356384
0.004951477
0.005401611
0.003501892
0.004158020
0.005836487
0.006500244
0.005874634
0.003524780
0.005424500
0.004013062
0.004516602
0.003982544
0.004486084
0.006530762
0.003532410
0.003547668
0.003570557
0.003944397
0.003997803
0.006011963
0.004844666
0.003616333
0.004920959
0.004417419
0.004478455
0.005828857
0.005821228
0.005409241
0.003562927
0.004470825
0.004913330
0.004020691
0.006042480
0.004638672
0.003494263
0.003852844
0.003517151
0.004981995
0.004592896
0.004440308
0.005371094
0.004432678
0.005218506
0.004959106
0.005279541
0.004898071
0.005874634
0.005271912
0.004486084
0.004493713
0.004859924
0.003906250
0.004692078
0.004478455
0.005714417
0.003570557
0.005378723
0.003547668
0.004981995
0.005630493
0.006034851
0.003501892
0.003753662
0.004493713
0.005409241
0.005416870
0.005813599
0.004165649
0.004943848
0.004898071
0.004570007
0.004882812
0.005317688
0.004966736
0.005416870
0.003524780
0.005401611
0.005424500
0.004463196
0.004737854
0.004539490
0.004577637
0.003952026
0.005798340
0.004478455
0.007751465
0.005821228
0.004211426
0.003585815
0.005401611
0.005851746
0.005416870
0.003791809
0.005706787
0.004005432
0.003547668
0.005844116
0.004440308
0.004669189
0.005210876
0.004959106
0.004440308
0.003974915
0.004936218
0.005805969
0.004531860
0.004455566
0.005836487
0.005661011
0.003471375
0.003982544
0.003974915
0.004928589
0.005813599
0.004959106
0.004180908
0.004997253
0.004524231
0.005210876
0.004943848
0.004508972
0.003578186
0.003479004
0.003753662
0.003990173
0.005851746
0.005867004
0.003608704
0.005844116
0.003471375
0.005874634
0.003547668
0.004981995
0.006690979
0.003860474
0.005386353
0.005386353
0.004013062
0.004989624
0.004493713
0.005935669
0.003707886
0.005393982
0.005432129
0.005363464
0.004058838
0.003761292
0.004508972
0.005477905
0.004508972
0.003761292
0.004005432
0.003707886
0.005737305
0.004936218
0.005500793
0.005813599
0.003997803
0.005378723
0.005386353
0.003532410
0.005920410
0.003684998
0.004478455
0.005432129
0.003746033
0.004005432
0.004257202
0.004516602
0.003540039
0.004936218
0.005432129
0.005470276
0.003540039
0.006492615
0.005226135
0.004806519
0.005455017
0.003578186
0.004814148
0.004936218
0.006584167
0.005218506
0.004570007
0.003608704
0.005416870
0.004478455
0.005195618
0.004844666
0.005126953
0.004684448
0.003555298
0.004829407
0.005355835
0.003868103
0.005905151
0.005859375
0.007431030
0.003570557
0.005386353
0.004066467
0.004852295
0.004829407
0.005393982
0.005439758
0.004425049
0.003540039
0.003570557
0.004516602
0.003509521
0.004493713
0.003593445
0.004951477
0.005249023
0.005393982
0.005638123
0.003791809
0.004440308
0.004936218
0.003868103
0.005867004
0.005378723
0.005393982
0.005813599
0.003646851
0.004981995
0.003555298
0.004371643
0.005973816
0.007461548
0.005462646
0.004981995
0.004051208
0.004661560
0.004936218
0.004051208
0.004913330
0.004440308
0.004180908
0.004035950
0.004684448
0.005828857
0.005561829
0.004478455
0.004699707
0.005981445
0.004905701
0.005493164
0.003494263
0.005157471
0.005432129
0.005195618
0.005012512
0.004165649
0.005378723
0.005363464
0.005210876
0.003898621
0.003952026
0.004783630
0.004913330
0.004974365
0.005088806
0.004928589
0.005134583
0.004463196
0.005058289
0.004951477
0.003639221
0.003517151
0.004234314
0.003532410
0.003509521
0.004112244
0.004516602
0.005081177
0.004112244
0.004280090
0.005035400
0.004661560
0.004745483
0.004150391
0.003540039
0.004119873
0.004547119
0.004814148
0.004112244
0.004692078
0.005073547
0.003814697
0.004470825
0.004974365
0.005027771
0.004493713
0.004158020
0.005111694
0.004440308
0.004768372
0.004165649
0.004112244
0.005065918
0.005134583
0.004455566
0.000007629
0.000000000
