0.000331405
0.000158895
0.000420808
0.000261803
0.000248693
0.002871588
0.003619701
0.003890187
0.001523405
0.003536701
0.004756659
0.004375428
0.002590954
0.003100961
0.002384961
0.004975498
0.000477493
0.003881395
0.004104018
0.002014935
0.002418756
0.002451420
0.004601240
0.004396975
0.001377821
0.003469706
0.002900243
0.002317905
0.003815055
0.005033016
0.000348091
0.000990868
0.003617525
0.003475904
0.003562808
0.003727198
0.002200842
0.004377842
0.002658844
0.003742099
0.003795981
0.001023769
0.003596187
0.003408790
0.002797365
0.001546502
0.003146648
0.001883864
0.000514865
0.000756145
0.002744436
0.005750418
0.000948668
0.004672766
0.004709959
0.004065275
0.002061605
0.003778219
0.004842758
0.004437923
0.000555038
0.004492760
0.001353264
0.004154921
0.004509687
0.004062176
0.003407955
0.002125025
0.004025698
0.004362822
0.002816439
0.001934767
0.003939152
0.003772497
0.001797199
0.003952026
0.003702879
0.004332304
0.004487514
0.004146338
0.004505873
0.004790306
0.003811359
0.003749371
0.004426479
0.003375053
0.004556894
0.004439831
0.005045176
0.003512621
0.003592253
0.004382849
0.002311468
0.004023790
0.003710508
0.001240969
0.005401134
0.004337311
0.003284693
0.004247189
0.004865646
0.003181458
0.002952099
0.005089521
0.000890493
0.004184008
0.004932165
0.004539490
0.004019260
0.004662514
0.003782749
0.003813744
0.004018784
0.003512859
0.003063679
0.003676414
0.002385616
0.003858566
0.003144264
0.001288414
0.004832268
0.000020504
0.000929832
0.004019260
0.001568317
0.000472069
0.003962040
0.004069328
0.003701210
0.001633167
0.003817081
0.001026154
0.003132820
0.002672672
0.003958225
0.003516674
0.005569935
0.004408836
0.005036831
0.004543781
0.003969193
0.004623413
0.004830360
0.003806114
0.005625725
0.004426956
0.005029678
0.002137184
0.003319740
0.004952431
0.002722740
0.002768993
0.002761364
0.004418373
0.004076481
0.002088070
0.004710674
0.004563332
0.001870632
0.000081062
0.003746510
0.002942085
0.003712177
0.003219128
0.004057407
0.002853394
0.004622936
0.001719952
0.003465652
0.005570412
0.003362656
0.004680634
0.003123760
0.004600048
0.003479004
0.000870705
0.004375458
0.004238605
0.003622055
0.004107952
0.004164219
0.003991604
0.004741669
0.004105091
0.002758503
0.004661560
0.004241467
0.004230499
0.001210690
0.004198551
0.005652905
0.003463745
0.004710197
0.003376961
0.004081726
0.001054764
0.003853798
0.004714012
0.002652168
0.000877380
0.002272606
0.002903938
0.003477097
0.005072594
0.004565239
0.004504204
0.003949165
0.003341675
0.005290031
0.003216743
0.004523277
0.003887177
0.005038261
0.004599571
0.003110886
0.000082016
0.003297806
0.002340317
0.003998756
0.001723289
0.003553391
0.001236916
0.001653671
0.001752853
0.003991127
0.003912926
0.002696037
0.003117561
0.002586365
0.000900269
0.004170418
0.004570007
0.003032684
0.005226135
0.003472328
0.004068375
0.004136086
0.004015923
0.004076958
0.003166199
0.003809929
0.003908157
0.003193855
0.003840446
0.003379822
0.002889633
0.003031731
0.000934601
0.004220963
0.003938675
0.000864029
0.004726410
0.005292892
0.004027367
0.003011703
0.002238274
0.004768372
0.003312111
0.003046989
0.003805161
0.002565384
0.000462532
0.003170013
0.003330231
0.003573418
0.002923012
0.004152298
0.003798485
0.004207611
0.003775597
0.003999710
0.002997398
0.003539085
0.002524376
0.000587463
0.004473686
0.002607346
0.003896713
0.004424095
0.002861977
0.002922058
0.003571510
0.002291679
0.003902435
0.003209114
0.003033638
0.003774643
0.003542900
0.004837036
0.003176689
0.005302429
0.004525185
0.002681732
0.004989624
0.004828453
0.002666473
0.003550529
0.004318237
0.004001617
0.003737450
0.003021240
0.004315376
0.002388000
0.004409790
0.002656937
0.002959251
0.005560875
0.004413605
0.003985405
0.004838943
0.002791405
0.001344681
0.004261017
0.002858162
0.002566338
0.003697395
0.004628181
0.004135132
0.003226280
0.004652977
0.003223419
0.004312515
0.003651619
0.003736496
0.001051903
0.004094124
0.004004478
0.003803253
0.004094124
0.002626419
0.000612259
0.001131058
0.003033638
0.004083633
0.003631592
0.003980637
0.004179955
0.001694679
0.002267838
0.004016876
0.004210472
0.004887581
0.003593445
0.003371239
0.004411697
0.001013756
0.004438400
0.003585815
0.004431725
0.003879547
0.003013611
0.001665115
0.003416061
0.003439903
0.003345490
0.002087593
0.000676155
0.003415108
0.004268646
0.010152817
0.006500244
0.009366035
0.010011673
0.011721611
0.012882233
0.013815880
0.012926102
0.013733864
0.015233994
0.007415771
0.009606361
0.011164665
0.012412071
0.010444641
0.013320923
0.011853218
0.014261246
0.012682915
0.010993958
0.012867928
0.010928154
0.015094757
0.012387276
0.011062622
0.008620262
0.009855270
0.013250351
0.014261246
0.011774063
0.011314392
0.012351990
0.013078690
0.012289047
0.010375977
0.014444351
0.009866714
0.014961243
0.012510300
0.011182785
0.008581161
0.009927750
0.011651993
0.013896942
0.014177322
0.014883041
0.012594223
0.013397217
0.014242172
0.010919571
0.012285233
0.009740829
0.014341354
0.014184952
0.011465073
0.014049530
0.015308380
0.012311935
0.011962891
0.014326096
0.013868332
0.010507584
0.012527466
0.012668610
0.009565353
0.011529922
0.013473511
0.011758804
0.015333176
0.011358261
0.012912750
0.012062073
0.010190964
0.012807846
0.009675980
0.011381149
0.015459061
0.012933731
0.014751434
0.012140274
0.013002396
0.014167786
0.009532928
0.012809753
0.007614136
0.012939453
0.010988235
0.011253357
0.011741638
0.010089874
0.013341904
0.012769699
0.013511658
0.014314651
0.012693405
0.010614395
0.011947632
0.014581680
0.014732361
0.010343552
0.012042999
0.009637833
0.011596680
0.011959076
0.008876801
0.012994766
0.011266708
0.012264252
0.015041351
0.011682510
0.012254715
0.014312744
0.011692047
0.012632370
0.011333466
0.010381699
0.014835358
0.010730743
0.008850098
0.010547638
0.007368088
0.012954712
0.012918472
0.012287140
0.010961533
0.012582779
0.013147354
0.011817932
0.013765335
0.011825562
0.013692856
0.011840820
0.012111664
0.004056931
0.003183365
0.001333237
0.003890991
0.003444672
0.001987457
0.002534866
0.004510880
0.005146027
0.004718781
0.003892899
0.002696991
0.003021240
0.001785278
0.002103806
0.003713608
0.000717163
0.003208160
0.004539490
0.003454208
0.004814148
0.003381729
0.004335403
0.001581192
0.004922867
0.004251480
0.002481461
0.004266739
0.003391266
0.002227783
0.003757477
0.004266739
0.004121780
0.003427505
0.001352310
0.003664017
0.001987457
0.002973557
0.001544952
0.002122879
0.003379822
0.003705978
0.004453659
0.003683090
0.002098083
0.003921509
0.003847122
0.003458023
0.005586624
0.003265381
0.003641129
0.002780914
0.003831863
0.004625320
0.001422882
0.003055573
0.003431320
0.003690720
0.003646851
0.002464294
0.003665924
0.003494263
0.002317429
0.005258560
0.000566483
0.005357742
0.005289078
0.004579544
0.002468109
0.004125595
0.004079819
0.004043579
0.004928589
0.003149033
0.001348495
0.005186081
0.004283905
0.003732681
0.002929688
0.004377365
0.004669189
0.001703262
0.003471375
0.004047394
0.003551483
0.003376007
0.004085541
0.004535675
0.004446030
0.002902985
0.004236221
0.005294800
0.004095078
0.001110077
0.003702164
0.004610062
0.002279282
0.004343033
0.004247665
0.001312256
0.004087448
0.004438400
0.005462646
0.002639771
0.004316330
0.004400253
0.001470566
0.001169205
0.002510071
0.004365921
0.003328323
0.002750397
0.001390457
0.002477646
0.003622055
0.004144669
0.002958298
0.003561020
0.002477646
0.003477097
0.003986359
0.002220154
0.004428864
0.003652573
0.004405975
0.002292633
0.003763199
0.004232407
0.001396179
0.003519058
0.003614426
0.004125595
0.004140854
0.004669189
0.004640579
0.004301071
0.003416061
0.003421783
0.001964569
0.003639221
0.003438950
0.004629135
0.002950668
0.004978180
0.004629135
0.002279282
0.003799438
0.002050400
0.002872467
0.004152298
0.003829956
0.003841400
0.004154205
0.003269196
0.004322052
0.003961563
0.004455566
0.004234314
0.004192352
0.003608704
0.001934052
0.003259659
0.004419327
0.004026413
0.004171371
0.003942490
0.003099442
0.005424500
0.002878189
0.004091263
0.001901627
0.002296448
0.002639771
0.002473831
0.003305435
0.004043579
0.004398346
0.003919601
0.004274368
0.003347397
0.003837585
0.004842758
0.002994537
0.003938675
0.003599167
0.004928589
0.003036499
0.005371094
0.001142502
0.003856659
0.003595352
0.004058838
0.004308701
0.003139496
0.004846573
0.004560471
0.003461838
0.002628326
0.003690720
0.003841400
0.001117706
0.001998901
0.004856110
0.003374100
0.003767014
0.002489090
0.003993988
0.004076004
0.002670288
0.000967026
0.002590179
0.003890991
0.003849030
0.002954483
0.003501892
0.003438950
0.003177643
0.004045486
0.004110336
0.004034042
0.003549576
0.003633499
0.004507065
0.004005432
0.003787994
0.003059387
0.003896713
0.002969742
0.004287720
0.004014969
0.004125595
0.004173279
0.004760742
0.004299164
0.004812241
0.004858017
0.003349304
0.003492355
0.003156662
0.004140854
0.004596710
0.002700806
0.004545212
0.001905441
0.002584457
0.004520416
0.003070831
0.002300262
0.005847931
0.004051208
0.003015518
0.004028320
0.003986359
0.004327774
0.002882004
0.002437592
0.005079269
0.003179550
0.004266739
0.003608704
0.003936768
0.003652573
0.003854752
0.004093170
0.002620697
0.004484177
0.004016876
0.003900528
0.003210068
0.004322052
0.004100800
0.004055023
0.004699707
0.003856659
0.004253387
0.004051208
0.003616333
0.003738403
0.004573822
0.002849579
0.003379822
0.003906250
0.005290985
0.004302979
0.004753113
0.004295349
0.002593994
0.004520416
0.003482819
0.004127502
0.004753113
0.004531860
0.004112244
0.002033234
0.003494263
0.004226685
0.004791260
0.004673004
0.003887177
0.003131866
0.003520966
0.003154755
0.005310059
0.004344940
0.004867554
0.000980377
0.005496979
0.003116608
0.000141144
0.004501343
0.002403259
0.002197266
0.004741669
0.004379272
0.005500793
0.001564026
0.004219055
0.003154755
0.004314423
0.004867554
0.005054474
0.004566193
0.003997803
0.004013062
0.002517700
0.004306793
0.003486633
0.004642487
0.003341675
0.002891541
0.003730774
0.002689362
0.001541138
0.004989624
0.001068115
0.001129150
0.003540039
0.000301361
0.004215240
0.003921509
0.002433777
0.004100800
0.003562927
0.001724243
0.003990173
0.005397797
0.002502441
0.004486084
0.002410889
0.002185822
0.003711700
0.004547119
0.003654480
0.003833771
0.003578186
0.003059387
0.003772736
0.005390167
0.003940582
0.004619598
0.003398895
0.003101349
0.003669739
0.001235962
0.002189636
0.004287720
0.002964020
0.004306793
0.004337311
0.003334045
0.001972198
0.004100800
0.004257202
0.003276825
0.005229950
0.004035950
0.004791260
0.003547668
0.003208160
0.001022339
0.005748749
0.004470825
0.004055023
0.004077911
0.003707886
0.004364014
0.003574371
0.004203796
0.003974915
0.004379272
0.004714966
0.003013611
0.002082825
0.004478455
0.003021240
0.003662109
0.004516602
0.004123688
0.002536774
0.002040863
0.003643036
0.000701904
0.002758026
0.001884460
0.004123688
0.003707886
0.003948212
0.003971100
0.000988007
0.003768921
0.001022339
0.004001617
0.003341675
0.004329681
0.003002167
0.003120422
0.001831055
0.002822876
0.001873016
0.001464844
0.004684448
0.002723694
0.003406525
0.003936768
0.001571655
0.003726959
0.001091003
0.003841400
0.004314423
0.002891541
0.002704620
0.005512238
0.005130768
0.003894806
0.003608704
0.001716614
0.003379822
0.003604889
0.004585266
0.003616333
0.004405975
0.003967285
0.003372192
0.003925323
0.003776550
0.004440308
0.004764557
0.003555298
0.003967285
0.003208160
0.001998901
0.002460480
0.003887177
0.004749298
0.004699707
0.002109528
0.004009247
0.002994537
0.001594543
0.005153656
0.004653931
0.002742767
0.002223969
0.004467010
0.003925323
0.004516602
0.003078461
0.003494263
0.003864288
0.003524780
0.004226685
0.002315521
0.004192352
0.004711151
0.004127502
0.003864288
0.004184723
0.001495361
0.003616333
0.003570557
0.003799438
0.003906250
0.002685547
0.005676270
0.003585815
0.004322052
0.004066467
0.001415253
0.003845215
0.004360199
0.003356934
0.002784729
0.000995636
0.003505707
0.003334045
0.004089355
0.003379822
0.003791809
0.002845764
0.004074097
0.003787994
0.004421234
0.004749298
0.004955292
0.003341675
0.004741669
0.002769470
0.004146576
0.003131866
0.004264832
0.003032684
0.001884460
0.003715515
0.002861023
0.001827240
0.001647949
0.002914429
0.002925873
0.004928589
0.004005432
0.004062653
0.002227783
0.000778198
0.004135132
0.002216339
0.003562927
0.000831604
0.003749847
0.001419067
0.004524231
0.004264832
0.002326965
0.002174377
0.004859924
0.003314972
0.000331879
0.002395630
0.004306793
0.002883911
0.001045227
0.003810883
0.002456665
0.001483917
0.003257751
0.003944397
0.003097534
0.003196716
0.004825592
0.003288269
0.004493713
0.005439758
0.001892090
0.003189087
0.002941132
0.004371643
0.003971100
0.001583099
0.004123688
0.004425049
0.001037598
0.004051208
0.002937317
0.003746033
0.001907349
0.003917694
0.002605438
0.002159119
0.004043579
0.004184723
0.003852844
0.003883362
0.001266479
0.002853394
0.003993988
0.003780365
0.003643036
0.004135132
0.004375458
0.003875732
0.003932953
0.004127502
0.009971619
0.013790131
0.010272980
0.012783051
0.013759613
0.014938354
0.014274597
0.011383057
0.011215210
0.015110016
0.013038635
0.011260986
0.011196136
0.011768341
0.009071350
0.012554169
0.010105133
0.012458801
0.010498047
0.010795593
0.011505127
0.009231567
0.014064789
0.011989594
0.016059875
0.014305115
0.012199402
0.013011932
0.012451172
0.011730194
0.010967255
0.013759613
0.010284424
0.009475708
0.011634827
0.009552002
0.013561249
0.015209198
0.012702942
0.014335632
0.014823914
0.010879517
0.012939453
0.005397797
0.011123657
0.015724182
0.010177612
0.012729645
0.013042450
0.010364532
0.010955811
0.013446808
0.014568329
0.015197754
0.014865875
0.013477325
0.014438629
0.012939453
0.011219025
0.016494751
0.007324219
0.006633759
0.013725281
0.011047363
0.015048981
0.014965057
0.016109467
0.011203766
0.009883881
0.012836456
0.009914398
0.011619568
0.009822845
0.015724182
0.012210846
0.015666962
0.008342743
0.005920410
0.014812469
0.009616852
0.014251709
0.014068604
0.012447357
0.012969971
0.010639191
0.013111115
0.013061523
0.012779236
0.011993408
0.013576508
0.011531830
0.014617920
0.011264801
0.010772705
0.012172699
0.012687683
0.012546539
0.014823914
0.014175415
0.009166718
0.013504028
0.010738373
0.012844086
0.013298035
0.010375977
0.013702393
0.012969971
0.015251160
0.012348175
0.011539459
0.014789581
0.012268066
0.014526367
0.012565613
0.007064819
0.009826660
0.012641907
0.013629913
0.011730194
0.016403198
0.012928009
0.010749817
0.010768890
0.007884979
0.013885498
0.013492584
0.013645172
0.011478424
0.008556366
0.005065918
0.004135132
0.004016876
0.003932953
0.005435944
0.004055023
0.003616333
0.003391266
0.002811432
0.002288818
0.004543304
0.005126953
0.004127502
0.004913330
0.003997803
0.004043579
0.004425049
0.004745483
0.003269196
0.003402710
0.004024506
0.003444672
0.003463745
0.003940582
0.000728607
0.004024506
0.001461029
0.003822327
0.002445221
0.003887177
0.002555847
0.002338409
0.002147675
0.004650116
0.002361298
0.004344940
0.004436493
0.005294800
0.004745483
0.003517151
0.002677917
0.003940582
0.005210876
0.004901886
0.003662109
0.003890991
0.000629425
0.003940582
0.003356934
0.003379822
0.002059937
0.004055023
0.003726959
0.004428864
0.004096985
0.001186371
0.004150391
0.004455566
0.004074097
0.003704071
0.001991272
0.000236511
0.004257202
0.004268646
0.003395081
0.001995087
0.002784729
0.004066467
0.002677917
0.004623413
0.005744934
0.000446320
0.004127502
0.003704071
0.003139496
0.004493713
0.002063751
0.001758575
0.003650665
0.004192352
0.001739502
0.003993988
0.004020691
0.003227234
0.001380920
0.003482819
0.002803802
0.003616333
0.003608704
0.001289368
0.003597260
0.003673553
0.004287720
0.001968384
0.004436493
0.003147125
0.003105164
0.004013062
0.003986359
0.002647400
0.004501343
0.003868103
0.002071381
0.003555298
0.004348755
0.003280640
0.004459381
0.003875732
0.002536774
0.003837585
0.000404358
0.003787994
0.004241943
0.003490448
0.003574371
0.003864288
0.004581451
0.005413055
0.001293182
0.002708435
0.004688263
0.003650665
0.003875732
0.003326416
0.000595093
0.003116608
0.003330231
0.001487732
0.003314972
0.002986908
0.000198364
0.004421234
0.004478455
0.002944946
0.004177094
0.003829956
0.003623962
0.004337311
0.004489899
0.003273010
0.004051208
0.004562378
0.004539490
0.002582550
0.003440857
0.003597260
0.001350403
0.003311157
0.003795624
0.002445221
0.004665375
0.000572205
0.001647949
0.004184723
0.004699707
0.001312256
0.003494263
0.004589081
0.005138397
0.004383087
0.002372742
0.004611969
0.005348206
0.004245758
0.004169464
0.003932953
0.004268646
0.002159119
0.004940033
0.003967285
0.003883362
0.004981995
0.004062653
0.003719330
0.002452850
0.004020691
0.004264832
0.000644684
0.003234863
0.003330231
0.002483368
0.003398895
0.002925873
0.004650116
0.003089905
0.001899719
0.004756927
0.002628326
0.003723145
0.004039764
0.005039215
0.002376556
0.003673553
0.000854492
0.002311707
0.001720428
0.003299713
0.003906250
0.003974915
0.002727509
0.000995636
0.002517700
0.005496979
0.003463745
0.003421783
0.000465393
0.002052307
0.001422882
0.003036499
0.005741119
0.002731323
0.002140045
0.005203247
0.004028320
0.004337311
0.004253387
0.001064301
0.003368378
0.000152588
0.002723694
0.003173828
0.004451752
0.001502991
0.003097534
0.005130768
0.003067017
0.001956940
0.004634857
0.002346039
0.000854492
0.002239227
0.003784180
0.004356384
0.003780365
0.004673004
0.004684448
0.001194000
0.001956940
0.004680634
0.003097534
0.003864288
0.000072479
0.002552032
0.001060486
0.002120972
0.003616333
0.003017426
0.003807068
0.004650116
0.000793457
0.003807068
0.003650665
0.003406525
0.002666473
0.000473022
0.003490448
0.004180908
0.003807068
0.003437042
0.000659943
0.002506256
0.004592896
0.005310059
0.001827240
0.003578186
0.004165649
0.004409790
0.003646851
0.003479004
0.005901337
0.004039764
0.004188538
0.003131866
0.000640869
0.003131866
0.004238129
0.003147125
0.003520966
0.001476288
0.002395630
0.003875732
0.004558563
0.004776001
0.002998352
0.004611969
0.005359650
0.002288818
0.003662109
0.003475189
0.001991272
0.002811432
0.002910614
0.004058838
0.003196716
0.003200531
0.003250122
0.004081726
0.003528595
0.004173279
0.001667023
0.000644684
0.003574371
0.005317688
0.004161835
0.003582001
0.003658295
0.003921509
0.003170013
0.004573822
0.002510071
0.002418518
0.000537872
0.001220703
0.004844666
0.003776550
0.001403809
0.003364563
0.003097534
0.004005432
0.005554199
0.004219055
0.002502441
0.004753113
0.003936768
0.002204895
0.005043030
0.005249023
0.000907898
0.003677368
0.005416870
0.004417419
0.004913330
0.001762390
0.003936768
0.002532959
0.004875183
0.003692627
0.004188538
0.003570557
0.004386902
0.003250122
0.004875183
0.003929138
0.004173279
0.005989075
0.004730225
0.004158020
0.002067566
0.002578735
0.003929138
0.003677368
0.002647400
0.003135681
0.003997803
0.004165649
0.003181458
0.003631592
0.002861023
0.004638672
0.003944397
0.005126953
0.001426697
0.002105713
0.003082275
0.003318787
0.003601074
0.004051208
0.003929138
0.004356384
0.001235962
0.000373840
0.000671387
0.003364563
0.000213623
0.003547668
0.001144409
0.000915527
0.004508972
0.004058838
0.004531860
0.005096436
0.002914429
0.003707886
0.004127502
0.003364563
0.004333496
0.002296448
0.004760742
0.003875732
0.004112244
0.002616882
0.003471375
0.001441956
0.002693176
0.002807617
0.005325317
0.004432678
0.004379272
0.003280640
0.004920959
0.004829407
0.003486633
0.005134583
0.004196167
0.002914429
0.003532410
0.004646301
0.004905701
0.005249023
0.003608704
0.001167297
0.004844666
0.003868103
0.000915527
0.003234863
0.002456665
0.003486633
0.004425049
0.003890991
0.002952576
0.002426147
0.003662109
0.003341675
0.003791809
0.003875732
0.002662659
0.001258850
0.000633240
0.002708435
0.003280640
0.003555298
0.003021240
0.001625061
0.002563477
0.003700256
0.002227783
0.003059387
0.004745483
0.003211975
0.003433228
0.003105164
0.002784729
0.004478455
0.003562927
0.003128052
0.004501343
0.003555298
0.003845215
0.002906799
0.003021240
0.001976013
0.003608704
0.004768372
0.004173279
0.003639221
0.002067566
0.000968933
0.002227783
0.005287170
0.004409790
0.003707886
0.003814697
0.003761292
0.003967285
0.003677368
0.003219604
0.003265381
0.004165649
0.002189636
0.001708984
0.003494263
0.003227234
0.003372192
0.004852295
0.003501892
0.003776550
0.004386902
0.004173279
0.004348755
0.004653931
0.002906799
0.003684998
0.003402710
0.004455566
0.003784180
0.003471375
0.002868652
0.004379272
0.002540588
0.004020691
0.003936768
0.004257202
0.003120422
0.004875183
0.005096436
0.001960754
0.003570557
0.004981995
0.002731323
0.003189087
0.002372742
0.001541138
0.004570007
0.004089355
0.001739502
0.003654480
0.000709534
0.001052856
0.005874634
0.002723694
0.005126953
0.004394531
0.001876831
0.003646851
0.003639221
0.003715515
0.004699707
0.002861023
0.003250122
0.002830505
0.003700256
0.005355835
0.003623962
0.003021240
0.003967285
0.001731873
0.004753113
0.003578186
0.005828857
0.004951477
0.003494263
0.003379822
0.005264282
0.003097534
0.004920959
0.004791260
0.004081726
0.004676819
0.003440857
0.000068665
0.003494263
0.002853394
0.000823975
0.002143860
0.004837036
0.002593994
0.000503540
0.003250122
0.005371094
0.004875183
0.003440857
0.002319336
0.003936768
0.004035950
0.004920959
0.004058838
0.012458801
0.010787964
0.009956360
0.010620117
0.012672424
0.006912231
0.015151978
0.013038635
0.011894226
0.012016296
0.014106750
0.007392883
0.014511108
0.012901306
0.015083313
0.011985779
0.013267517
0.010559082
0.011054993
0.013916016
0.012962341
0.012954712
0.012542725
0.013267517
0.012710571
0.011245728
0.013359070
0.007644653
0.006576538
0.012870789
0.012382507
0.012046814
0.014045715
0.014480591
0.012962341
0.014625549
0.013168335
0.012367249
0.012863159
0.010955811
0.014739990
0.012748718
0.011840820
0.012916565
0.016471863
0.012107849
0.010551453
0.006149292
0.014900208
0.014678955
0.015792847
0.012527466
0.014274597
0.013099670
0.014480591
0.012969971
0.012443542
0.008789062
0.015129089
0.015022278
0.010948181
0.010848999
0.008972168
0.010025024
0.010612488
0.014518738
0.011680603
0.010200500
0.010322571
0.014755249
0.010826111
0.014511108
0.008605957
0.012870789
0.012756348
0.012260437
0.009994507
0.010604858
0.010772705
0.011550903
0.015724182
0.013595581
0.011817932
0.012908936
0.012763977
0.012825012
0.013771057
0.013946533
0.014091492
0.008712769
0.010818481
0.010887146
0.011749268
0.014793396
0.014335632
0.010017395
0.013023376
0.012268066
0.011749268
0.012077332
0.011528015
0.013610840
0.011772156
0.013687134
0.013008118
0.012405396
0.013488770
0.012458801
0.014396667
0.010673523
0.014915466
0.012474060
0.009826660
0.015579224
0.010620117
0.012619019
0.012191772
0.011779785
0.009361267
0.015060425
0.009803772
0.002799988
0.004425049
0.004173279
0.003669739
0.004554749
0.004135132
0.004516602
0.004806519
0.002517700
0.003730774
0.003303528
0.001144409
0.002693176
0.005142212
0.004356384
0.002326965
0.002738953
0.005203247
0.003425598
0.004699707
0.004257202
0.003639221
0.004203796
0.004241943
0.003662109
0.003723145
0.001792908
0.002899170
0.003158569
0.004463196
0.003997803
0.003341675
0.003135681
0.002609253
0.004341125
0.003211975
0.002792358
0.003021240
0.002655029
0.003204346
0.002159119
0.004798889
0.004035950
0.005134583
0.004455566
0.003097534
0.003776550
0.005599976
0.002471924
0.003326416
0.002586365
0.003868103
0.002136230
0.003990173
0.003929138
0.001953125
0.003730774
0.003875732
0.002662659
0.001098633
0.004356384
0.003890991
0.003952026
0.003837585
0.000541687
0.003761292
0.002235413
0.004280090
0.003601074
0.003089905
0.003288269
0.004631042
0.002807617
0.003028870
0.003974915
0.005424500
0.003837585
0.005332947
0.004386902
0.004348755
0.003417969
0.003845215
0.001441956
0.004928589
0.003044128
0.000297546
0.004386902
0.003601074
0.003227234
0.004409790
0.004371643
0.002693176
0.003517151
0.003028870
0.002990723
0.003585815
0.004890442
0.002174377
0.001289368
0.000244141
0.001411438
0.003913879
0.004066467
0.002494812
0.003227234
0.004989624
0.001495361
0.001495361
0.005020142
0.003898621
0.004066467
0.004066467
0.003295898
0.003562927
0.002815247
0.002616882
0.003097534
0.004066467
0.004501343
0.004386902
0.003814697
0.002189636
0.003440857
0.003471375
0.004104614
0.003608704
0.003204346
0.002380371
0.003547668
0.003501892
0.004608154
0.001693726
0.003967285
0.005813599
0.005775452
0.002906799
0.000427246
0.001808167
0.004005432
0.006271362
0.001136780
0.003181458
0.004142761
0.004135132
0.004333496
0.003929138
0.004875183
0.003486633
0.004959106
0.003730774
0.004501343
0.004150391
0.004150391
0.004432678
0.003334045
0.004570007
0.004981995
0.004936218
0.002891541
0.004074097
0.001289368
0.003715515
0.004577637
0.003936768
0.004402161
0.003486633
0.001350403
0.004371643
0.003799438
0.002670288
0.000152588
0.004890442
0.001480103
0.003013611
0.004287720
0.004287720
0.004295349
0.002471924
0.001792908
0.002845764
0.002983093
0.003379822
0.000083923
0.003128052
0.004158020
0.004470825
0.002609253
0.000335693
0.003143311
0.004692078
0.003395081
0.002265930
0.003356934
0.003845215
0.004646301
0.005348206
0.004432678
0.003044128
0.003662109
0.002952576
0.003082275
0.004745483
0.004325867
0.002189636
0.004341125
0.003372192
0.002204895
0.003135681
0.003005981
0.005004883
0.004272461
0.002464294
0.004173279
0.004669189
0.004493713
0.003860474
0.003570557
0.001029968
0.003219604
0.004081726
0.003829956
0.003906250
0.004379272
0.004035950
0.003845215
0.003402710
0.000236511
0.000305176
