0.00037673899999999996
0.000343368
0.000485792
0.000475556
0.00025997899999999997
0.008419138
0.008631191
0.009618539
0.01014038
0.00843385
0.009373026999999999
0.010136016
0.008181035000000001
0.010526289
0.010472689
0.00950275
0.010495738000000001
0.010190442000000001
0.010159682
0.009937333
0.011038542000000002
0.010266756
0.009743265999999999
0.010119059
0.010699812
0.010503333000000002
0.010596925
0.010965064
0.010048292
0.009699020000000001
0.010019008
0.010508053000000002
0.010617425
0.01086976
0.010887761
0.010919366
0.009371427
0.010088189
0.011029843999999999
0.009361099999999999
0.011719625999999999
0.009818008000000001
0.009728768
0.009757812999999999
0.010984363
0.010593768
0.009969581
0.010489212999999999
0.008326775000000002
0.009972416999999999
0.010354433000000001
0.008519361
0.009900881
0.010352555999999999
0.008336036
0.009803643
0.010299632999999999
0.008805815
0.009562629
0.010511677
0.008427693000000002
0.009996891
0.010299854999999998
0.009506653
0.008851023
0.011236356999999999
0.009733282000000001
0.009371759999999998
0.009880037
0.011415505999999999
0.010410468
0.010010135
0.010192816
0.009556734
0.010765373000000002
0.010491918
0.010029279
0.010606883000000001
0.0101525
0.010252004
0.008496374000000001
0.010069558000000001
0.010371665
0.008579340999999999
0.009107259999999999
0.009920334000000001
0.011039679999999998
0.010094523000000001
0.011123235
0.009665356000000002
0.009772317999999999
0.009993863
0.009982812
0.009956924
0.010819687
0.009592354
0.009322571000000002
0.010096508
0.010602077999999997
0.010679055
0.008778467
0.010579999
0.010601711
0.008925165
0.010013966000000001
0.009960796999999999
0.008564572999999999
0.010483361000000002
0.010595580999999998
0.010133333999999999
0.010446671000000001
0.011422355
0.011099246
0.011143837
0.009816028
0.010861559
0.011311918
0.010580642999999999
0.010515421
0.01018123
0.010585718000000001
0.010787605
0.011130375999999999
0.010928475
0.009089445
0.010205559
0.010907957999999999
0.009399485999999999
0.010520426
0.010246035
0.010243072
0.011192134
0.011693769
0.010175872
0.010216583000000001
0.011543825999999998
0.011179532
0.012369764
0.008094812
0.010776489000000002
0.011495944
0.009568796000000001
0.011143618
0.010876213999999999
0.00834297
0.010997637000000001
0.011626654999999998
0.010217349
0.008791631
0.010703155999999998
0.010728946000000001
0.010130825
0.010651415
0.010422345
0.009683404
0.01034387
0.011823216
0.010212302000000001
0.010074495
0.010769123
0.010538397
0.011121357
0.010640126000000001
0.009875558
0.010786985999999998
0.011673594
0.010380766
0.010412260999999999
0.010696068000000001
0.010949506999999999
0.009162174
0.010365934
0.010503128
0.009153528000000001
0.010242927000000002
0.010538297
0.011001560000000002
0.009831208
0.009714146
0.011200406
0.010307153
0.010071795
0.011896973
0.010697910000000001
0.010907970999999999
0.011401923
0.010917089
0.010431445
0.011731960999999999
0.011247806999999999
0.010996185
0.010407964999999998
0.010900154999999998
0.010034666999999997
0.011665668
0.011081388
0.010020234999999999
0.011047853
0.011338065
0.010682316
0.010947565999999999
0.010093567
0.009091442
0.010776951
0.011310659999999998
0.009078382
0.009758466
0.010684590999999998
0.011349772999999999
0.010769958000000001
0.010416616
0.011023835000000003
0.011111382000000001
0.010452831000000001
0.010964474999999998
0.010885186
0.009484591999999998
0.010794103
0.010909203
0.0102409
0.009876732000000001
0.010255697
0.009806684000000001
0.011848051
0.01126943
0.010441228999999998
0.011334532999999999
0.010319419
0.010054679999999998
0.010649226
0.011443748999999998
0.010326252
0.010345286999999998
0.010341726999999998
0.008666189999999999
0.010433300000000001
0.009733838
0.010863682999999999
0.010639387
0.010210898999999999
0.010092959000000002
0.009336823000000001
0.010884041
0.011027724000000001
0.010475619999999998
0.010260004999999999
0.008360892000000002
0.009911726000000001
0.010916587
0.009393416
0.010771467
0.010649995999999998
0.009331036000000001
0.010246163999999999
0.009686618000000001
0.008389712
0.011017121
0.010894579
0.008778029
0.010049544
0.011078533000000002
0.009850977
0.011112362
0.009585196999999998
0.010631431999999998
0.010480462
0.010432816000000001
0.010660315
0.010648402000000001
0.01047656
0.011738502999999999
0.009797861
0.009877101
0.011052436000000002
0.009506742
0.011708232000000002
0.011444615
0.010136284
0.010645816999999998
0.01129389
0.010451236
0.010330311
0.011127382
0.009935589
0.008639359
0.011107187
0.010057877
0.010100817
0.011184278999999998
0.009955493999999999
0.011172501999999999
0.0112896
0.009913502
0.011100963
0.012282591
0.010980029
0.010710965999999999
0.010825598
0.010733486
0.011130476
0.010793141999999999
0.011388303999999998
0.009896873
0.010005984999999998
0.010479214
0.010146355999999999
0.010054958
0.01115529
0.009685425000000001
0.010725481
0.011377020000000002
0.010362315
0.011085512
0.011186954
0.010347023999999998
0.010427623999999998
0.01113055
0.009706106
0.009103462
0.010731906
0.010662089000000003
0.010297068
0.010192307000000001
0.010155582
0.009680274
0.01075609
0.01116143
0.010499345
0.011479164
0.00979883
0.009996387999999998
0.010204547999999999
0.009930297000000001
0.009425086000000001
0.011390564
0.010663226000000001
0.009623123
0.011115418
0.010633540000000002
0.011363041
0.011161148
0.010797684
0.0100474
0.011361478999999999
0.010224256
0.009106139000000001
0.011047261000000001
0.010852876
0.010172701000000001
0.010926120999999999
0.010624336
0.011468537000000001
0.010624442000000001
0.010279905999999998
0.010511491000000001
0.010111564
0.010826207000000001
0.010397219000000001
0.010679049000000001
0.008602704
0.010554089
0.010692017
0.010885278
0.010627672000000001
0.011036951
0.010873886000000001
0.010166003
0.010447182
0.010691606000000001
0.010545337000000002
0.010172668
0.010705252
0.009644698
0.011475259
0.010609925999999999
0.009352800000000001
0.011157481
0.011086325
0.011185187000000001
0.010257127
0.009347313000000001
0.008615148
0.012036578999999999
0.010437185000000002
0.009832426
0.010799315999999998
0.01127442
0.011264772
0.009808388
0.011348445
0.011379909
0.008715671999999999
0.010247497
0.010566210000000001
0.010145093
0.012105126
0.01082909
0.009688783
0.01025896
0.010878258
0.010534153000000001
0.011217788
0.010492923999999997
0.010928861
0.010154331
0.010647582
0.01060125
0.011229174
0.011262659000000001
0.011376549
0.009119203
0.010402693999999999
0.011215178
0.009879261
0.010650267000000001
0.010832379999999997
0.011340766999999998
0.009779924
0.011388052000000001
0.010485440000000002
0.009941229999999999
0.012087418999999999
0.011745766000000001
0.010748761
0.010407479
0.011383753
0.009005522
0.010283226999999999
0.010266227
0.008938771
0.010958683000000002
0.011285861999999999
0.008929754000000002
0.010121297999999999
0.011169173000000001
0.010797535
0.009982674999999998
0.010528440000000002
0.008013035
0.01036622
0.010144988000000002
0.008971883
0.010149505
0.010616754999999999
0.00863137
0.009074713
0.011016957999999999
0.008453995
0.010935117000000001
0.010765708999999998
0.010549767
0.009615371999999999
0.01122533
0.010393601999999998
0.010087864
0.009776954
0.009060197999999998
0.010435821999999999
0.010500987000000002
0.009220532
0.011473603999999998
0.011921635
0.010398580000000001
0.009527715
0.010272344000000001
0.011558356000000002
0.010017037000000001
0.010171456
0.010897351000000001
0.010876859
0.009803611
0.010786479
0.010215263
0.010667533
0.011461369999999999
0.009615011000000001
0.010012462
0.011162861
0.010822937
0.009056667000000001
0.010887454000000001
0.010527281999999999
0.009920742
0.010674859
0.010426608
0.010053246000000002
0.011371457000000001
0.011073103
0.010728942000000002
0.010043678
0.00947581
0.012494604
0.011074467
0.01050583
0.008991384
0.010801674
0.011126679
0.010365675
0.011480789
0.010203447999999999
0.009621792
0.01065
0.010928739
0.009748794000000002
0.01159572
0.010263646
0.010025149
0.010962907000000001
0.010562980999999999
0.009183902
0.011284201
0.010429279
0.010539463
0.010295836000000001
0.010010507
0.009243540000000001
0.011582804000000002
0.010740952
0.008745423999999998
0.010277797000000002
0.010649074000000001
0.009626758000000001
0.010154296999999998
0.010428215000000001
0.010738327999999998
0.009278297999999999
0.010189685
0.009706374
0.009520840000000001
0.010926293
0.011770762999999997
0.010240280999999999
0.011046503000000001
0.010554646999999999
0.009806817
0.010734092
0.010190256
0.009116715
0.010877870999999999
0.009608067999999999
0.011066545999999998
0.010224720999999999
0.010949615
0.009641933
0.011654906
0.009436396
0.010733203
0.011759921999999999
0.011590556
0.008406697999999999
0.010519508
0.008907670000000001
0.01160782
0.010728049
0.008653748000000001
0.010582468
0.011213748999999999
0.009847019999999998
0.009421448
0.010498598999999999
0.009555189
0.010706138
0.010146800000000001
0.008534493
0.010557389
0.010929826
0.010359198
0.009616525
0.011011056
0.009498996000000001
0.011395836000000001
0.009987441
0.008800756
0.011017763000000002
0.010698894
0.00984117
0.010528306
0.010393959000000001
0.009631807000000001
0.011109317
0.010259896000000001
0.009530033
0.010639587999999998
0.010176344999999998
0.010374038
0.010058702999999999
0.010064575
0.010912621
0.010593756999999999
0.009928413
0.010591718999999998
0.010271800000000001
0.011055121000000001
0.011138864
0.009978105
0.010332288
0.011954017
0.010720935
0.010252390000000002
0.011120660000000001
0.009956352000000002
0.010960665
0.010974609
0.010705531999999999
0.011236659000000001
0.012105508000000001
0.009725577000000001
0.009641246999999999
0.011610434
0.010127039999999999
0.010746918000000001
0.010133306999999998
0.010354189
0.008649098000000001
0.010617734
0.010473254999999999
0.009621183
0.010448761999999999
0.010921068999999999
0.010969456
0.011532457000000001
0.009720335
0.010226075999999999
0.011216225
0.010346424000000002
0.009196382999999999
0.011385488000000001
0.009869844999999999
0.010578836
0.010703419
0.009717301999999999
0.009255011
0.010481472999999998
0.010749838000000001
0.009274245999999998
0.009654768
0.011155993000000001
0.01006353
0.009568595000000001
0.010418403
0.010650131
0.008750827
0.011553886000000001
0.010568504
0.009879655000000001
0.010623676
0.010799435999999997
0.010312982
0.010974017999999999
0.010536136000000002
0.011220911
0.010602493000000001
0.011079170999999999
0.00904134
0.010910861999999999
0.011187886000000001
0.014213646
0.009134217
0.010745498
0.010695916
0.009796341
0.011228158
0.010171188999999999
0.010057223
0.011468562
0.009157716
0.008813615
0.011389258
0.010282131000000002
0.008460714
0.011122865000000001
0.008725255000000001
0.011124569
0.010381386000000001
0.009910074999999997
0.009028019
0.011804389999999998
0.010085814
0.009276758
0.009837395
0.010498414
0.009969453
0.011030532
0.010701363000000002
0.010697293000000002
0.009984924
0.010544711
0.010444415
0.009587506999999999
0.010592053
0.01024682
0.010272849
0.009962994
0.010723516999999998
0.009943536000000001
0.01066147
0.010256241000000001
0.009652307
0.009985725999999999
0.010077932999999999
0.009861095
0.009636523000000001
0.010828305
0.010046659999999999
0.010526189
0.01092929
0.010614476999999999
0.010011296999999999
0.010901852
0.010371186
0.009822377999999998
0.010785353999999999
0.010458863
0.00902366
0.010622105
0.01015827
0.009504068
0.009848352
0.010772205
0.010008698000000002
0.01159281
0.010774589000000001
0.009693369
0.010717550000000001
0.010102822000000001
0.009997346999999998
0.009598820999999999
0.010363913999999998
0.011588026999999999
0.010700012999999998
0.010300901
0.011535476
0.010967734
0.010247731
0.011033443000000002
0.010006596000000001
0.010747969999999999
0.010490523
0.011052855
0.009741918
0.010817712
0.010507436
0.010303027
0.010375137000000001
0.011049174
0.011160213
0.010895717999999999
0.009639208
0.010786866999999999
0.010179596999999999
0.010152017
0.010560199000000001
0.011030266
0.012209227
0.012818165000000001
0.011849288
0.013177198
0.011339291
0.013749138000000001
0.011285636
0.012549834999999999
0.013004344
0.013009229
0.010825603
0.012657047
0.012582604
0.014063603
0.011575262999999999
0.012556314999999998
0.012648787000000002
0.011795393
0.013316266
0.013303695
0.011251869999999999
0.013722673999999997
0.013043497000000001
0.011111838
0.012433379999999999
0.013691953
0.012224707000000001
0.012867196
0.012577944999999998
0.012993095999999999
0.012517360999999998
0.013426485
0.011417754
0.011151253999999998
0.013435153
0.012418037
0.011503057
0.012657557000000002
0.01258898
0.011359487
0.012680183999999999
0.012522873
0.012644269
0.013147784
0.011668719
0.012829569
0.012402738
0.011671277
0.013011859
0.012867136000000001
0.012544263
0.012060787
0.011974654
0.012169992
0.013271831
0.011906123000000001
0.012338858999999999
0.011296769
0.012236891
0.011582153999999999
0.012355274
0.011968320000000001
0.012229832
0.013062985
0.012973949
0.011561034999999999
0.013470488
0.012114873
0.012270071999999996
0.012789789
0.012598238999999999
0.012466129
0.013263375999999999
0.010747681000000002
0.012374938
0.013322398000000001
0.012578809000000002
0.012539857999999997
0.013131997000000001
0.012202486
0.011900295000000002
0.01199924
0.012286498
0.012891324999999999
0.012814525
0.011488042999999998
0.012520356
0.01334362
0.011876759
0.012849097999999998
0.01383169
0.011464714
0.012303121
0.013420488999999999
0.012433814000000001
0.012934875000000002
0.01328835
0.011193044999999999
0.011978278000000002
0.012386528999999999
0.012476656000000001
0.012214756
0.016634627000000003
0.011849938
0.014052628
0.011878254999999999
0.012968041000000001
0.012798505000000002
0.012087948000000001
0.012421643
0.013478296999999998
0.011761611
0.012471288000000002
0.013829472999999998
0.012445921999999998
0.011569018000000002
0.012460269999999999
0.012815436
0.012980067
0.012124852000000002
0.012773378
0.010815944000000001
0.011837216999999999
0.011914824000000001
0.012724131
0.012356411999999999
0.011564574999999999
0.012638575999999999
0.012282015
0.012848407
0.013618571000000001
0.011527839999999998
0.012632242
0.012194248999999999
0.013219521
0.011534363000000002
0.012694951000000001
0.011736533
0.013291507000000001
0.012559684
0.012944174000000001
0.012178451
0.0120565
0.012025266
0.011351123
0.013216497
0.012934507999999999
0.013179114
0.01230457
0.013350084000000002
0.012033899000000002
0.013004105
0.013070858000000001
0.012665939000000001
0.012389635999999997
0.013129252999999999
0.012697534999999998
0.012470561
0.012593511
0.012187791000000002
0.013024853000000001
0.012827802
0.012182306
0.013148894000000001
0.012255645999999999
0.012364631000000001
0.012460038000000001
0.012714926
0.012435301
0.013433298000000002
0.012294818
0.012418616999999998
0.011703714
0.012444112999999998
0.01203226
0.012446267999999998
0.013207449000000001
0.012970103
0.013861761999999998
0.013122767
0.011865025
0.014039875
0.012821114
0.012626688999999998
0.013783973
0.012346352999999997
0.012049666
0.012843432
0.01231171
0.011730893999999999
0.013219912
0.012965415000000001
0.011899693
0.012518016
0.013583384
0.011742896
0.012778714
0.012803769999999999
0.011246594999999998
0.013092374000000002
0.012785721
0.011599872
0.011626698999999999
0.012794060000000001
0.01252302
0.012413969
0.013380641000000002
0.011180546
0.012805380000000002
0.013092292000000002
0.011821977
0.012406529
0.012718824
0.01206278
0.01264724
0.013542941
0.011682996999999999
0.012761627999999997
0.013793244000000003
0.012257637000000002
0.012173394999999998
0.016495352
0.013552254
0.011852627000000001
0.012332817999999997
0.012515323
0.013628169999999998
0.01156842
0.012989493
0.013188159000000001
0.011777029000000001
0.012275071000000002
0.013476960999999999
0.012239083999999999
0.012136877
0.013505775999999999
0.011369506000000001
0.012006083
0.013660294000000002
0.012133673
0.011813380000000002
0.012978275000000001
0.012305551999999999
0.0124703
0.012331287
0.012600507999999998
0.012486375999999997
0.013231243
0.011410334999999999
0.012009439
0.012752082
0.012141869
0.012604445
0.012494343
0.012139592
0.011776696
0.011844651000000001
0.013010512999999998
0.012321582000000001
0.011916337
0.012015251
0.013325919
0.013337859999999998
0.011707695
0.012167318000000002
0.013942302000000002
0.012936399000000001
0.013072311999999999
0.011970914000000001
0.012885065999999999
0.012208571000000001
0.01056902
0.009883321000000002
0.010844947
0.010541403
0.010561526
0.009768715
0.010786302
0.011101646
0.010203858
0.009910536
0.010463338999999999
0.010977992999999998
0.010067984
0.009610922000000001
0.011251153
0.009520667999999998
0.009274003999999999
0.010637124999999999
0.010488806
0.009783194
0.010491239
0.010682446000000002
0.009566288999999999
0.010120013
0.010327026999999999
0.009157853
0.010417035
0.010012562
0.010406053
0.010403738
0.011095969
0.010056988000000001
0.010243941
0.010923993
0.009868164
0.010028334
0.010360046
0.010838145999999998
0.011183484
0.009843313
0.010231971000000001
0.010383051
0.010302429
0.009849904999999999
0.010990484
0.011022089
0.011152936
0.010094594
0.010092282
0.010762569000000001
0.011297825
0.009661201999999999
0.010842687
0.010912651000000002
0.011090515
0.011370212000000001
0.009500012
0.010398324
0.011609661999999998
0.010544503
0.011184844
0.010946537000000001
0.010802301
0.010152328000000002
0.011041345
0.010239824000000002
0.010486013
0.012549254
0.009626186999999998
0.0096038
0.011111238999999998
0.011544127
0.009650259999999999
0.011327886999999998
0.010829591
0.010372820000000001
0.011364557
0.009722610000000001
0.010147579
0.010683739000000001
0.009936984
0.009716497999999999
0.011638134
0.009764653
0.009371512
0.011258803999999999
0.009777458000000003
0.009843931
0.010716456
0.010401363
0.009963646
0.010834455
0.010072940999999998
0.009380971
0.011580337
0.009843895000000002
0.009853506
0.011160153
0.01154445
0.009434179000000001
0.010559886999999999
0.010383492
0.010257680000000002
0.011022476000000002
0.010215826
0.009690717000000001
0.011387264
0.009878578999999998
0.009013896
0.010402968
0.011473333
0.009824284
0.011125935
0.00943663
0.010166901
0.011755157000000002
0.009738459
0.009280544
0.010882969
0.010183752999999999
0.009345669
0.011262783
0.009893593
0.010065016
0.010673268
0.009992108000000001
0.0086663
0.011589379999999998
0.010121003
0.010652461
0.010708975999999999
0.01064226
0.008598257
0.009910625
0.011551984000000001
0.010738972
0.010550110000000001
0.011655585999999999
0.010560465
0.009967624999999997
0.011323408000000002
0.010554311
0.009915085999999998
0.011340821000000001
0.01035876
0.010415826999999999
0.01035484
0.010408511999999998
0.010408513000000001
0.009822255
0.010408175
0.010617192
0.009556695
0.011432406999999999
0.010003245000000001
0.009009057000000001
0.011111872
0.010176251
0.009977779
0.011178016
0.009799127
0.010191716
0.010699368
0.010073956999999998
0.009166865
0.010506574999999999
0.011095739
0.011022106
0.010327168
0.010747773
0.011040465999999999
0.010389307
0.011081516999999999
0.011084331999999999
0.010321067
0.011810005999999998
0.011472560999999997
0.008903446999999998
0.010255430000000001
0.010700567000000001
0.010083725
0.010850504
0.010317003000000002
0.009705781
0.009864227
0.011238492000000001
0.009512736
0.010637266999999999
0.011692414
0.009857724999999998
0.010979269000000002
0.010350431
0.009077173
0.011730516
0.011182071
0.008663517
0.011400332999999999
0.011678823999999999
0.011346045
0.011012493
0.010065779
0.009427161
0.011761005000000001
0.010591797
0.007928563999999999
0.010941658
0.011037628
0.008816384000000002
0.010302125
0.01028725
0.009680916
0.011152649
0.009256463
0.010359337000000001
0.011002612
0.011029928
0.008986417
0.009578794
0.010592562
0.009664444000000001
0.010236998999999998
0.010741887
0.007914889999999999
0.009829263
0.012039237999999999
0.010921788
0.010197441
0.010510089
0.010033371
0.010907812
0.0096179
0.010236852
0.010973138000000002
0.010952479000000001
0.011594501
0.010296465000000001
0.010237979
0.011659038
0.011226660999999999
0.010269803
0.010565040000000001
0.010857845
0.011608973
0.010594129
0.009976539
0.010339226
0.010780184
0.010605328999999998
0.010500779000000002
0.010977747999999999
0.011036355999999999
0.010363836999999999
0.011091507
0.011042473
0.010250214
0.010584092
0.009928409000000001
0.010167810999999999
0.009982917
0.010962687999999998
0.011173138
0.009265994999999999
0.010241954
0.011063786999999999
0.010403738
0.010810909999999998
0.010103695
0.011074928000000001
0.011070423999999999
0.010055604
0.010790699
0.011313686
0.010612725
0.009750415
0.01029374
0.010260384999999999
0.011629805
0.010631767999999998
0.010817684999999999
0.011000079
0.010123917000000001
0.011154407
0.010364311
0.010171514999999999
0.010806139999999999
0.009833224
0.010880334
0.010452733
0.010861423000000002
0.009767744
0.011186449
0.010682818000000002
0.009919029
0.010124675999999999
0.011088972
0.011219380999999999
0.010665427
0.011327376000000002
0.010707027000000001
0.009495369
0.010627901
0.010193048000000001
0.008838295000000001
0.011064978
0.010126016
0.009752742000000002
0.010787455999999999
0.011317781
0.01026879
0.010442809
0.010858911
0.011258197999999999
0.010604244
0.011091918
0.009475533
0.009996439999999999
0.010323846
0.010741492
0.009743157
0.010784306
0.010598930000000001
0.011044822999999999
0.010393173000000002
0.011385011
0.009923708
0.011791739999999998
0.010876361000000001
0.01012974
0.010447138
0.011178879
0.010506828
0.009135385
0.010518145
0.009734238000000001
0.009999155000000001
0.010417997
0.009955007
0.009933484
0.011549906
0.010054903000000002
0.009676333
0.010629101
0.009929503
0.010618468
0.011037118000000002
0.009328504
0.010956854
0.011056519
0.010595483
0.010024093
0.011611748
0.010246371999999998
0.010765393000000002
0.010358900999999998
0.009846376
0.010255965000000002
0.010714292
0.010490718
0.009445099
0.011233874000000001
0.010535007
0.009660562000000001
0.010746045000000001
0.009905573
0.010438467
0.011009972
0.010488827000000001
0.011517829
0.009877654000000001
0.011251411000000001
0.011708838
0.0103422
0.010449096
0.011156405000000001
0.010121735000000001
0.010479895000000001
0.010500516
0.010145328
0.011369588
0.011310266
0.009193115000000002
0.010649673
0.012334305
0.010108744999999999
0.010913528
0.010864778
0.010083101
0.011619833
0.0106922
0.010055248
0.011459421000000001
0.011617935999999999
0.011152578
0.010877675000000002
0.010653668
0.010552606
0.011194405000000001
0.010893281
0.008950381
0.010876584
0.011083168000000001
0.010186267000000002
0.009436488
0.010421003000000002
0.010430959999999998
0.011234968
0.010609292
0.011507003000000002
0.010990817
0.010889782
0.010487389
0.009833680000000001
0.010831447999999999
0.011578824
0.011400707000000001
0.009490722
0.010669817000000002
0.010428753
0.011326441999999999
0.010818011999999998
0.01065851
0.010062573
0.010725213
0.010386955000000002
0.008843816
0.010456155000000002
0.010907367
0.011350771
0.008892404999999999
0.009637065
0.011564487000000002
0.011911454000000002
0.010661399
0.011202766000000001
0.009518635999999999
0.011050246000000001
0.009084386000000002
0.009482533
0.011273473
0.011796484
0.009924338000000001
0.010104427
0.010685931000000001
0.010260681
0.010468873
0.011880288999999999
0.008856779
0.009476331000000001
0.010135611
0.010615361
0.009965614
0.011176134000000002
0.010570762000000001
0.0113668
0.010537164
0.010147819999999998
0.011047117
0.010738399
0.011244295
0.010793048
0.010830433
0.010836783000000001
0.009867261
0.010746687
0.010453679
0.011966752
0.011137260999999999
0.009961890999999999
0.009260115000000001
0.010018795
0.011768303
0.010012482
0.010272478
0.010504491999999999
0.010066070000000002
0.011388882
0.010225111
0.009893842
0.01024398
0.010331142
0.009922119
0.010121122
0.010626456
0.009579349000000003
0.011711563
0.010595983
0.009931051000000002
0.009668580000000001
0.011937125999999998
0.011249614
0.009479786
0.009673821
0.011043428
0.010729223999999999
0.010957966999999999
0.010229401
0.010410555
0.011836774
0.010119023000000001
0.010553168000000002
0.010423157999999998
0.010889369
0.010890115
0.009865075000000001
0.009991821000000001
0.009672683999999999
0.010871577999999998
0.009705403000000001
0.010723410000000001
0.010762256000000001
0.009827680999999998
0.010011700999999998
0.011130507
0.010900481
0.011373303
0.010946830999999999
0.009928176
0.010881614999999999
0.010583654
0.010621761
0.011238302
0.010568004
0.010438893000000001
0.011049098
0.010248769
0.010268144
0.010197623999999999
0.010071287000000002
0.010964398
0.010067336
0.010682123000000002
0.009491276000000002
0.010666418999999998
0.010451831
0.009657688999999999
0.010693006000000001
0.010399483
0.010296409000000001
0.010400617999999999
0.010138599
0.010938136000000001
0.011410313999999998
0.009924184000000003
0.010643268
0.011406359
0.010010989999999999
0.012071891
0.010334422000000003
0.010200585
0.010287864000000002
0.011440103
0.009941116
0.011712887999999998
0.010495027
0.010143834
0.010944394
0.010575099
0.009821457000000002
0.011399948
0.010829042
0.010110500999999997
0.010746025999999999
0.012074894000000001
0.010350116
0.01071881
0.010580574
0.010652274
0.011469566999999998
0.010182705000000002
0.01005779
0.011800719000000001
0.010768264999999999
0.010602396
0.011269296
0.009603552000000001
0.010136426000000002
0.01229211
0.010168713
0.009203913999999999
0.011683174
0.011123258
0.011328775000000001
0.010220292
0.010854990000000002
0.011772475
0.010110985
0.008649125
0.012058942000000001
0.010318745999999998
0.00976214
0.009199085000000001
0.009669289
0.009816186000000001
0.011628466999999998
0.010519876000000001
0.010405732000000001
0.010382196
0.011023917000000001
0.010604756
0.01016587
0.010110931
0.011246696
0.010336706000000001
0.010813470000000002
0.009473854
0.010527698
0.011114045
0.011558412999999998
0.010321147999999999
0.011102563000000001
0.010422523000000001
0.009045772
0.010456001
0.010408577
0.008671368
0.010392557999999998
0.009444452
0.009420897000000003
0.010472287
0.009656839
0.009990998000000001
0.010603188000000001
0.009403318999999999
0.011247525999999999
0.010422605000000001
0.010279466000000001
0.010323792000000002
0.010751172
0.009406206
0.011528305
0.010216722999999999
0.009662305
0.010383855
0.01062124
0.009574001
0.010383017
0.009967674999999999
0.010137783000000001
0.010574116
0.011342456
0.010255404999999999
0.008946917
0.009711003
0.010525224
0.010580015999999998
0.010381225
0.010710968000000001
0.010573596999999999
0.010484383999999998
0.010441411000000001
0.010964385000000002
0.011825071000000001
0.010850862000000001
0.010985619
0.010208219000000001
0.010328437
0.010374257
0.011487534000000002
0.009979618999999999
0.010636215
0.010263475000000001
0.010579386999999999
0.010569988
0.009618953
0.010692113999999999
0.010763897
0.00913563
0.012147339
0.00999049
0.010578598
0.010618436
0.010948864
0.009693275000000001
0.010415377
0.010763601999999999
0.010822347000000001
0.010646188
0.010610886000000002
0.009819370000000001
0.010712537
0.010872983999999999
0.009658327999999999
0.011260406
0.010912203
0.009956914
0.010763911999999999
0.010776074999999998
0.010994223
0.010571
0.009108762999999999
0.010625483999999998
0.01064547
0.01039775
0.013822404
0.009168523999999999
0.011020924
0.009998517
0.009673809
0.010745583
0.009370050000000001
0.010992357999999999
0.010859143000000002
0.008405045
0.010865745999999999
0.010101184
0.008997349000000002
0.009577012
0.010873166999999998
0.008746885000000001
0.009603799999999997
0.011395553
0.011001239000000001
0.009795867
0.010988552999999998
0.010473147
0.010998839
0.011357030999999998
0.010115222
0.01034222
0.011325822
0.008679151
0.009727178
0.010192755999999999
0.011184223
0.009879918000000001
0.009674268
0.010751105
0.010502405
0.011618051
0.009405286
0.009862056999999999
0.010857182
0.009399588
0.008494821
0.010638461
0.010414187
0.009702093999999998
0.010901491999999999
0.009068170999999998
0.010002299
0.010638679000000002
0.008655237
0.010336960000000001
0.010701371999999999
0.008161795999999999
0.010132353
0.010597762
0.010688915
0.010995447
0.010339303
0.011244125
0.0101274
0.009896883000000002
0.010998303000000001
0.011087146999999999
0.009776680999999999
0.011087238000000001
0.010435263
0.010431787000000001
0.011574982
0.010949388000000001
0.009855511
0.011866816999999998
0.010496005999999999
0.010434915999999999
0.010426167
0.010100961
0.010776618000000002
0.011307187
0.010442420000000001
0.009734617000000001
0.011466636999999998
0.011086186
0.010675832
0.010818538
0.010209309
0.009629519
0.011683047999999998
0.011319764999999999
0.010090647
0.014690947999999999
0.011032891
0.011289885999999999
0.0093032
0.010806314000000001
0.01109739
0.010647483
0.010084243000000001
0.010691124
0.010874167
0.010837009000000002
0.011006908999999999
0.010780995
0.009524654
0.011140453
0.009953022999999998
0.010039926999999999
0.010650489
0.009042351999999998
0.010205523999999999
0.009896700000000001
0.010289529
0.010151084
0.009976375
0.011833372000000002
0.009806902
0.009292894
0.009897061
0.010720207
0.009329146
0.009636984000000001
0.010812184
0.010281786
0.010375436000000002
0.010187304
0.010128263
0.010115695
0.011096896
0.00885263
0.009670459
0.010840085000000001
0.00974817
0.010878577
0.011298991000000001
0.009352393
0.010504745999999999
0.011109590999999999
0.009482508
0.009155206
0.010756120000000001
0.009133538
0.009854316
0.010226453
0.011314016
0.009759025999999999
0.010302718
0.010995050999999999
0.010617306
0.009745742000000002
0.011252253
0.011227109
0.010482938
0.010712178999999999
0.01030321
0.010222395
0.01031267
0.010616141999999999
0.010023999
0.010389118999999999
0.010911181
0.010391548
0.008654058
0.010057192000000001
0.010277850000000002
0.009831771999999999
0.010039637
0.00917319
0.009995494999999998
0.010823609000000001
0.009256196999999999
0.011417779
0.010104385
0.010946441
0.011805458000000001
0.009354133999999998
0.009983082
0.011906218
0.010009457
0.009798203
0.010715236999999999
0.010874153000000001
0.010449204
0.011077699
0.009533154
0.010857639999999998
0.010975634000000001
0.009884599999999999
0.010067898
0.011865328
0.01022716
0.009472721999999998
0.010881135999999998
0.011305087000000002
0.009978513000000001
0.011792825
0.010180458
0.009572233999999999
0.010729307
0.009524532
0.008810029
0.011695879999999999
0.009750322
0.010914825
0.011493809
0.011315445
0.011180668
0.011010022
0.009455220999999998
0.010728110999999999
0.011603928
0.010278027
0.011312026999999999
0.010760782000000002
0.009951851999999999
0.010912974
0.010614545
0.010130622999999998
0.011839893
0.011371228
0.010175834
0.011075943
0.010444651
0.010048302999999998
0.010934055000000002
0.010055181
0.010154471000000002
0.011427202999999999
0.010617676
0.008752148
0.009778582
0.010784025999999999
0.010021998
0.009069139000000004
0.011293929999999999
0.010505807
0.011217729999999999
0.010554439
0.010238573
0.010736969
0.010891026000000002
0.010104846
0.010397481
0.01040577
0.010133954
0.009192997000000001
0.010183313000000001
0.01036689
0.009961554
0.010941267
0.009333997
0.008835156
0.011221188
0.008796709
0.009927441
0.011011179
0.009469073
0.009567844999999998
0.009927285
0.008184463999999999
0.010185261000000001
0.010924275
0.010328388
0.009609920999999999
0.010522216000000001
0.008241680000000001
0.010345412
0.010877351
0.010465303
0.010188049999999999
0.010537901
0.009440785999999998
0.011062636999999998
0.010618451000000001
0.00872755
0.010697114
0.010819991000000001
0.00967102
0.009683053
0.010135528
0.011074177999999999
0.010838023
0.009273207999999998
0.010362739
0.011007702
0.009836686000000002
0.010835523
0.010681363000000001
0.010029666
0.010645703
0.011874478
0.007882499
0.011361017
0.010779285999999999
0.010255235
0.010777015
0.011159212000000002
0.009683172
0.010893496
0.011367603
0.009902718999999999
0.010262887
0.010968979
0.010956206000000001
0.010678968000000002
0.011180039
0.010221928
0.010078821
0.011274049999999997
0.009692053999999999
0.010354582999999999
0.011028041
0.009805002
0.009942156
0.010330843000000001
0.009367146
0.014170777
0.011448727999999998
0.010035990000000002
0.009750737
0.011068796
0.009339440000000001
0.010469136
0.010814116
0.010111241
0.009528035
0.011152671999999999
0.009369059999999999
0.010590935
0.011692886000000001
0.010776853000000001
0.010287898
0.012626307
0.010737596999999998
0.010222999
0.011480559
0.010431321
0.009859271999999999
0.011113108000000002
0.010127548
0.010000244
0.011275452
0.010347419000000002
0.01048408
0.010416039
0.009856859
0.015147733
0.011339632
0.011096767
0.008725995
0.010697393000000001
0.008213489000000001
0.011328509
0.009847391000000002
0.010426027000000001
0.010289872999999998
0.010762194000000001
0.010248582
0.010482899
0.011531779
0.010331484999999998
0.010259758
0.010862114
0.011438233
0.009377973000000001
0.011209094999999999
0.010974079000000001
0.010876271000000002
0.010611534
0.010797297
0.009351896
0.011714995999999998
0.01094851
0.009227753
0.010567648
0.010440389000000001
0.010506909000000002
0.009709091
0.011152868000000002
0.010597543
0.009622200999999999
0.010733094
0.010214591
0.008481563000000001
0.010895762
0.01006479
0.009186274000000001
0.011292472000000001
0.009119968000000003
0.009272245999999998
0.011117128
0.011225876999999999
0.009766010999999998
0.010188222
0.010278137
0.010473868999999998
0.010707050000000001
0.009825853
0.009804756999999999
0.011586250999999999
0.010160304
0.008296392
0.011437391
0.011432292999999998
0.010877702000000001
0.010133952
0.010468447
0.010112608
0.010284883000000002
0.011600734
0.010959989
0.009575932999999998
0.010140585000000002
0.010428857000000001
0.009788193
0.010073874
0.010759336
0.009338286999999999
0.011567464999999999
0.01048828
0.009973077
0.010960479000000002
0.011110391999999998
0.009626755999999998
0.010790432000000003
0.009961191000000001
0.009710561000000001
0.010054588
0.010046748
0.009623902
0.011652511999999999
0.00942511
0.010315388
0.010780109999999999
0.011482119000000002
0.010092819000000001
0.010890736
0.009977067
0.009427725000000001
0.011097383
0.00972336
0.009947218
0.010804748
0.009499703
0.009763256
0.011592835
0.011127011000000001
0.010073278000000001
0.010601573
0.009761665
0.010126985
0.010648063000000001
0.010260510000000002
0.010570404
0.011853096000000002
0.010695116000000001
0.009570925
0.010662626
0.010721258000000001
0.011764806999999999
0.010376785000000001
0.009978605
0.010539088
0.010966696
0.010579270000000002
0.010361397
0.011400234
0.010252500000000001
0.010552788
0.011024230000000001
0.009310652
0.009846349
0.011041291
0.010578677000000002
0.010011213000000001
0.010383134
0.009375791
0.011166740000000001
0.010026706
0.010581594
0.010971476999999999
0.010320187
0.011273693
0.011245562
0.010806458000000001
0.010734196
0.010217101
0.01109417
0.010317503
0.010533532
0.009626576000000001
0.009395188
0.011589265000000001
0.00957199
0.010389851
0.010743635999999997
0.009328225
0.010575444000000002
0.010019662
0.008995065000000002
0.010508752
0.011722205999999999
0.00950847
0.010910284999999999
0.010274412
0.011017024000000002
0.015329113000000002
0.010617498000000001
0.01027232
0.010225954
0.009680049000000001
0.009694736999999998
0.009824754
0.010979560000000001
0.00814027
0.009790425
0.010782991
0.011127423
0.010856121
0.011113805
0.009668935
0.010090915
0.010950695
0.009846763000000001
0.010761922000000002
0.010389891000000002
0.010272498000000001
0.012057037999999999
0.009860108
0.010352428
0.010986174
0.011596346000000002
0.011361211000000001
0.011232503999999999
0.009968916000000001
0.010794063999999999
0.011539141
0.010357043000000002
0.010587875
0.011047
0.009980464
0.010874882999999998
0.011550586
0.009688547999999998
0.010343690000000001
0.011665313999999998
0.011556185
0.012360544000000001
0.013909119
0.012121063999999997
0.012391402000000001
0.013518411000000001
0.012244750999999998
0.012750033
0.01278164
0.011962595999999999
0.011482618
0.012873979999999998
0.012867447
0.010480510000000002
0.013504235
0.012683433999999999
0.010779058999999999
0.012112949
0.012411491
0.012961541
0.011649501000000001
0.011620654999999999
0.012859564
0.011979498
0.013608895999999999
0.012722368000000001
0.012716689
0.011725542999999998
0.012866177
0.012567592
0.013352255
0.012396522000000002
0.010643169
0.013268619999999998
0.012714308
0.011827014
0.012922817999999999
0.012195234
0.011294501000000002
0.013495060000000001
0.012227763
0.012088706
0.014000696
0.011915880999999996
0.011817758999999999
0.014025291999999998
0.012141461
0.011394231000000001
0.012723999
0.011723256000000001
0.012019100999999999
0.013467726000000001
0.012674823
0.011164678
0.013738158000000002
0.012642156000000002
0.012248014
0.013414803000000001
0.011688438
0.011121364000000002
0.013464771
0.013265359000000001
0.010220844000000001
0.012379782
0.011958298999999999
0.013813115999999999
0.012597914
0.01201444
0.01383983
0.014207456999999998
0.012999082
0.013385158
0.01194925
0.013327096
0.013040633
0.011778845000000001
0.012912045
0.013921987
0.012765140000000001
0.010920245
0.011925305999999998
0.012120727000000001
0.01339802
0.011041359
0.012797595000000002
0.012175538999999999
0.011976347
0.012262928999999999
0.012675329
0.009915725000000002
0.013562625000000002
0.013501060000000002
0.011540383000000001
0.012447108
0.012748756999999998
0.012116458000000002
0.012689168
0.013079827
0.013034866
0.013324579
0.012995802999999998
0.012433261999999999
0.011740285999999997
0.013012619000000001
0.013379453999999999
0.013031996
0.012492821000000001
0.011894092
0.012184676999999998
0.013659668
0.011516219
0.012093478000000001
0.013416592999999997
0.013083269
0.010475032000000002
0.012292485
0.011794142
0.012348229000000002
0.0128594
0.011391209
0.011552918
0.012709005999999998
0.013432367
0.011358445
0.012698019999999999
0.01194618
0.012272510999999998
0.012604414999999999
0.012739597
0.011260317999999998
0.012146358
0.012958535
0.011823722
0.012341290999999999
0.012800123000000002
0.011856929
0.013202313
0.011414618000000001
0.011503323
0.011811428999999998
0.012217469000000002
0.012023027
0.012020682
0.013265939000000001
0.012812272000000001
0.011637304
0.012740643
0.013957231999999998
0.012603653000000001
0.013554966999999998
0.012555541000000002
0.01183609
0.013605279
0.011932464
0.010382770000000001
0.01274464
0.014150699000000001
0.011183032
0.013426238
0.011625791
0.011309255999999998
0.012774562000000001
0.013465571999999999
0.010558795
0.011983289
0.012548338
0.01283987
0.011996635
0.013433077
0.012710901
0.011420401
0.013007032000000002
0.012183408
0.013731144
0.012714439000000001
0.011447623
0.012583816
0.011389264999999999
0.010884484
0.012535181999999999
0.012325611
0.010693463
0.011937291999999999
0.013511610000000002
0.011162515000000001
0.012798532999999999
0.012510124
0.011839223999999999
0.012437683000000001
0.013153962
0.009460871000000001
0.011467853000000002
0.013435969
0.010619753999999999
0.011824937999999998
0.011395167999999999
0.012820710999999999
0.013738229000000001
0.012373063
0.013455293000000002
0.012586836
0.013272306999999999
0.012828388000000001
0.012356244999999998
0.011489493
0.013637141999999998
0.013613291
0.011103373
0.013100864
0.013060019999999999
0.012379133
0.013558662000000003
0.012553187999999998
0.013185037
0.012803875
0.012499359000000002
0.012194797
0.012150892
0.013744078
0.010485331999999998
0.011644363999999999
0.012665534999999999
0.012645006
0.013284805
0.012637308
0.012344359999999999
0.012255861
0.012423934000000001
0.012388188000000001
0.010698859000000002
0.013374375
0.012956529000000001
0.011498754
0.012221046
0.012002179
0.011831329
0.013219284
0.012708879999999999
0.01048128
0.0132718
0.01319406
0.01204173
0.012235657999999998
0.011666738000000001
0.011860412
0.012033598999999999
0.011664405999999999
0.012534491
0.012203399
0.013687596
0.011544422
0.011857032999999998
0.013870602
0.013046386999999998
0.012075956
0.011917019000000001
0.012933269999999997
0.012066069
0.013424392
0.012118125
0.012599985
0.013549418
0.012620252
0.013248694
0.011606471
0.010985195
0.012762083
0.012680309999999998
0.011032442
0.012482521
0.012666348
0.010477850000000002
0.010127142
0.01010912
0.008657797
0.01175585
0.011157848
0.009443614
0.010908316
0.010639629999999999
0.010399597
0.00976165
0.010942167000000001
0.010767343
0.010910946999999999
0.010517046
0.009976693
0.010171962
0.011402071
0.00958137
0.010630590999999998
0.009497502
0.011109247999999999
0.010003128
0.010474671999999999
0.010779921999999999
0.010765507
0.010788876000000001
0.010963594
0.010947768
0.010572162999999999
0.010866532
0.010362253
0.010484947
0.010995322000000002
0.010019559000000003
0.010577362
0.011292717000000002
0.010071309
0.010144224
0.010895439
0.010291268999999999
0.009441884000000001
0.009874319
0.010642053
0.009736436
0.009764117
0.010273356
0.009638908000000002
0.009718345
0.010555928
0.009814317999999999
0.009249591000000001
0.010191924000000002
0.010097493
0.009181901
0.010689404
0.01087188
0.009714093999999998
0.010299883
0.009856133999999999
0.009642251
0.01000605
0.010267679
0.008656861999999998
0.011143082999999998
0.010764822
0.008960182
0.010450736
0.012559173
0.010698984
0.010523321
0.010828692000000001
0.010531760999999999
0.010263064999999998
0.015170272000000002
0.010378179
0.009266414
0.010700203
0.008856733000000002
0.009046953
0.010790784000000001
0.010207829
0.011253099
0.011533945
0.011063245999999999
0.009718262
0.009934044
0.010354827999999998
0.010176305
0.011092847000000001
0.009166328000000001
0.009527787000000001
0.011456095999999999
0.009842485
0.010788796
0.011097688
0.010024414
0.010457956000000001
0.010379966
0.00917585
0.009884679
0.010685166000000001
0.010017879
0.010328834
0.010354271000000002
0.010665146
0.010319736000000003
0.011238548000000001
0.011085153999999998
0.01163169
0.014675032
0.010800744000000001
0.010278436
0.009528527
0.009051597000000002
0.011694205000000001
0.010366960000000001
0.009642910000000001
0.011215499
0.009904263
0.009943257999999998
0.010495993
0.010733455000000001
0.010808966
0.010424877
0.010528448
0.010892147999999999
0.010124031999999998
0.010313453000000002
0.010771227
0.009834960999999998
0.011043815
0.011698098
0.009681778
0.009933257
0.011709681999999999
0.011295323000000001
0.010969169999999999
0.009596881
0.010336585000000002
0.009401190999999998
0.011042742000000001
0.010043547999999998
0.009878429
0.010820411
0.012181208999999998
0.009881770000000002
0.011078207
0.009924099000000002
0.009771343000000002
0.010875997
0.010599856
0.010005179
0.011275647000000001
0.010442387999999999
0.009912290999999997
0.01089487
0.009896007000000002
0.009716474000000001
0.010956705999999998
0.010403306999999999
0.009688278
0.011238030999999999
0.010580402999999999
0.009924895999999999
0.010938921
0.010860138
0.009523140000000001
0.010770370999999999
0.010242343
0.008107544000000001
0.011425709000000001
0.010079305000000002
0.008854604
0.011357198
0.010944058
0.009788643999999999
0.010984852000000002
0.009570615
0.01062426
0.012172542
0.009766842999999999
0.009403022
0.010201278999999999
0.010225946999999999
0.010636268
0.011160964
0.010384945
0.009197813999999999
0.011153502000000001
0.010379204
0.009517562
0.010930529999999999
0.010688790000000002
0.009870584
0.011105868000000001
0.010155896999999999
0.00879684
0.010728267000000001
0.008752669
0.008858357
0.01093322
0.010070394000000002
0.010354662
0.010184459
0.010789575000000001
0.010584104
0.011257070000000001
0.011200496999999998
0.010478142
0.009796931000000002
0.011029603
0.011093118
0.009936713000000003
0.011204033
0.010623183000000001
0.010375884
0.010712758000000001
0.010018641
0.011841229000000002
0.01023891
0.009908529
0.01029705
0.009491145999999999
0.011135756999999998
0.01145941
0.009604926000000001
0.010178834000000001
0.010907084999999999
0.010688335
0.01037436
0.010251623
0.010931738
0.010799748
0.010672366
0.010949779000000001
0.010285156
0.011339732
0.011457112
0.009971006000000001
0.010191159
0.010874118999999998
0.010203400999999999
0.010140056999999997
0.010122308
0.010781934999999998
0.009221498
0.010374579999999998
0.011108316
0.010588713
0.011344947999999999
0.010014262
0.009064523
0.010798802
0.01101412
0.010702168
0.011397856999999999
0.010381478
0.010723354999999999
0.009695264999999998
0.009921937
0.010360771999999999
0.01164042
0.010508988
0.010860517
0.010612055000000002
0.009263723
0.011101051
0.01105008
0.009707220999999999
0.01178309
0.01075415
0.010024373999999999
0.010412121
0.010635297
0.010236770000000001
0.010384393
0.011355239
0.010215189999999999
0.010415968
0.011136324
0.011360921
0.010993310000000001
0.009822615
0.010131497000000001
0.010958118
0.010719181
0.010314069999999998
0.011331899999999999
0.010486577
0.011234793
0.010984209
0.009574437000000002
0.011706102000000001
0.011669789
0.009695763000000001
0.009485179
0.01159995
0.010021228
0.010382062
0.010304275000000002
0.011059877000000001
0.010315684
0.010157879000000002
0.010445899000000002
0.011382949000000002
0.01051935
0.010889164
0.009997052
0.010293264000000002
0.010705518
0.010562644
0.011385043000000001
0.011184949999999999
0.010770742
0.009004256
0.010789166999999999
0.011988305
0.01058747
0.008954309
0.009891345000000001
0.010315812
0.01031994
0.009327484
0.010962798999999999
0.010412180000000002
0.009182752000000002
0.010202402
0.011004278000000001
0.009177954
0.010431427999999998
0.011472119
0.011304865999999998
0.011657779
0.010383035999999998
0.009253196
0.01082066
0.010329538
0.008528056000000001
0.011049948999999998
0.010709481
0.009160627999999999
0.010513296000000002
0.010458124999999999
0.0093885
0.011533403999999999
0.011006075
0.009907762
0.010072510000000002
0.011240143000000001
0.010740691
0.009853309
0.010200565000000002
0.010728809000000002
0.010644463000000002
0.010219764
0.01074679
0.011075522999999999
0.009607252000000002
0.010115768
0.010952655
0.010605329
0.00987995
0.011302226
0.009800639
0.010031957
0.010959879
0.009672879
0.010933051
0.010979825
0.010202780000000002
0.011058779999999997
0.010834670000000001
0.010254675000000001
0.010421857
0.010574131
0.010824640000000002
0.011113964
0.010191780000000001
0.011137987
0.011339843
0.011301783000000001
0.010404288
0.010457516
0.010719217
0.010384869
0.011388013
0.010539212000000001
0.011271945000000002
0.010425042
0.010919447999999998
0.010862946
0.010716786
0.011111467
0.010605052
0.010416987999999999
0.010526343
0.010015377999999998
0.011078705
0.010393543000000002
0.0099468
0.01080503
0.01021096
0.010926492000000001
0.010793393999999998
0.010352713000000001
0.010246087000000001
0.010855233999999998
0.009448218999999999
0.00984106
0.011324674
0.010681983999999999
0.009237147000000001
0.011052242
0.010145815
0.010520357000000001
0.010501446000000001
0.01079047
0.011145909
0.010226176
0.0104489
0.010342676
0.010646231
0.010603037
0.01119399
0.010465184999999998
0.010284047000000001
0.010311437000000001
0.010748507000000001
0.010243554
0.010083971
0.010521271000000002
0.010368268
0.010600215
0.010709751
0.011012805
0.010722831
0.010975808
0.009890449999999999
0.01054695
0.011029009999999999
0.009789295
0.011302287
0.011505253000000002
0.009937239999999998
0.010398048
0.01108393
0.010152951
0.010474897
0.011933636999999997
0.009946040000000001
0.010067641999999998
0.010731686
0.010119843
0.010011185
0.011685441000000001
0.009880481
0.009718539
0.010878547
0.009654877000000001
0.010549411
0.010845792
0.009948197
0.011338541
0.010463186999999999
0.009138593
0.010922006
0.01064481
0.010702349000000002
0.010792742999999999
0.010732176
0.008886125
0.010997663000000001
0.010842479999999998
0.011118504000000001
0.011163774
0.010217371
0.010087906000000002
0.010291442999999999
0.010712972999999999
0.00988538
0.011311093000000001
0.011233663
0.009565581
0.010403800000000001
0.009783924999999999
0.009000323
0.010974415999999997
0.011363729000000003
0.010321722
0.011174716999999999
0.010927435000000003
0.010183868
0.009884376000000002
0.010940451
0.009403768
0.010846065000000002
0.010290457000000001
0.008610464
0.010187636
0.009486467999999998
0.011262944
0.011703443000000001
0.009771440999999999
0.011012198
0.011294583
0.009512164
0.011322435999999998
0.011349391999999998
0.01032116
0.011021709
0.011359112
0.01001558
0.011402589000000001
0.011836692
0.010178107
0.010442463
0.011642792
0.010519736000000002
0.011088423
0.011107732
0.010727492000000002
0.010443001
0.010468219
0.01028171
0.009917101
0.011573854
0.010279247999999998
0.008884533
0.011267053
0.010166848000000001
0.010954983
0.010739697
0.009891635999999999
0.009875879999999998
0.011658472
0.009264452
0.009994685
0.011305820999999999
0.010635597
0.009990287999999998
0.010459377000000002
0.010070306
0.010014674
0.010041547000000001
0.010997390000000001
0.009809316
0.009841513999999999
0.009412186
0.008885341
0.009728726
0.011513577
0.011019944
0.009922468
0.010318604
0.009421608
0.010672435000000001
0.011256766000000001
0.010447933
0.01087203
0.009985421
0.008933139
0.011319435000000001
0.009688193
0.010167959
0.011141262
0.010386197
0.010484084000000001
0.010611558
0.009476972
0.011166773000000001
0.011927483000000001
0.010674001
0.010356706
0.011303021
0.010192594
0.010956489000000002
0.011114579000000001
0.010816654999999998
0.011466812000000002
0.010297576999999999
0.009646086
0.010559751
0.011326228
0.010230350000000001
0.010946332999999999
0.011047481000000001
0.011010741
0.011387425000000001
0.010355898999999998
0.010332510999999999
0.010339172
0.010075351
0.010797135000000001
0.010349033
0.009879711
0.011058552
0.010954014
0.009942552999999998
0.009554781
0.010846698
0.010869585999999999
0.011178167000000001
0.010598183
0.009700321000000001
0.010768826000000002
0.01012621
0.009832757
0.010535615000000002
0.010609648999999999
0.010546174
0.01050426
0.010802032
0.010086511
0.011358054
0.01204203
0.010539910999999999
0.010679145000000001
0.010638630000000001
0.010948271000000002
0.010657407
0.011251029999999999
0.01038168
0.009967676
0.010998787
0.010041488000000001
0.009358007000000002
0.010980992
0.011480209
0.009632925000000002
0.011450576
0.010173554
0.008149592
0.009912367999999998
0.009591678000000001
0.010278348
0.009573323
0.010259483000000002
0.010947894
0.009113936999999999
0.010149303
0.012128711
0.010697960999999999
0.009980071
0.01074359
0.009887184
0.011110354999999999
0.010858942
0.008968096000000002
0.011612868
0.011504107
0.009837572
0.009885574000000001
0.011188733000000001
0.010243658000000001
0.011042698
0.011409099
0.010460427000000001
0.009450873
0.011548737
0.009365283
0.009884528999999998
0.011052966999999999
0.009913967
0.010288975000000002
0.010721185000000001
0.010342365
0.009969462
0.011390189000000002
0.009217561999999999
0.009824288
0.010933663
0.010313359999999999
0.011103103
0.011079013
0.010195158000000001
0.011110680999999999
0.012231607000000002
0.010194224
0.009953996
0.010815582
0.010758542
0.010476736
0.010874294999999999
0.009488977000000001
0.010755067
0.011410795999999999
0.010662688
0.011176006
0.011595794999999999
0.009883472000000003
0.009925633
0.011011568999999997
0.009775474
0.010011514999999999
0.010804008
0.010125039
0.009693523999999999
0.011590181
0.009707596
0.011345958
0.010270863
0.011114052
0.010687873
0.010807899000000001
0.009705271000000001
0.012242402
0.010728964
0.010445221000000001
0.010484400000000001
0.010309942999999998
0.010727958000000001
0.010839404000000002
0.010783303000000001
0.010807397
0.010188333
0.010817056
0.010501262
0.010015917
0.013986676999999998
0.010544818999999999
0.011941290000000002
0.008761808
0.009781404
0.011446162000000001
0.010165637
0.010948975000000001
0.010446274
0.009874679000000003
0.010827987
0.010630131000000001
0.010099536000000001
0.010792353999999999
0.010821783
0.010425167999999999
0.010492454000000002
0.011481254
0.009682189
0.011435764999999999
0.012156552
0.009934626
0.010522159
0.010911223999999999
0.010939069
0.010452827000000001
0.010945975000000002
0.013968627999999999
0.010300817
0.010900572
0.010608376
0.011101306
0.012058253000000001
0.010092044000000001
0.009763858
0.01115723
0.010921308000000001
0.010532650999999999
0.011590064
0.009928748999999999
0.009903431
0.010977148
0.009762641999999998
0.010050359
0.010780768
0.010689162
0.010603134
0.010210058
0.010654702
0.010998825
0.011522506
0.010505635999999999
0.011047739
0.011224609000000002
0.009603708
0.011496010999999999
0.010665354
0.010786607
0.011444252
0.010860360999999999
0.009287421
0.010966122
0.011306690000000001
0.01026846
0.010437938
0.011440317
0.010776030000000002
0.010647333
0.010995401
0.00979688
0.01073067
0.011027226000000001
0.010126699000000001
0.010100388000000002
0.011023803
0.010802350999999998
0.011356560000000002
0.010732795
0.010371838000000001
0.011144336999999999
0.010768863
0.010221789999999998
0.01064999
0.010963463
0.010070123
0.011570731
0.009514229999999999
0.010486792
0.011647257
0.011034307
0.010439573999999998
0.010024690000000001
0.010126691
0.01220248
0.01089397
0.009544632999999999
0.010474648999999999
0.011247693999999999
0.009894390000000001
0.010182128
0.010995969999999999
0.010623473999999999
0.010763614000000001
0.01080969
0.009269767
0.011304142
0.011695368
0.011006148
0.009683247
0.010933185
0.008989298000000001
0.009295417
0.009733875
0.010834802
0.011180217
0.010462322000000001
0.009797434999999998
0.010902264
0.011483826000000003
0.011031333
0.010400844999999999
0.011371592
0.010060883999999999
0.011203591000000002
0.010773817
0.010091174
0.011213929
0.011056177
0.010011219000000002
0.010662262
0.010380920000000002
0.010127716
0.011470938
0.011395151
0.010456886
0.010702984
0.011254103000000001
0.010891166
0.010978729000000001
0.010381165
0.010344230000000001
0.011398075
0.010628549000000001
0.010194189000000003
0.010767092
0.009600902
0.010833878
0.010828985
0.009600155
0.010299197999999999
0.011046674000000001
0.010698398000000001
0.008820442999999999
0.011541708999999997
0.010786766
0.010019185999999998
0.011212919999999998
0.010130919999999998
0.009272474
0.011080902
0.010038332
0.009047753
0.010990047
0.011532048
0.009173743000000002
0.010432262000000001
0.009820088999999999
0.010124260000000001
0.011512189999999999
0.010581439
0.00964668
0.01045367
0.010981308
0.010383149
0.010514543000000001
0.01064986
0.009881437000000002
0.010218556
0.010489245999999999
0.01030635
0.010183556
0.010031861
0.011347473
0.009936657
0.010507412
0.015586889
0.010275817
0.010293962
0.010029067
0.011059757
0.009902165
0.010356906999999999
0.009748214999999998
0.010802349
0.009602625
0.0104131
0.011401033999999999
0.010877699
0.010552642
0.010981342
0.009941641
0.009721070000000002
0.010917
0.010669729
0.010723901000000001
0.009904122999999999
0.010643826
0.011169565
0.009898233999999999
0.009835762
0.00950391
0.01086972
0.010300844
0.009917651999999999
0.009962093999999998
0.010432885000000001
0.009525010999999998
0.009119384000000001
0.011437686999999998
0.010214378
0.010463079
0.010410821999999998
0.009589563
0.010165733999999997
0.011545482999999997
0.010732616999999998
0.009315232
0.010960392999999999
0.011181902
0.010340335
0.010580286000000001
0.011095824
0.009560931000000002
0.011430494000000001
0.010464030999999999
0.008647177
0.011626391
0.010591595
0.008926566
0.010996950999999998
0.010620973000000002
0.010000593
0.009516092
0.009919467
0.011402704000000001
0.010369929
0.010739858000000001
0.009259053000000001
0.010104551
0.011114471
0.010574713999999999
0.009802858999999999
0.010674023999999999
0.010388873
0.009791671
0.01060798
0.010929481
0.009536896
0.01131675
0.011295718
0.009902593
0.010569136
0.011031576000000001
0.011271577
0.008333773000000001
0.011052976999999999
0.009345893999999999
0.010686909000000001
0.009480048
0.011009236999999998
0.009704875
0.010383743
0.010820614
0.010296259
0.009457021
0.009818117
0.010539534000000001
0.010127566999999999
0.009276782
0.010457885
0.011409632
0.009697732999999998
0.010410975000000001
0.009846161
0.010633378999999998
0.009824801999999999
0.011064269
0.010719441
0.011471615
0.011701303
0.00981037
0.010420394
0.011466372999999998
0.010561865
0.010177519
0.011087835
0.010956355
0.011182931
0.010925994999999999
0.010732074
0.010750623999999999
0.010015639
0.011146658
0.01065882
0.008748124999999999
0.011129741
0.010229059
0.009465188999999999
0.01073458
0.010638418000000002
0.008370222
0.010308145000000001
0.010158052
0.010535978
0.008991355000000001
0.011556905999999999
0.010880938
0.009193271999999999
0.01101414
0.010885132
0.009990596000000001
0.010454896
0.010565238
0.010025648
0.009165089999999999
0.010673617
0.010372372
0.011551485
0.011161013000000001
0.010323454
0.012141888000000002
0.011416007
0.011278918
0.010637817999999999
0.011303286
0.010314492999999997
0.010963630000000002
0.010348529
0.010753398999999999
0.011233361999999997
0.011356314999999999
0.010569299
0.009722618
0.010190521999999999
0.010891452000000001
0.010850439
0.008544599
0.009545994000000002
0.009353988
0.009992734000000001
0.010267097999999999
0.010284571
0.009538050999999999
0.011003556
0.008766345
0.009570981000000001
0.01044378
0.009505355000000002
0.011124628
0.011415172
0.008769024
0.008919138
0.010174921
0.009908669999999998
0.009732778
0.009385639999999999
0.009633873
0.00879156
0.009776903
0.010081304000000001
0.011685185
0.011081095
0.011093134000000001
0.01063919
0.010388648
0.010948097
0.011020117999999999
0.010717458999999999
0.010418508
0.00993895
0.009778092
0.010710544000000002
0.009493867
0.010644051000000002
0.010822961
0.010087157
0.010285277000000002
0.010420819999999999
0.009252263
0.011596135
0.011114469
0.008612539
0.010236395999999998
0.010439906
0.009098489
0.010516371
0.010376924000000003
0.008827811
0.010780759
0.010496537
0.010267761
0.009753699
0.011216957999999999
0.008570195
0.01044565
0.0102985
0.010117187
0.010707736999999998
0.010494638
0.008537268
0.010222129
0.010454894999999999
0.008018152999999998
0.010088637
0.011036949999999998
0.008887565
0.009872001
0.010474548
0.009559007
0.009762752999999999
0.01125777
0.009187642000000001
0.010012284
0.01022137
0.008762732
0.010261656
0.010942476
0.009327222999999999
0.010201730999999999
0.010330344
0.010210561
0.010054213000000001
0.010517453999999999
0.009851312
0.00969381
0.011046851
0.007514787000000001
0.009173144000000001
0.010014387999999999
0.011000975999999999
0.010205821
0.010168965
0.00998697
0.011500513
0.009172472999999999
0.009430119999999998
0.009352349999999999
0.010598155
0.011009309000000002
0.009235074999999999
0.010055597000000001
0.010323523000000001
0.009366203999999998
0.011298059999999999
0.011067776999999999
0.009728904999999998
0.010699061999999999
0.010242714000000002
0.010278859000000001
0.010727491
0.011048921
0.011459294
0.009588758
0.010321602
0.010777727
0.00961984
0.010925852
0.011188423
0.008684208
0.010820991000000002
0.010959908000000003
0.010149684999999999
0.01025739
0.010588275
0.009574898
0.010459073999999999
0.010711712
0.008971908
0.010134304
0.010685759
0.009157024
0.010833471
0.01019107
0.01119388
0.010537125
0.011002312
0.008159605
0.010783709
0.01048604
0.009537365
0.010622844999999999
0.010486527
0.009747917
0.01181318
0.010159489999999998
0.010142271
0.011168784999999999
0.011195957
0.010469495
0.012054908999999999
0.009448701
0.009683774
0.011459098
0.009979855000000001
0.009731299999999998
0.010651216
0.010846556
0.010626948
0.010534287
0.0105451
0.00989999
0.011916889
0.011656241999999999
0.009102445999999998
0.010621211999999998
0.010455922
0.010086434000000002
0.010485674999999998
0.009606288999999999
0.010343079
0.010863968
0.013883903999999999
0.012394439
0.012677690999999998
0.012323905
0.012905891
0.011665161
0.01210809
0.013649927
0.01221855
0.011226272000000002
0.013486973000000003
0.012185448
0.013548439
0.01597234
0.012936424000000002
0.013140765000000002
0.013120429
0.012669503
0.012549513
0.013397571
0.012756021999999999
0.01294017
0.010742212
0.012768364
0.013131143
0.012771575000000002
0.012626929999999998
0.012729819
0.012385268
0.013975552999999998
0.012161306000000002
0.011320223999999999
0.012185083999999999
0.013530911999999999
0.011139166
0.012919225000000001
0.011704294
0.010887957
0.012053753
0.012852895
0.010358012
0.013107073
0.013325167999999998
0.012922529999999998
0.011633851
0.012677940999999998
0.010758509
0.012968678999999999
0.01264512
0.01208135
0.011490710999999999
0.012343324
0.012427678000000001
0.010614333
0.013009697
0.012500046
0.012197313999999999
0.013154017
0.012722385000000001
0.011872193
0.013370166
0.012830436
0.010979706
0.012386266
0.012208469000000001
0.012449463999999999
0.012263631
0.012796278
0.011373954
0.013583730000000002
0.012812077
0.011168299999999999
0.012410968000000001
0.012167174
0.01273695
0.012317677999999999
0.013121570999999999
0.012314128000000002
0.01260782
0.012716424
0.013436691999999997
0.013030525
0.013302212999999998
0.0128577
0.009754739000000002
0.012014963
0.012867829999999999
0.012324870000000002
0.012147673
0.01308172
0.011882512999999999
0.011222150999999998
0.012299003
0.013344072000000002
0.011359906999999999
0.013491471000000001
0.012768312
0.010811184000000001
0.012965144999999999
0.013304778
0.012574650000000001
0.012478415999999999
0.012354314
0.012819079
0.011463869000000002
0.012772902
0.012299735999999999
0.010596847
0.012161966
0.012919779999999999
0.012290052
0.012100684
0.011388088
0.012895047
0.011412384999999997
0.012730089
0.012407319
0.012442399
0.012137526000000001
0.013195568
0.01086696
0.012335628000000001
0.012900248000000001
0.013200372
0.011515938
0.012730629000000002
0.011572767999999999
0.012626538999999999
0.01231642
0.01210587
0.012483581
0.012537475
0.012246747
0.011570128
0.011537507
0.012628229000000001
0.01186732
0.013676837
0.012092499999999999
0.010662746999999998
0.012373245
0.013289243
0.011923444
0.012457515999999998
0.011233344999999999
0.012330049
0.012123429
0.013256242000000001
0.015820685
0.012084255
0.013555421
0.012546279
0.012829001999999999
0.01206502
0.01220723
0.012178158
0.014047875000000001
0.012485919
0.012137981999999999
0.013889302
0.013180748
0.010902938
0.011794387
0.012907235999999999
0.011604399000000001
0.013585637
0.01208813
0.01111723
0.013436299
0.012719154
0.010244601999999998
0.012830811000000001
0.013261009
0.011898821
0.012900657
0.013004756
0.012718374
0.011897831999999999
0.01256288
0.012182664
0.010975367
0.012646167
0.012191273
0.012320761999999999
0.013169558000000001
0.012624855
0.011254394000000001
0.013288981
0.013645776
0.00979442
0.012436081000000002
0.012018359000000001
0.011334740999999999
0.012727425
0.012666751
0.01047255
0.012887389999999999
0.011403207
0.011170231000000001
0.012833231999999998
0.011355004000000002
0.013730148
0.011589940999999998
0.009965542
0.013480785
0.011864181000000001
0.011040608
0.013011545999999999
0.012151811
0.011856915
0.011675947999999998
0.012382038999999997
0.010907532000000001
0.012233958999999999
0.012809411
0.011228255
0.012684411999999999
0.011544051
0.010845426
0.012806098
0.013434151
0.009962678999999997
0.012628988999999998
0.012315547
0.011707686
0.012898138
0.011771338
0.010837306000000001
0.012271763
0.011940095000000001
0.011417220999999998
0.012769853000000001
0.013397976
0.011483116
0.012829486000000001
0.011727695000000002
0.012836035
0.012211702999999997
0.012547781999999999
0.012033581
0.012183029000000001
0.01204043
0.011627268999999999
0.012111531
0.012067221999999999
0.012290939999999998
0.011450328999999999
0.013171191
0.011303421000000001
0.012047862
0.012817255000000001
0.010547604
0.013254233999999998
0.011901083000000002
0.010282337
0.013362174000000001
0.01214386
0.01225587
0.012689304
0.012648697
0.012028843000000001
0.013313534
0.012877979000000003
0.012784621999999999
0.014473146000000001
0.010929459
0.011417137000000003
0.013140174000000001
0.01230329
0.011160914
0.012862915999999999
0.009968993
0.014101705999999999
0.011853838
0.010360058
0.008747913
0.011301348
0.009971809
0.009779992999999999
0.01056291
0.010047048
0.010248942
0.010211129
0.011191128
0.009655078000000001
0.009167648
0.010525043
0.01125283
0.008022337999999999
0.011495571999999999
0.010512466000000002
0.008931112
0.011005928000000002
0.010482104999999999
0.009346261000000002
0.011332353
0.010391982999999999
0.01009758
0.011145327000000002
0.010557813
0.008439948
0.010827272999999998
0.010565532
0.008659833000000002
0.010348441000000002
0.01052906
0.009702874
0.011376173
0.010712931999999998
0.010086475000000001
0.010857176999999999
0.010684266
0.009461563999999999
0.011421387000000002
0.010562901000000001
0.008664057
0.010672576999999999
0.010914548000000001
0.008800773
0.01077845
0.010524214
0.009190469
0.011696072000000002
0.010653267999999999
0.009399721
0.010741068
0.010881013
0.008919555999999999
0.009914249
0.010437787
0.009445149
0.010463222
0.010287668
0.009236003
0.010461393000000001
0.010793826
0.008560246
0.009925189000000001
0.01080477
0.009547656
0.010010507000000002
0.011129698
0.009675630000000001
0.010285682
0.010632591
0.010131427
0.00971156
0.01079789
0.010529572
0.010335823000000001
0.010570947
0.009109302
0.010204178000000001
0.011100921
0.010873108
0.011005777999999997
0.009926306000000001
0.009985694
0.011161071
0.011125653000000001
0.009673086000000001
0.010933996999999999
0.010299202000000002
0.009838266000000002
0.009900282000000002
0.010170598999999999
0.010192879
0.010915008999999998
0.009635771
0.009574308999999998
0.011004632
0.010330113
0.009806404000000001
0.009736803
0.009916907999999999
0.009987411000000002
0.009843388
0.010632523000000001
0.009369467
0.009650158
0.008781902999999999
0.011165344999999998
0.011224444
0.009944114
0.009719470999999999
0.010727574000000002
0.009847058999999998
0.009494817999999999
0.010020123999999998
0.010771753
0.009752779
0.00976698
0.009970604000000001
0.009051246999999998
0.010461225999999999
0.010398457
0.009603684
0.010971802000000001
0.01016256
0.00944603
0.010541557
0.00999192
0.009469555000000001
0.010812391000000001
0.010453753
0.00919909
0.009589741
0.009821597999999999
0.010372043
0.010262836000000001
0.010102114
0.00974325
0.009951353
0.010774949999999998
0.010741154000000001
0.010983670000000001
0.010417968
0.010910023000000001
0.010585978
0.010218181000000002
0.010333737
0.010628492000000002
0.024335725
0.009694636999999999
0.011349159
0.009918402
0.009739732000000001
0.01045787
0.009416185999999998
0.011182955000000001
0.011185434999999999
0.01038292
0.009867369
0.011227741999999999
0.009822786
0.010405847999999999
0.01180614
0.010468485000000001
0.009668434
0.010804315
0.010006977
0.009185317
0.010806282
0.010832154
0.009923551
0.010834937000000001
0.008926313
0.010006765
0.011198383000000001
0.011013157999999999
0.010122392
0.010946445999999999
0.010596839000000002
0.010580458999999999
0.010500552
0.010688163
0.010917402000000001
0.010425700000000001
0.010856414999999998
0.010318365
0.010495565000000002
0.009854805999999999
0.010485434000000002
0.011401928000000002
0.009708521
0.009924911
0.010688186000000002
0.010670792
0.010618430000000002
0.010287379000000001
0.010101074
0.010187795000000001
0.010063887
0.009407141
0.009454907000000002
0.010959810000000002
0.010892798
0.009980247
0.010431557
0.009944487
0.009681808
0.010429332
0.010598877999999999
0.011065841
0.010226363
0.010200148
0.010140622000000002
0.010537188
0.009882662999999998
0.009500052
0.010845512000000002
0.010816926000000001
0.008595531
0.010209926
0.010002904999999998
0.010158034000000002
0.011375873
0.010476843
0.009868225999999999
0.011101025
0.009609836
0.00936373
0.011215194000000001
0.010816057999999998
0.010527077000000001
0.011035926
0.01047343
0.010315432000000001
0.010050802000000001
0.011536773999999998
0.010043433000000001
0.011259983
0.009413411
0.009280035
0.010593246
0.011213284
0.009821141
0.010941077
0.010749295
0.009305995
0.010672240999999999
0.009880030000000001
0.009772020000000001
0.010235291
0.011545007000000001
0.010361519
0.010626146999999999
0.010038029999999998
0.010175752
0.011478370999999998
0.011133627
0.009922957999999999
0.009996606
0.010438961
0.010052243
0.010001125
0.01056511
0.010727112999999998
0.010745282999999998
0.010051754
0.011413852999999998
0.011324885
0.010565039
0.011104497000000001
0.010209782
0.010809515
0.011589352
0.011134777
0.009753735
0.010859005
0.010503730000000001
0.01141935
0.009772616999999999
0.010860858999999999
0.010472032999999999
0.010268000999999999
0.011305636
0.01007376
0.009473813000000001
0.010054048000000001
0.010363666
0.010809431000000001
0.010270263000000002
0.009939530000000002
0.009678276999999999
0.010731295000000002
0.011354559
0.009693377999999999
0.010362679000000001
0.010908488
0.00992445
0.01052132
0.009915088
0.010374973
0.010358315999999998
0.010886767000000002
0.011015476
0.010635152999999998
0.010539357000000001
0.011142506
0.010395485999999999
0.011108541
0.010762271
0.010372073
0.010743656
0.011147926
0.009733726000000002
0.011224707
0.011467738000000002
0.010097874
0.010871651000000001
0.011739201999999999
0.009609147
0.010454763999999998
0.011048022
0.010391116
0.010531859
0.010822498
0.009978003
0.010398347
0.010177242
0.009638935
0.009306844
0.010334466000000002
0.010411713
0.009541624000000002
0.010792835
0.009768001
0.009202771
0.010282887000000001
0.009529981
0.010086885
0.010244707
0.010465427
0.009548942999999999
0.010667854999999999
0.010130166999999999
0.009979786000000001
0.010199142000000001
0.009967048999999999
0.009686806000000001
0.0103896
0.009773121
0.009602349999999999
0.010471560000000001
0.01058607
0.010936967999999998
0.010744848
0.009642655
0.010270962
0.01131932
0.010448893000000002
0.009464133
0.010937490999999997
0.009772976000000001
0.010486664999999997
0.010881011999999999
0.011227329999999999
0.010063344
0.010758605000000001
0.010458246
0.009564227
0.010789112000000002
0.010152942
0.009883481
0.010796244999999998
0.010546892000000002
0.009680592999999998
0.010805780999999999
0.010743639
0.009466576
0.01071285
0.009982631
0.009392715
0.011116979
0.01044322
0.009176097000000001
0.010651919999999999
0.010138480000000002
0.009778941
0.010242537000000001
0.010207358
0.011107517999999999
0.009856492
0.011195311999999999
0.010894154
0.009459216999999999
0.010236464
0.011179145000000001
0.010471971
0.011151803
0.010164391
0.010306162
0.010553363
0.009630456999999999
0.010044202
0.010366293
0.009814795
0.010823583000000001
0.010549847
0.009786283000000002
0.010900683
0.011068079000000001
0.011548477
0.010371133000000003
0.010416172
0.008903551999999999
0.010455779
0.009973407
0.009761731
0.011121350999999998
0.009623978
0.010202740000000002
0.010279601999999999
0.009834269999999999
0.010304367999999998
0.010601402000000001
0.009744399999999999
0.009367097000000001
0.010838426
0.009640971000000002
0.010062032
0.010379397
0.009675669999999997
0.008889881
0.010733379999999999
0.010437955
0.009956989999999999
0.010880539000000002
0.010813254999999997
0.010134718000000001
0.010414449999999999
0.00955142
0.010506265999999998
0.010182893
0.010353906999999999
0.010313215999999998
0.010575986
0.010218769
0.009506006000000001
0.010821691
0.011091235
0.010958745999999998
0.010292652999999999
0.009907122
0.011009913999999999
0.009875135
0.010884373
0.010773900000000001
0.008819651999999999
0.010885359999999998
0.010994975
0.010177965
0.010724365
0.010642857
0.010308007
0.010312519000000001
0.010999031999999999
0.009845167
0.011475182
0.011650062000000003
0.009864696000000001
0.009873238999999999
0.010816291
0.010930747
0.010698866
0.010825188000000001
0.009807672
0.01004057
0.01035815
0.010982341
0.010106954000000001
0.011247595999999999
0.010186265
0.009869841000000002
0.011720243000000002
0.009994134
0.010310108999999998
0.011677063
0.009978501
0.010061511
0.011237696000000002
0.009748439999999999
0.010740195999999999
0.01135597
0.010272093
0.009396305
0.011366626
0.010690881000000001
0.009876904000000002
0.011180536
0.009407985
0.010109719
0.011012849000000002
0.009903367000000001
0.009595976999999999
0.010737985000000002
0.010875946000000001
0.010902874999999998
0.010687494999999998
0.010709269
0.010747038
0.011201945
0.010846658
0.010561755
0.000393294
7.1747e-05
