0.001242287
0.000744174
0.0014468439999999999
0.0011111019999999999
0.001119811
0.009587335
0.009721325999999999
0.012198704999999999
0.006929785999999999
0.009189790000000001
0.012198177
0.012711274
0.010263114
0.011516995
0.008728511
0.012901426
0.00653866
0.012608935
0.012882835
0.008231649
0.009844699000000002
0.010563404
0.011386386
0.011693508
0.009271185999999999
0.009588613
0.011174291
0.010187771
0.012211948
0.011251086000000002
0.008079526000000002
0.007623363000000001
0.010656000999999998
0.010674365
0.012426561000000001
0.01082391
0.00963444
0.010596802
0.011486152
0.009934364
0.009474920000000001
0.007065955999999999
0.010143353000000003
0.010886373999999999
0.009438884000000002
0.009121083999999998
0.01089049
0.008620061
0.006183182
0.008611923
0.011077453000000001
0.014246657
0.008226408000000001
0.010004707
0.012320864999999997
0.009704089
0.011554036999999998
0.010785571
0.01276804
0.011291753
0.009477618
0.012379274
0.008730283000000002
0.011563757999999999
0.010899509000000002
0.013081263000000001
0.010337356000000002
0.00945856
0.010796146
0.012047206999999999
0.010252065
0.008624053000000001
0.011834936
0.011312851
0.008627328999999998
0.011830732
0.012380063
0.0141131
0.012058458
0.01100729
0.012028737
0.012114775
0.010141061
0.011563848000000002
0.011889175
0.009565094
0.012328251
0.013139991
0.013802337
0.010669678000000002
0.009199658999999999
0.013102663999999998
0.010311542
0.012429134
0.010582601
0.007707866
0.013010467000000001
0.011090107
0.008542758999999999
0.011122825999999999
0.010717948
0.010828657999999998
0.009730833000000003
0.013757766
0.008084344
0.011882649999999998
0.013714849999999997
0.010991139000000002
0.010810830000000002
0.011847835
0.010504048
0.011296724000000001
0.01158122
0.010022343
0.009358713999999999
0.011629701
0.008809968
0.010471119999999999
0.009497079
0.0076480290000000015
0.011492856000000001
0.007436304
0.007951322
0.012871814000000002
0.009373157
0.0070180630000000015
0.010564023000000002
0.01100102
0.010555686
0.007881561999999998
0.011721556000000003
0.007669024
0.010515586
0.010199729000000001
0.009692244000000001
0.011823567999999998
0.011947224000000003
0.011803125
0.012624707
0.012292785000000002
0.010640343
0.012258276
0.011130782
0.010062679000000001
0.013159968999999997
0.012975478
0.013733194
0.008468475000000001
0.009841036999999999
0.0151243
0.010034202999999998
0.009604654999999998
0.010592260000000001
0.012913132000000003
0.010909383
0.009642063
0.010874327
0.013183934999999999
0.008673
0.006324548000000001
0.010485831000000001
0.011547656
0.010117314999999998
0.010915263000000001
0.010241573000000002
0.011592781999999998
0.012749295
0.008269804
0.008718925999999998
0.015021768000000003
0.011986585999999999
0.012116126999999999
0.01049281
0.011046016
0.010940098
0.010262321999999999
0.011636763000000001
0.011042415
0.009152724000000001
0.010824021999999999
0.011522457
0.010649786000000001
0.013671374
0.011847777
0.009325980000000001
0.012145773
0.011684794999999998
0.010316942
0.009988206
0.011877391
0.013476244000000002
0.010723304999999999
0.010495491
0.011334296000000002
0.011748044999999999
0.007745328999999999
0.012536141000000002
0.013115305999999998
0.008472226000000001
0.009819849000000002
0.009982238000000001
0.009195196
0.011380462
0.014705664
0.010800862
0.010992868999999999
0.011618185
0.011673468000000001
0.014526989
0.011803473000000002
0.013069758999999999
0.011698313
0.012899652999999999
0.013000863000000003
0.010411831
0.006546971
0.011311662000000002
0.010640673000000002
0.012679211000000001
0.010174799999999998
0.01095175
0.008613931000000002
0.009497312999999999
0.008154641999999998
0.011012819000000002
0.010406605
0.009088595000000001
0.010645090999999999
0.009231185999999999
0.008164421
0.012276698
0.012027341999999998
0.009323571
0.014693007000000001
0.010778383000000002
0.012312434999999998
0.01040541
0.011276882999999998
0.009658624000000001
0.011869414
0.01240862
0.012439855000000001
0.010667823
0.010133301999999999
0.009850875
0.01033157
0.009566919999999998
0.007633623000000001
0.013099996999999999
0.011601167000000003
0.008130101
0.01250647
0.013058743999999999
0.010946562999999998
0.010600906000000002
0.010892503999999999
0.012382939
0.010111483999999999
0.010646738000000001
0.011508319999999999
0.012166466999999999
0.008365472
0.009962066
0.010969847000000001
0.01145594
0.010634727
0.011459147000000001
0.013327642000000002
0.013036527000000003
0.010373853
0.011885838000000001
0.010616303999999998
0.010218325000000002
0.00928634
0.007204878999999999
0.012098099
0.011456919
0.012697568999999999
0.012418453999999999
0.010771685
0.010615656
0.011000900999999999
0.008603619
0.010431069999999999
0.010983311999999999
0.009436288000000001
0.011716391
0.009950875
0.012748578
0.009931338
0.013261907999999998
0.01190238
0.010465766999999999
0.013830589999999999
0.013190913
0.011460533999999998
0.011898082
0.012978141000000002
0.011730152999999998
0.011520398999999999
0.009408139
0.011159065
0.010143565
0.012284027000000001
0.010085535000000001
0.009157292999999999
0.013091699999999998
0.012890944000000001
0.012185329
0.010997600999999997
0.009244403
0.008028687999999999
0.012874271000000001
0.010291679
0.009877355999999999
0.013071719999999998
0.013375714000000002
0.011853392999999999
0.012956585
0.012310163
0.009604289999999998
0.011157285000000001
0.012334594999999999
0.012606460999999998
0.006711285000000001
0.011873139000000001
0.011315513000000001
0.011358314000000001
0.010903591
0.011702633000000002
0.006900017
0.008725048
0.009449701
0.012910518
0.011549278999999999
0.010537802
0.011088274999999998
0.007969387999999999
0.009414875999999999
0.010574947
0.010943267999999999
0.011262162000000003
0.010654652999999997
0.011252351000000002
0.011956973000000001
0.009407271
0.011226797000000004
0.011133087000000002
0.013993385
0.010561843000000001
0.011431732
0.011513945
0.011969409000000002
0.010259416999999998
0.009314169
0.011624124000000001
0.007249927999999998
0.010011476
0.012658051
0.017441825
0.014252906
0.01564085
0.017411879
0.021034830000000004
0.022094657
0.022895087000000005
0.020206881
0.022218908
0.023649961
0.014678045
0.015936781000000004
0.018457915000000005
0.019791807
0.019672421999999995
0.021713527000000003
0.019317696000000002
0.023704402000000003
0.019009964
0.018271412
0.019137295000000002
0.018275928000000004
0.022697751000000006
0.018807042
0.018250916
0.015828966000000003
0.017190248999999998
0.021602812000000006
0.022769176
0.01873296
0.018554578999999998
0.019654915
0.019615856000000004
0.019598455
0.017645015
0.023813735000000003
0.018135772999999997
0.023437933
0.018445739000000003
0.018532648
0.014845404000000001
0.017499532999999998
0.018015149
0.022281275
0.021566858999999997
0.02422465
0.018785785000000003
0.022546062
0.023502128000000004
0.017012753
0.019612963999999997
0.017089614000000003
0.023600311
0.020714531
0.017900851
0.022492917999999997
0.024763763999999997
0.019404331000000004
0.019377825999999994
0.023602716
0.022214073000000004
0.016727392000000004
0.019911008
0.019984812
0.01710317
0.018808382000000002
0.01985561
0.01911956
0.024885881000000002
0.018685512
0.021310496999999998
0.019139384
0.019713448
0.021076079
0.019092708000000003
0.019581435
0.025139187
0.020211637999999997
0.024184263
0.018329736
0.02346666
0.021641529000000003
0.017691355000000002
0.021324946
0.013974306
0.020236999
0.018407962
0.018478973000000003
0.019271240000000002
0.017559177000000002
0.021704512999999998
0.020118990999999996
0.021955539000000003
0.021883476999999995
0.021086103999999998
0.017822977
0.019327064
0.023248957
0.022791458
0.017635409000000005
0.020446307999999996
0.016924178
0.019920948000000004
0.019409861
0.015146086
0.020441848000000002
0.01844208
0.019614465
0.023518621
0.018169842999999998
0.019466699
0.022711158999999998
0.019045711000000003
0.02001698
0.018521509
0.018697682
0.024277891000000003
0.017931078999999996
0.014854715999999999
0.017853705999999997
0.013648888000000001
0.020284778
0.020397586
0.019769145000000002
0.017145023
0.019791039
0.020623389
0.018087147999999997
0.023983571999999998
0.019344651
0.021202443999999997
0.019163118999999996
0.019797809000000003
0.011870006
0.012680885000000001
0.00898522
0.010507642
0.009714412
0.008515489000000001
0.010537301
0.013121351999999998
0.014952002999999998
0.013309287000000001
0.011373481999999999
0.0100228
0.009637411
0.008545665000000001
0.009870789000000001
0.010024065
0.009733112
0.009781012
0.011874178
0.010048215000000001
0.013110412
0.009474033999999997
0.011839932
0.011386449000000002
0.014439749000000002
0.010849699999999999
0.011200398
0.012122356
0.01005187
0.010065628
0.010297209999999998
0.013095136000000002
0.011593695000000001
0.011287345
0.008109578000000001
0.010459877
0.01066221
0.009664168
0.010438764
0.00948607
0.010696420000000002
0.011488392
0.012303860000000002
0.009856193
0.008205378999999999
0.013560774
0.011228108000000002
0.012502560000000001
0.015501524999999999
0.010938589
0.010279733999999999
0.010546936
0.012533658999999999
0.011473944
0.009918966999999999
0.009290799
0.010653697
0.012723384999999999
0.011958894999999999
0.010983288999999999
0.011003662
0.010738500000000002
0.009433519999999999
0.012810163000000001
0.007916289
0.014263048
0.014162323
0.012354248999999998
0.010223147
0.012138396000000001
0.011815031
0.010546791
0.013729560000000002
0.010059072
0.009604973999999999
0.015139886
0.012948552999999998
0.010292675000000001
0.010119752000000001
0.012337119999999998
0.011984443000000001
0.00796768
0.009937346
0.011583952000000002
0.010435296
0.008785355
0.011643531
0.012278679999999998
0.012999489999999999
0.009635432999999999
0.011590147
0.012603059999999998
0.012265021000000001
0.009585428
0.010962748
0.013339351
0.010647837
0.012041779000000002
0.011114818000000002
0.007999116999999998
0.011707665999999999
0.010349609000000001
0.014113577
0.010029531
0.011693061000000001
0.012141686
0.010871309
0.008945096
0.010394596
0.011708359
0.009961109
0.009654491
0.011380713000000002
0.008969295
0.011256177
0.011928128
0.010565558
0.01016869
0.012106466
0.010658465
0.013445061999999999
0.008518733
0.011707322000000001
0.010599168999999999
0.014300175000000002
0.008782048
0.014174912000000001
0.012993504999999997
0.008736621
0.011190509000000001
0.010410709
0.010383439999999999
0.01278048
0.012347907
0.013436313
0.010927022000000002
0.010443946
0.010564104999999999
0.009206249000000001
0.009196321
0.010928642
0.010283825
0.011619576999999999
0.012859849
0.011828516
0.010941593
0.011669505
0.009895534
0.010813839
0.011791841
0.010188428
0.012582413
0.011720941000000002
0.009708735
0.013897737
0.013559062999999998
0.012354701000000003
0.011945641
0.013020183999999999
0.011977047
0.009782578999999998
0.012112491999999997
0.011742274999999998
0.010427276
0.0104784
0.013193791000000002
0.011031198
0.013284234999999998
0.009404391
0.013243854000000001
0.009818538
0.009012926
0.012267738
0.010828933999999998
0.010919344999999999
0.009850509
0.013311143
0.014024686
0.01290235
0.010129114000000002
0.011524717000000002
0.013380516999999998
0.009319016
0.011287706
0.010409651999999998
0.013308923
0.012749162
0.014825621
0.009552076
0.011664275
0.011322001
0.013479438000000002
0.009994343999999999
0.010813137999999996
0.012248432
0.012647493000000001
0.011123378000000001
0.010061937
0.010996618000000001
0.010633949
0.007455183000000001
0.009019405999999997
0.013629927
0.011760061000000002
0.012114512
0.010103181
0.011161955999999999
0.012876907
0.010470509999999999
0.008672622
0.010338832000000001
0.011585833
0.009716606999999999
0.011550588
0.010274785
0.011012274
0.009587628
0.013626667999999998
0.010565854
0.011746213
0.010387682999999998
0.011582167
0.013097489
0.013151736
0.009452648999999999
0.010453989999999998
0.009763078
0.011393875
0.014087024000000002
0.011510549999999998
0.011064485000000002
0.011861171
0.013443899999999998
0.012708053999999998
0.013926610000000002
0.012233345000000001
0.011933215999999998
0.013277587
0.010960388
0.009547747
0.012971699
0.009376539000000001
0.012088749999999999
0.009280281000000001
0.010277824999999999
0.013737906999999999
0.010955536
0.010968961999999999
0.015210004000000001
0.011465611999999998
0.011337971
0.01272399
0.010273790999999999
0.012173844
0.010707555999999998
0.010215987000000001
0.012587448999999999
0.010691088999999999
0.011989607
0.011392639000000001
0.012936293000000003
0.012062539
0.013337487000000002
0.011010709999999998
0.010177930999999998
0.011133368999999999
0.010770443
0.011384317000000001
0.010774932
0.011895072
0.011912833000000001
0.011502917999999999
0.012484359
0.011465582000000002
0.011920496999999999
0.011332809
0.010235171
0.013518378999999999
0.013116962999999997
0.010348583000000001
0.009972393999999999
0.011545618999999998
0.013416233
0.011801761000000001
0.014191785
0.011867894
0.00991615
0.013876767000000002
0.009642497
0.010880553
0.012314369000000002
0.011917606
0.011771245000000001
0.0076232620000000004
0.009638389
0.013029434
0.013226192999999999
0.014124264999999997
0.01229692
0.010875747
0.011103449000000001
0.011123075999999997
0.014137169
0.012128828999999999
0.012354153
0.009468497
0.015398419000000002
0.012577053999999999
0.009378943
0.011886467
0.012294207000000001
0.009730971
0.013075237
0.010937509000000002
0.014890641000000003
0.009426411999999999
0.011012421000000003
0.0106567
0.01189587
0.013533955000000002
0.014348660000000001
0.013268791
0.011395978000000001
0.011664625
0.009074007999999998
0.013192425
0.009853541999999998
0.012301182999999999
0.010652937
0.012239138
0.012157486
0.009035007
0.008787566
0.014193860999999997
0.007241584
0.011460274000000001
0.01086438
0.007738003
0.011903104000000001
0.011806242
0.009790307000000002
0.013035140000000002
0.012848964999999999
0.007938404999999999
0.010035387
0.013227893
0.011001182000000002
0.012921412000000002
0.009829665
0.009829252
0.011538906
0.011176608000000001
0.010354218999999998
0.01106095
0.012691855999999998
0.011869758
0.011435344
0.011840579
0.011646936999999998
0.013955469
0.010909779
0.012445399
0.012004214
0.009074485
0.009438838
0.011791694
0.010813884999999999
0.011757662999999998
0.011971327
0.011564867
0.008339705999999999
0.012876588
0.011817795
0.010791003999999998
0.012563370999999999
0.011908914000000001
0.013329520000000003
0.011315569
0.013857636000000001
0.008803519
0.013673441000000001
0.014144941
0.011834701999999997
0.011838780000000002
0.011400220999999999
0.012713692
0.010780679
0.011403253999999998
0.011724948999999998
0.011067671
0.013085905
0.010762721999999997
0.009454052999999999
0.013505714000000002
0.010814902000000001
0.013392422000000001
0.014242562
0.012676895
0.010937611999999998
0.008513736
0.011553769
0.0072200549999999995
0.010340345999999999
0.008684395999999999
0.011466386999999998
0.01149975
0.011592698000000002
0.012680413000000001
0.009371215
0.011268603
0.009257233
0.013922444
0.013136865000000001
0.012384856
0.009518180999999999
0.010860367000000001
0.009464038
0.011119806999999999
0.00907788
0.009113276
0.011155640000000001
0.012456849
0.012232754
0.011369421000000001
0.009316551999999999
0.011071845000000002
0.007657768999999999
0.013646572000000003
0.011852509
0.010439505000000002
0.010320777
0.015000769
0.014891495000000003
0.012436533000000001
0.009907831
0.009134464
0.010038461000000002
0.011049937999999999
0.013769449
0.012298993000000001
0.01219315
0.013868209000000001
0.011650414999999999
0.013401600999999999
0.012373873000000002
0.013226657
0.012539195
0.010915834
0.011609501
0.009864375000000002
0.009642356000000001
0.008109413
0.010459540000000002
0.013290228999999999
0.01234596
0.009531620000000001
0.013698515999999999
0.009185245
0.008903952000000001
0.014671838999999999
0.013925992
0.009568578000000001
0.009404597999999998
0.012776192000000002
0.012365537
0.013780966
0.012805032999999999
0.010958679
0.013539161000000003
0.010906212000000002
0.010958613
0.009723794000000001
0.010824562999999997
0.014165813999999999
0.012877047
0.013307936000000003
0.010534562999999997
0.008809388
0.010765095
0.011239405999999999
0.010918849
0.011612185000000002
0.011476119999999998
0.015129335
0.012997797000000002
0.012927929999999997
0.012703965
0.009123279
0.011388259000000001
0.012089556999999999
0.011103557
0.010455272000000002
0.008193873
0.010842136
0.009830261000000002
0.013983922000000001
0.011174258000000001
0.010439136
0.010537466
0.011471702
0.010499783
0.012235411000000002
0.015471468
0.011043688000000001
0.009737916999999999
0.012564732
0.011080559
0.010992764999999998
0.012976403
0.011929851
0.010822390999999999
0.010356605999999999
0.011432762999999999
0.010388321999999998
0.008598762000000001
0.008028628
0.012136593
0.011469017000000001
0.01369076
0.011625036
0.012047793000000001
0.011110888000000001
0.007244754000000001
0.010520793
0.008366420999999999
0.011156863999999999
0.009137629000000001
0.010284391999999998
0.010270275999999998
0.012813268000000001
0.011084421999999998
0.008586261
0.010448642000000001
0.011907224000000001
0.012810865
0.008028493
0.010225462000000003
0.013015408999999999
0.012197513999999998
0.008402904
0.011548065
0.01035921
0.008982776000000001
0.012095101999999998
0.010669788
0.009327095000000002
0.011712456000000001
0.013542911000000001
0.012573104000000003
0.012073734
0.013246276
0.011538250000000002
0.011663648
0.010318739
0.012081778999999999
0.012501423
0.008886633
0.010827693
0.012445777000000002
0.010873056
0.011781088
0.0106133
0.012680598
0.008646292
0.011756817000000001
0.011273123
0.008504717
0.01369043
0.011767291999999999
0.010361164999999999
0.011185187
0.008656826000000001
0.010500974
0.011252288999999999
0.012289012
0.011396485999999999
0.011869777
0.011120261999999999
0.010003452000000001
0.01177456
0.013096945999999996
0.016225359
0.021219005000000003
0.017589211
0.020042474
0.021471512000000005
0.023222163999999997
0.022238635999999996
0.019639814000000002
0.019501411000000003
0.023254055000000003
0.020528952999999996
0.019634033000000002
0.018613531000000003
0.018212051000000003
0.016451681000000003
0.021855823
0.018667813999999998
0.01989391
0.017811688
0.017925247999999998
0.018697831000000005
0.016635063999999998
0.021433664999999994
0.019480411
0.024670525999999998
0.021651451000000002
0.019429536
0.020467524
0.021950572
0.020168323000000002
0.017274367000000002
0.021294654
0.017612317000000002
0.015790912
0.018997091000000008
0.015755952
0.022904169999999998
0.024619855000000003
0.019972509
0.024806955
0.024079178
0.018866711
0.021470391000000005
0.013664728999999999
0.018263292999999996
0.025055187
0.017489305
0.021198099
0.020247319
0.017608594999999998
0.018012552
0.026003779999999997
0.023078090000000006
0.023492595
0.024185754999999996
0.021076278
0.023791514000000003
0.019067831
0.018493253
0.025257058000000002
0.014428291000000001
0.015825788
0.021074366999999997
0.017044218999999996
0.023331415
0.023602825
0.024591535999999994
0.019554557
0.018329651
0.021282352999999997
0.017184970999999997
0.018997368000000004
0.018173371
0.024287569999999998
0.018470506
0.023974628999999997
0.015693660999999998
0.013130458999999999
0.025201783999999998
0.016865865
0.022742145999999998
0.021655259
0.019909367999999993
0.021557089
0.017955895000000003
0.020475128999999998
0.020551084999999997
0.020339063
0.019284542000000002
0.022085258999999996
0.018781519
0.024036016999999996
0.020566268
0.017056929
0.020631242999999997
0.021068629
0.019943444000000005
0.024508426000000003
0.023587389999999996
0.016297013
0.021968739
0.018145759
0.021093627
0.022773605000000002
0.017577791
0.021269513999999996
0.020380081
0.024571086000000002
0.019467533
0.017840754
0.023297564000000003
0.019680132
0.023750889
0.02092403
0.01423901
0.017026545
0.020086731
0.022977432000000002
0.019059901
0.026055744
0.020301932
0.017965744000000002
0.017961737
0.015404585000000002
0.022306251000000003
0.020740378000000004
0.021135230000000005
0.019186239999999997
0.015967845
0.014934837000000001
0.013545141
0.011204507
0.011182217000000001
0.013323679
0.012287488
0.010348896000000002
0.010744920000000002
0.011154424
0.010797667
0.013272946999999998
0.014046744
0.012872811000000001
0.014584443999999997
0.014390706000000001
0.011809331
0.012215131
0.013260408000000001
0.011972455
0.009544114999999999
0.011668259
0.010541067000000001
0.010639929000000001
0.010609055000000001
0.009308133
0.012623925
0.011275001000000002
0.010106130000000001
0.011297370999999999
0.010424008
0.012542513
0.009751682999999999
0.012181474
0.012505071
0.010190799
0.011021447
0.012144375999999998
0.01470615
0.013283864999999999
0.009783921999999999
0.01014227
0.011410286999999998
0.015083142
0.014517193000000001
0.010357941999999998
0.011614243000000002
0.008768455999999999
0.010603324000000003
0.010967902
0.009933368000000001
0.009547403999999999
0.012981513
0.013400180999999999
0.013604219
0.012709966999999999
0.008430605999999998
0.012283368999999999
0.012209257000000001
0.012690542
0.011564357
0.009655549999999999
0.009682361
0.012780790000000002
0.011812523
0.009849561
0.008683248999999999
0.010272433999999999
0.009853319000000001
0.009909317
0.012177537
0.013601147999999997
0.008815750999999998
0.011469964000000003
0.010873421999999999
0.01190479
0.014204176
0.008807277999999998
0.012025423999999998
0.010135761000000002
0.011405298
0.009186131999999998
0.013656536000000002
0.011840527
0.012146510999999999
0.010943252
0.009838647
0.010473967
0.010082739
0.011318121999999998
0.007786820000000001
0.009279656
0.011349041
0.013009281999999997
0.008754788999999999
0.012320473000000002
0.010651144
0.009568108999999998
0.011512554
0.012693939999999999
0.009916574
0.013843970999999998
0.013107669
0.00990341
0.011300339
0.013848090999999998
0.009922033
0.013336445
0.011140740999999997
0.009991156999999999
0.010436086
0.008793060000000002
0.012477784
0.013893374
0.012986025
0.008688864000000001
0.012659814
0.012500172999999998
0.015127628
0.011088424
0.009962018999999999
0.012373286000000002
0.011511403000000002
0.018247140000000002
0.010589709
0.008157422000000001
0.008986000999999999
0.011585914000000001
0.010208519999999999
0.010966024
0.013012304
0.006398707000000001
0.014223276000000002
0.014913927
0.011559716999999999
0.011440397
0.012312455999999998
0.013074602
0.012989312
0.012492499
0.010701757
0.011616006000000002
0.012015850000000002
0.014009752
0.011121899999999999
0.010805981000000001
0.010292177
0.011865940000000002
0.010427882000000001
0.011283789999999998
0.009703345999999998
0.013216074999999999
0.010191172
0.009320435
0.009961049999999999
0.012978680000000001
0.009785883
0.012735736999999999
0.014082439
0.013905905999999999
0.014130764000000002
0.011178613000000002
0.010976335
0.014298203
0.011744167
0.013900381000000002
0.012841510999999998
0.010922887
0.010131212
0.012601366999999997
0.011712421999999998
0.013101017999999999
0.011644027
0.011858828999999998
0.013070314
0.009029218
0.010468166
0.013037805000000001
0.009158395
0.009470476
0.010987824
0.010277428999999998
0.012818089999999999
0.010229361999999999
0.012067657999999998
0.009734223
0.008556012
0.013328705999999997
0.010898824
0.011439545999999998
0.011832627
0.013835155
0.012044006999999997
0.010392723
0.008272356
0.009605486
0.008282709
0.012789085
0.010609978
0.012413498
0.010387664000000001
0.007330825000000001
0.011093457
0.013415661999999998
0.010816726999999998
0.011204106
0.007875752
0.009519753999999998
0.008983196999999998
0.010260770000000002
0.015149682999999999
0.010087817999999998
0.009416227000000003
0.015580784999999998
0.011819033000000001
0.011991562
0.011584467999999999
0.007206410999999999
0.010165763000000001
0.00801893
0.011329312000000001
0.010449025
0.011431413999999999
0.010011298
0.009786301
0.013937382
0.010525026
0.010318219
0.012418590000000002
0.010184669
0.008145378
0.009919792
0.011690592999999999
0.013757863
0.01143364
0.014519339
0.012588459000000001
0.008760746
0.009178746
0.013706145000000001
0.013193041
0.011214212000000003
0.009171123
0.009862933
0.008840646
0.010539884000000001
0.016909092
0.010277749000000001
0.013213699
0.014320639
0.009296634
0.011649046000000001
0.011290283000000003
0.009643605
0.012012279
0.006689376
0.009845043
0.012389209000000002
0.013128666
0.011925355000000002
0.00839996
0.009879964
0.013282336
0.013067930000000002
0.009311449999999999
0.011289874
0.014072288000000002
0.01116882
0.012032502
0.011959309
0.016751283
0.011830631000000001
0.012918835
0.011875082
0.008568676
0.009738822000000001
0.011914926000000001
0.009960001000000001
0.011150087000000001
0.007633178000000001
0.010758679000000002
0.011400750999999999
0.014462334
0.013244759
0.012799761999999998
0.011968013
0.015308790999999999
0.011613503
0.010086522999999998
0.011062032999999999
0.00861437
0.009342256999999998
0.012382286
0.013285773
0.01167725
0.009677098000000002
0.009786156
0.013026543999999998
0.010196845999999999
0.010682529999999999
0.010370292000000001
0.007479841
0.011224301
0.015180955
0.012727863999999998
0.010282225
0.012959101000000002
0.011885525000000001
0.012039979000000001
0.012630839000000001
0.010156206000000001
0.008906513000000001
0.009234423
0.009749265
0.011404225
0.011105304000000002
0.009213292
0.009522867999999999
0.010812161999999997
0.011533606000000002
0.012113821000000002
0.010913902000000001
0.010889302
0.011505613000000001
0.011784858
0.01011566
0.012631028000000004
0.015592333000000003
0.008082366
0.011487002000000001
0.013818038999999999
0.011857404
0.011695177999999999
0.011159588
0.011780069
0.009263268
0.013247287
0.013399603999999999
0.012718130000000001
0.010204053999999999
0.012111459999999998
0.013730950999999998
0.011167836
0.013908809000000005
0.011799438999999998
0.01497624
0.013362402
0.011754469
0.009364688000000001
0.012358539
0.010765849000000001
0.011277401
0.010158468
0.010420245000000002
0.012490274
0.011989179
0.012955417
0.012245377
0.010397962000000002
0.014417548
0.010822325999999998
0.014029778999999997
0.00928148
0.009648022
0.010856640000000002
0.012766366000000001
0.010256222999999998
0.0113963
0.012702854
0.01223209
0.010153563999999999
0.007663591
0.00808756
0.011222504
0.009079661
0.013357711999999999
0.008932417
0.0074759430000000005
0.011994240000000001
0.011558279999999997
0.013171158
0.012598149000000001
0.011626707000000002
0.011529746
0.010713483
0.011755683000000001
0.014120713
0.009975496
0.012287455000000001
0.011271515
0.012950525
0.010374004
0.010005100000000001
0.009198223
0.010550490000000001
0.013300851999999998
0.013270097000000002
0.011849433999999999
0.013097458999999997
0.010794671
0.014729308
0.011574809
0.012350089
0.014750270000000001
0.012998671
0.011644502
0.010899011
0.013513123
0.014729292000000001
0.013752752000000002
0.012061648
0.00867149
0.012367831999999999
0.011286851
0.010144031
0.01056016
0.011215722999999999
0.011029328
0.012131652000000001
0.011513197
0.00955199
0.008698567999999999
0.011156219999999998
0.010272433000000001
0.012680288999999999
0.011782255
0.011998754
0.008062031
0.008580422
0.010277175999999999
0.011556734
0.011104597
0.010647002
0.011367735
0.011319400000000002
0.011331191999999999
0.008789133
0.012535344
0.012235236
0.010973043
0.010759274000000001
0.010392997000000001
0.009898551000000002
0.012332392
0.013527058
0.012407663
0.012345339999999996
0.012062864
0.011629963999999998
0.012518073000000001
0.011967002
0.010334307
0.012162665999999999
0.014593331000000001
0.011943488000000002
0.012109193000000002
0.011225922000000001
0.009337353999999999
0.009916134
0.014848624
0.012008479999999998
0.010706782
0.010395602
0.009973431999999999
0.012683748
0.013491848999999998
0.011127307999999999
0.011969438
0.011346107
0.01075412
0.009337446
0.01008392
0.010679709
0.009834226
0.013640063000000001
0.012003341999999998
0.010735931000000002
0.012134336999999999
0.012011765
0.014149701999999998
0.013098327
0.011153874
0.013070143
0.011151492999999998
0.011744256000000002
0.012763622
0.010787948999999998
0.008937082
0.015209874
0.010143540000000001
0.010698897
0.013713693
0.012195234000000003
0.009663169000000001
0.012621831999999998
0.013499130999999998
0.010354721
0.011401464999999998
0.013736180000000002
0.011027319999999998
0.010867896
0.009960515
0.008992505000000001
0.013277664999999998
0.011760894000000001
0.010320435
0.011332915000000002
0.010890127
0.009683698999999999
0.014610906
0.009124586000000002
0.013559912999999998
0.012032491000000001
0.008557358000000001
0.017055947000000002
0.010548734
0.01001482
0.011806383000000002
0.010699044
0.011926981
0.011223480000000001
0.011584403000000002
0.014663269999999997
0.012094199
0.010149165000000002
0.011529468000000001
0.009673772
0.013543535999999998
0.010936258
0.014637967999999998
0.014289342999999998
0.011267026999999999
0.009943828000000002
0.014013473999999998
0.012656622999999999
0.011662574
0.013285002
0.012807034
0.011575224
0.012089757999999999
0.009250271000000001
0.010877808999999999
0.010755553
0.008618918
0.011525507
0.012365881
0.012498419000000002
0.007166575000000001
0.009820754999999999
0.013405676
0.013358193999999997
0.010819216000000001
0.009849694
0.01023068
0.011873790000000002
0.012481897999999998
0.011265108
0.022290931
0.021120355000000004
0.015987142
0.017827258999999998
0.019928783999999998
0.015100843000000001
0.02457232
0.022329029000000004
0.01911509
0.020565260999999998
0.021498695999999994
0.016631866
0.023835340000000003
0.020428218000000005
0.025699977
0.020262273
0.020616701999999997
0.019169878
0.01938503
0.022314888999999997
0.023304595
0.020485030999999997
0.01894551
0.021790214000000002
0.020058536000000005
0.018678581
0.022761243
0.016042930000000004
0.012613964
0.021195911
0.019742308
0.019331807
0.023376054
0.023923581999999995
0.021516905000000003
0.022915785
0.019636522
0.019822222
0.021128058000000005
0.018057734000000002
0.024101338999999996
0.021202024999999996
0.019044799000000005
0.02132798
0.026041691999999998
0.019528498000000002
0.017719668
0.012388343
0.024294245
0.022117391
0.02631713
0.018791429000000002
0.021717095000000002
0.021554692
0.023812167000000006
0.021309739999999997
0.019883849999999998
0.015990687
0.024568009
0.024537959999999998
0.018081543
0.018968487
0.017454814000000003
0.018428538000000005
0.016931383
0.022021349
0.018849201
0.017334736
0.017555232
0.024303096
0.018024585
0.023998579000000003
0.015748742999999996
0.02209112
0.021117616999999995
0.019589333
0.017230139
0.017974390999999996
0.018067602999999998
0.017674695
0.025228023
0.021155552
0.019124749
0.020057015999999993
0.020221191999999995
0.020267999999999998
0.022293790000000004
0.021343743999999998
0.022617682
0.015981592000000003
0.018024323
0.018204729000000003
0.019111151
0.022300445
0.021778673999999998
0.016276103
0.020481564
0.021573057
0.017970663
0.020574917999999998
0.021041355
0.021963455
0.019157409000000004
0.022220359
0.021382907000000003
0.019587616000000006
0.021072689
0.020005456
0.022741105999999997
0.019136273000000002
0.022381522
0.01983826
0.015790814000000004
0.025174054999999997
0.017754331999999998
0.022886243000000004
0.021646522000000005
0.022136143999999996
0.016972076000000003
0.025435324000000002
0.017046421000000003
0.010897099
0.012177018999999999
0.011033843000000002
0.011168553
0.014255754999999998
0.014150993
0.012969399000000001
0.014082545
0.011262388
0.013051034999999999
0.009980596999999999
0.008467002
0.011953251
0.012797372
0.011897365
0.010166636999999997
0.011156875
0.013890101000000002
0.011034590999999998
0.012379333
0.012762315
0.011574724000000003
0.011719278000000003
0.011382901000000003
0.010574154999999998
0.010512790999999999
0.010175065
0.01165666
0.009355591
0.011919617
0.011397896999999999
0.010861332
0.010753025
0.011189655
0.012025129
0.009884788
0.010850667999999999
0.010581449000000001
0.009010826
0.012878330999999996
0.009467757
0.013338175999999998
0.011577769
0.015046424999999999
0.013740069000000002
0.010457396
0.012063996000000002
0.014714402000000001
0.009092511
0.010719359000000001
0.009775007
0.01094792
0.009897766999999998
0.011315462
0.009751651000000002
0.009504232999999999
0.013005834
0.011476035999999998
0.010791004
0.010202212
0.012014234
0.011562007000000001
0.012606357000000002
0.011774699000000001
0.0072923810000000006
0.010861006
0.009285816999999998
0.013135093
0.010224039
0.011515217
0.010318498
0.014324037000000003
0.011343782
0.009293209000000002
0.012116087
0.014643130000000002
0.013168447
0.016438799
0.014694220000000001
0.011772894999999998
0.010280329
0.011504495
0.009302649000000001
0.014772503999999999
0.012791442
0.008133632
0.012876735999999998
0.01145335
0.013721108
0.013159744000000001
0.012171610999999999
0.012609121
0.011058005999999999
0.011452532999999999
0.009629501
0.010943314999999999
0.013770417000000002
0.010604686
0.010768679000000001
0.008507786
0.010569012000000001
0.014788587
0.009749680999999998
0.009921712999999999
0.011797510999999998
0.012518380999999999
0.009276961
0.011430147
0.0139175
0.011574530000000001
0.011535687999999999
0.012589947000000002
0.011672676
0.011193670999999999
0.008837651
0.008926547000000002
0.009786158
0.012572596999999998
0.014372915
0.011981925999999999
0.013275243
0.009465244
0.009804437999999999
0.010336351999999998
0.011114803000000001
0.012807213
0.009845383999999999
0.009806975
0.009141081
0.009095487
0.014438705000000001
0.008504194000000001
0.012920441000000001
0.014732563000000002
0.014672904
0.009617947
0.006830755
0.010589733
0.011194166
0.016405232000000002
0.008893795999999999
0.010667195999999999
0.012940579999999998
0.011492959999999998
0.012099001
0.010695545999999998
0.011266804999999998
0.011245432000000001
0.014358475999999998
0.010072608
0.013112525000000002
0.013855004999999998
0.010786975000000002
0.01378149
0.010825719000000001
0.013068431000000004
0.013629915000000001
0.011583040000000001
0.010657095
0.012532109999999999
0.008900188
0.013310068
0.011249088
0.011416258000000002
0.013268236000000001
0.012529076
0.009133094
0.012792046
0.011070694999999998
0.011058408
0.008367580000000001
0.012494035
0.009004085
0.010302932
0.012139996
0.013193784000000002
0.012822857
0.010754933999999999
0.009175161
0.012127180999999997
0.010816007999999998
0.011161245999999998
0.008784909
0.009747616999999998
0.011881318
0.013176804000000002
0.01028026
0.0076798230000000006
0.012026644
0.014499363999999999
0.010967098000000002
0.008908434000000002
0.011180904000000002
0.010126293000000001
0.012652884000000001
0.016492833999999998
0.027236708999999998
0.012917507
0.012740802000000002
0.010269481
0.010375496000000003
0.010633139999999998
0.012880256
0.009709595000000001
0.011295092
0.011194928999999998
0.013099989999999997
0.009687142000000001
0.011184626
0.013760180999999998
0.013582254
0.00908561
0.012907611
0.014144308999999999
0.012057076
0.010725345
0.013420376
0.00932287
0.011785526999999999
0.010725812
0.011623656
0.011276317000000001
0.012169105999999999
0.01260161
0.011641536000000001
0.011041893
0.001017375
0.00036219800000000004
