0.000581819
0.000115131
0.000637373
0.000574857
0.000545074
0.002275363
0.002728134
0.003722101
0.002059862
0.002359569
0.002502114
0.002973467
0.002817422
0.003744006
0.002186120
0.003121138
0.002788544
0.003033400
0.003108084
0.002413809
0.002880216
0.003360391
0.002516985
0.002587914
0.003066540
0.002703786
0.003704786
0.002763271
0.003246427
0.002240419
0.003338456
0.002611160
0.002326012
0.002763748
0.003776550
0.002178192
0.003666759
0.002642274
0.003710389
0.002218604
0.002251625
0.002094507
0.002587438
0.002372980
0.002753019
0.002709508
0.002993345
0.002306581
0.002154231
0.002819538
0.003444672
0.003682613
0.002891779
0.002242804
0.003038645
0.002205133
0.003823042
0.002155542
0.003004313
0.002387047
0.003292084
0.003422499
0.003002405
0.002406597
0.002286673
0.003278494
0.002161026
0.002982140
0.002379179
0.003004313
0.002674341
0.002437115
0.002920389
0.002978563
0.002267122
0.002841711
0.003712654
0.003888607
0.002617121
0.002683163
0.002691507
0.002664089
0.002313852
0.002918959
0.002994776
0.002154350
0.002775908
0.003313780
0.003593922
0.002920866
0.002101421
0.003431797
0.003488541
0.003641844
0.002902508
0.002612591
0.002793550
0.002691031
0.002154827
0.002284527
0.002506018
0.003005028
0.002393246
0.003447056
0.002958059
0.003512383
0.003871679
0.002583504
0.002532005
0.002472878
0.002460003
0.002628326
0.003074169
0.002582073
0.002165794
0.002408981
0.002876282
0.002476692
0.002376556
0.002493382
0.002453327
0.002599716
0.002618313
0.003892899
0.002957344
0.002927780
0.002621651
0.002436638
0.002607822
0.002236843
0.002601624
0.002212524
0.002670765
0.002830505
0.002080441
0.003048420
0.002667427
0.002740860
0.002789974
0.003020287
0.002287388
0.002971172
0.002273560
0.002472878
0.002324581
0.003190994
0.003815174
0.002340317
0.002632618
0.003865719
0.002607822
0.002468109
0.002597332
0.003677845
0.002167225
0.003102779
0.002548695
0.003262997
0.002315998
0.002407551
0.002290726
0.003658772
0.002938747
0.002817631
0.002546787
0.003495216
0.002404690
0.002315044
0.002221584
0.003758907
0.003561020
0.002399445
0.002478600
0.002491474
0.002582073
0.003563404
0.003287315
0.003016949
0.002915382
0.002270699
0.002860069
0.002398491
0.003093243
0.003064156
0.002323627
0.002631187
0.002722740
0.002852440
0.003765583
0.002979755
0.003141403
0.002420425
0.002442360
0.002807617
0.003259659
0.002277374
0.003539085
0.003164291
0.002184868
0.003122330
0.002634048
0.002601624
0.002794266
0.003757477
0.002243042
0.002389908
0.003034592
0.003170967
0.003314018
0.003035545
0.003045082
0.003009796
0.002449989
0.003033638
0.002928734
0.002468109
0.002414703
0.003043175
0.003355026
0.003394127
0.002523422
0.002656937
0.003252983
0.002667427
0.002788544
0.002506256
0.002236366
0.002154350
0.002420425
0.002455711
0.002689362
0.002440453
0.002280235
0.003577232
0.002785683
0.003037453
0.002209663
0.002418518
0.002041817
0.003711700
0.003290176
0.003599167
0.002221107
0.002181053
0.002609253
0.002449989
0.002716064
0.002723694
0.003480911
0.002681732
0.002598763
0.003307343
0.003031731
0.002413750
0.003020287
0.003580093
0.002996445
0.002834320
0.002914429
0.002526283
0.003336906
0.002758026
0.002267838
0.003362656
0.002545357
0.002933502
0.003641129
0.003662109
0.003050804
0.002530098
0.002953529
0.002628326
0.002490997
0.002311707
0.002756119
0.002633095
0.003897667
0.003064156
0.002367973
0.002750397
0.002735138
0.002500534
0.002171516
0.002957344
0.002878189
0.003098488
0.003026009
0.002178192
0.002944946
0.002325058
0.002951622
0.002389908
0.002476692
0.003417969
0.002656937
0.003105164
0.003827095
0.003603935
0.002799988
0.002864838
0.002391815
0.002385139
0.002998352
0.002884865
0.002784729
0.002373695
0.003031731
0.003102303
0.003021240
0.002219200
0.002316475
0.002357483
0.002791405
0.002441406
0.003054619
0.003869057
0.003099442
0.002481461
0.003732681
0.002778053
0.002844810
0.002668381
0.003628731
0.003359795
0.002162933
0.003664970
0.002432823
0.003010750
0.002403259
0.003156662
0.002127647
0.002878189
0.002182007
0.003154755
0.002979279
0.002602577
0.002828598
0.002785683
0.002962112
0.002108574
0.002535820
0.002202034
0.002577782
0.002639771
0.002925873
0.003759384
0.002817154
0.002304077
0.003678322
0.002391815
0.003656387
0.003927231
0.003040314
0.002384186
0.002122879
0.003690720
0.002819061
0.002449989
0.003117561
0.002711296
0.002264023
0.002357483
0.002842903
0.003561020
0.003785133
0.003777504
0.002356529
0.003200531
0.002902985
0.002967834
0.002157211
0.002952576
0.002230644
0.003779411
0.003000259
0.002570152
0.003901482
0.002223969
0.002696991
0.002572060
0.002619743
0.002911568
0.002153397
0.002744675
0.002784729
0.002779007
0.002912521
0.003004074
0.002861023
0.002517700
0.002922058
0.002828598
0.002510071
0.002515793
0.003826141
0.003368378
0.003454208
0.002222061
0.002193451
0.002168655
0.003095627
0.002676010
0.002996445
0.002193451
0.003694534
0.002616882
0.003667831
0.003623962
0.002433777
0.002634048
0.002763748
0.003578186
0.002832413
0.002182007
0.003065109
0.003280640
0.002471924
0.002874374
0.003583908
0.003719330
0.002779007
0.002471924
0.002487183
0.002386093
0.002790451
0.002283096
0.002847672
0.003553391
0.002681732
0.003395081
0.002988815
0.003660202
0.003150940
0.003072739
0.003095627
0.003227234
0.002883911
0.003261566
0.002202988
0.003803253
0.002347946
0.003377914
0.002851486
0.002128601
0.002601624
0.002721786
0.002653122
0.002502441
0.002838135
0.003273010
0.002536774
0.003519058
0.002248764
0.003189087
0.002658844
0.002798080
0.003379822
0.003427505
0.002756119
0.003080368
0.002752304
0.003011703
0.003091812
0.002126694
0.002662659
0.002920151
0.002843857
0.003505707
0.002199173
0.002897263
0.003944397
0.002523422
0.002595901
0.002773285
0.002849579
0.003292084
0.002937317
0.002382278
0.002479553
0.002443314
0.002414703
0.002317429
0.002809525
0.002389908
0.002593994
0.002185822
0.002332687
0.003793716
0.002222061
0.002384186
0.002998352
0.002529144
0.002325058
0.003852844
0.002820969
0.002618790
0.002084732
0.002521515
0.002975464
0.003347397
0.003101349
0.003017426
0.002244949
0.002714157
0.002595901
0.002151489
0.002876282
0.002386093
0.002845764
0.002687454
0.002918243
0.002567291
0.003087997
0.002197266
0.002893448
0.003723145
0.003505707
0.002319336
0.003637314
0.002225876
0.002336502
0.003002167
0.002157211
0.003435135
0.002557755
0.002614975
0.002483368
0.002359390
0.003082275
0.002170563
0.003873825
0.002712250
0.003049850
0.002717972
0.002479553
0.002401352
0.002611160
0.003688812
0.002794266
0.003801346
0.003168106
0.002342224
0.002264023
0.002817154
0.002855301
0.002290726
0.003252029
0.002054214
0.002830505
0.003244400
0.003255844
0.003625870
0.002611160
0.002614975
0.002443314
0.002208710
0.003023148
0.003192902
0.003259659
0.002996445
0.002193451
0.002332687
0.002983093
0.002359390
0.002912521
0.002315521
0.003091812
0.003957748
0.003408432
0.002796173
0.002735138
0.002538681
0.002218246
0.002229691
0.002618790
0.002489090
0.002231598
0.002529144
0.002971649
0.002374649
0.003469467
0.002403259
0.002750397
0.002246857
0.002845764
0.003257751
0.002569199
0.003543854
0.002895355
0.002773285
0.002191544
0.002325058
0.003080368
0.002265930
0.003564835
0.002563477
0.002635956
0.002540588
0.003803253
0.002765656
0.002668381
0.003622055
0.002548218
0.002191544
0.003171921
0.002248764
0.002305984
0.003019333
0.002458572
0.002223969
0.003826141
0.002439499
0.003488541
0.002082825
0.002954483
0.002696991
0.003812790
0.002140045
0.003850937
0.003244400
0.002649307
0.003051758
0.002435684
0.003038406
0.003423691
0.002910614
0.002998352
0.002182007
0.002876282
0.002695084
0.002912521
0.002252579
0.002973557
0.002140045
0.003904343
0.002666473
0.003414154
0.003004074
0.002582550
0.002794266
0.003032684
0.002584457
0.002456665
0.003025055
0.002265930
0.002073288
0.003902435
0.003915787
0.002941132
0.002420425
0.003808975
0.003908157
0.002641678
0.002725601
0.002416611
0.002294540
0.002286911
0.003240585
0.002378464
0.003509521
0.002073288
0.003198624
0.002658844
0.002470016
0.003860474
0.002784729
0.002794266
0.002185822
0.003002167
0.003149033
0.003185272
0.002260208
0.002796173
0.002525330
0.002250671
0.002201080
0.002201080
0.003303528
0.003412247
0.003364563
0.002914429
0.002914429
0.002784729
0.003293991
0.002372742
0.002632141
0.002687454
0.003038406
0.002244949
0.002189636
0.002447128
0.002155304
0.002939224
0.002717972
0.003612518
0.002763748
0.003009796
0.002717972
0.003007889
0.003063202
0.002374649
0.002393723
0.002664566
0.003108978
0.002273560
0.002952576
0.002136230
0.002920151
0.002391815
0.003543854
0.002290726
0.003026962
0.002847672
0.002668381
0.002780914
0.003112793
0.002164841
0.002502441
0.002475739
0.002901077
0.003711700
0.002946854
0.002832413
0.002901077
0.003351212
0.003040314
0.003034592
0.002275467
0.003606796
0.003698349
0.002462387
0.002502441
0.003002167
0.002738953
0.002809525
0.002428055
0.002706528
0.003812790
0.002342224
0.002973557
0.003684998
0.003034592
0.003055573
0.003452301
0.002109528
0.002309799
0.002824783
0.002811432
0.002641678
0.002552032
0.002580643
0.002811432
0.002889633
0.002645493
0.003946304
0.002258301
0.002950668
0.002157211
0.002380371
0.002346039
0.002574921
0.003097534
0.002502441
0.002708435
0.002395630
0.002918243
0.003005981
0.002334595
0.002418518
0.003826141
0.003112793
0.002952576
0.002227783
0.002792358
0.002719879
0.002723694
0.003082275
0.002361298
0.002376556
0.003810883
0.002441406
0.002784729
0.002994537
0.002449036
0.003017426
0.002593994
0.002079010
0.003082275
0.003051758
0.003536224
0.002994537
0.002532959
0.002738953
0.002586365
0.003520966
0.002864838
0.002864838
0.003074646
0.003402710
0.003662109
0.003498077
0.002807617
0.003730774
0.002948761
0.003036499
0.002494812
0.003177643
0.002910614
0.002574921
0.002429962
0.002296448
0.003009796
0.003170013
0.003158569
0.002449036
0.002304077
0.002212524
0.003047943
0.002391815
0.002670288
0.002727509
0.003723145
0.002944946
0.002174377
0.002689362
0.003021240
0.002262115
0.003936768
0.002307892
0.002841949
0.002674103
0.003505707
0.002681732
0.003082275
0.003875732
0.002246857
0.002365112
0.003036499
0.003322601
0.003559113
0.002258301
0.002708435
0.002933502
0.002540588
0.002197266
0.002273560
0.003051758
0.003524780
0.002700806
0.002151489
0.002845764
0.003776550
0.002380371
0.003898621
0.002727509
0.002460480
0.002574921
0.002185822
0.002475739
0.002777100
0.002700806
0.003124237
0.002326965
0.003063202
0.002937317
0.002742767
0.002574921
0.002506256
0.002975464
0.002662659
0.003612518
0.002498627
0.002269745
0.003883362
0.002983093
0.003017426
0.002868652
0.003158569
0.002964020
0.003044128
0.002727509
0.002132416
0.003410339
0.002182007
0.002761841
0.003807068
0.003108978
0.003063202
0.003231049
0.003238678
0.003055573
0.002101898
0.002304077
0.002857208
0.002456665
0.002956390
0.002555847
0.002605438
0.002693176
0.003147125
0.003120422
0.003501892
0.002990723
0.003814697
0.003791809
0.003105164
0.002407074
0.002857208
0.002418518
0.002956390
0.002193451
0.002902985
0.002449036
0.003627777
0.003116608
0.003314972
0.002365112
0.002471924
0.002143860
0.003555298
0.002201080
0.002899170
0.002895355
0.003505707
0.003742218
0.002891541
0.002490997
0.002872467
0.002796173
0.002750397
0.003765106
0.003067017
0.002449036
0.003379822
0.003002167
0.003837585
0.002639771
0.003345490
0.002883911
0.002849579
0.002937317
0.002223969
0.002841949
0.002212524
0.002243042
0.002983093
0.003253937
0.002399445
0.003704071
0.002273560
0.002742767
0.003215790
0.003887177
0.002151489
0.002704620
0.003585815
0.003040314
0.003711700
0.003795624
0.002193451
0.003906250
0.002365112
0.002281189
0.002189636
0.002475739
0.003681183
0.002990723
0.003547668
0.002758026
0.002662659
0.002819061
0.002826691
0.002819061
0.002861023
0.003387451
0.003395081
0.003009796
0.002967834
0.003158569
0.002326965
0.002658844
0.002586365
0.002483368
0.002628326
0.002792358
0.002307892
0.002265930
0.003932953
0.002727509
0.002086639
0.002372742
0.003028870
0.002243042
0.002616882
0.003547668
0.002815247
0.002761841
0.002235413
0.003059387
0.002300262
0.003623962
0.002616882
0.002811432
0.002914429
0.003078461
0.002262115
0.002380371
0.002452850
0.003326416
0.003269196
0.003135681
0.002754211
0.002857208
0.003025055
0.002460480
0.002391815
0.002452850
0.002208710
0.003440857
0.002117157
0.003223419
0.002563477
0.003105164
0.002849579
0.003021240
0.002162933
0.003520966
0.002605438
0.002365112
0.003582001
0.003643036
0.002864838
0.002311707
0.002285004
0.002906799
0.003330231
0.002353668
0.002132416
0.003204346
0.003009796
0.003284454
0.002216339
0.002246857
0.003494263
0.002666473
0.002483368
0.002933502
0.003009796
0.002983093
0.002166748
0.002197266
0.003211975
0.002151489
0.002471924
0.003063202
0.002174377
0.002822876
0.003044128
0.002593994
0.003696442
0.002643585
0.002368927
0.002155304
0.002883911
0.002643585
0.002117157
0.002784729
0.002704620
0.002887726
0.002311707
0.002445221
0.002506256
0.003005981
0.002117157
0.002418518
0.002330780
0.002815247
0.002765656
0.003086090
0.003345490
0.002220154
0.003540039
0.003822327
0.002769470
0.002979279
0.002883911
0.002330780
0.002803802
0.003810883
0.002975464
0.002338409
0.002185822
0.002162933
0.002674103
0.002201080
0.002262115
0.003059387
0.003128052
0.002311707
0.002162933
0.002346039
0.003074646
0.003101349
0.002483368
0.002410889
0.002964020
0.002578735
0.002449036
0.002071381
0.003768921
0.003707886
0.002811432
0.003982544
0.003242493
0.002983093
0.003047943
0.003227234
0.002452850
0.003112793
0.002986908
0.002506256
0.002784729
0.002712250
0.002296448
0.002670288
0.003112793
0.003177643
0.003486633
0.002670288
0.003772736
0.002120972
0.002559662
0.003654480
0.002475739
0.003410339
0.002826691
0.002071381
0.003749847
0.003082275
0.003574371
0.003017426
0.002559662
0.002483368
0.002395630
0.002159119
0.002685547
0.003620148
0.002227783
0.003776550
0.002513885
0.002693176
0.003921509
0.002880096
0.003646851
0.002796173
0.002593994
0.002700806
0.002841949
0.002429962
0.002338409
0.002567291
0.002395630
0.003036499
0.002460480
0.003513336
0.003421783
0.002532959
0.003009796
0.002632141
0.002647400
0.003116608
0.003723145
0.002887726
0.003135681
0.002288818
0.003055573
0.003070831
0.002685547
0.002544403
0.002365112
0.003353119
0.002819061
0.002681732
0.003005981
0.002651215
0.003913879
0.002433777
0.002960205
0.002559662
0.002456665
0.003673553
0.002574921
0.003684998
0.002475739
0.002803802
0.002449036
0.002906799
0.002483368
0.002372742
0.002326965
0.002792358
0.002864838
0.003734589
0.002994537
0.002307892
0.002830505
0.002140045
0.002994537
0.002441406
0.002243042
0.003002167
0.002742767
0.003101349
0.003089905
0.003410339
0.003646851
0.003948212
0.002365112
0.003101349
0.003143311
0.003025055
0.002456665
0.002994537
0.002597809
0.002395630
0.002262115
0.003082275
0.003086090
0.003475189
0.002193451
0.003612518
0.002159119
0.003078461
0.002494812
0.003162384
0.002780914
0.002918243
0.002521515
0.002933502
0.003288269
0.003116608
0.002315521
0.002696991
0.002552032
0.003341675
0.003776550
0.002216339
0.002155304
0.003036499
0.002140045
0.002712250
0.002128601
0.002120972
0.003925323
0.003437042
0.003402710
0.003112793
0.002414703
0.002265930
0.002799988
0.003608704
0.002323151
0.002826691
0.003669739
0.002704620
0.002792358
0.002140045
0.002388000
0.002246857
0.002632141
0.002971649
0.002590179
0.002395630
0.002735138
0.002960205
0.002979279
0.003292084
0.002986908
0.002712250
0.003887177
0.002605438
0.002357483
0.002346039
0.003150940
0.002231598
0.003055573
0.003639221
0.002841949
0.002151489
0.002822876
0.003002167
0.002426147
0.002246857
0.002910614
0.003231049
0.002265930
0.002277374
0.002922058
0.002952576
0.002788544
0.003776550
0.002616882
0.003486633
0.003562927
0.002986908
0.002891541
0.003604889
0.002353668
0.003074646
0.002258301
0.002685547
0.002204895
0.003448486
0.002685547
0.003150940
0.003643036
0.002128601
0.002964020
0.002220154
0.003089905
0.003337860
0.002498627
0.002189636
0.002464294
0.003536224
0.002441406
0.002307892
0.002159119
0.003005981
0.003105164
0.002819061
0.003967285
0.002826691
0.003829956
0.002204895
0.003238678
0.002540588
0.003017426
0.003654480
0.003349304
0.002201080
0.002590179
0.002292633
0.002643585
0.003150940
0.002677917
0.002567291
0.002201080
0.003719330
0.002651215
0.002182007
0.002811432
0.003765106
0.003799438
0.002891541
0.002132416
0.003028870
0.002918243
0.003612518
0.003902435
0.003089905
0.003879547
0.002868652
0.002212524
0.003051758
0.002845764
0.003425598
0.003017426
0.002384186
0.002780914
0.002746582
0.002635956
0.003421783
0.002140045
0.002964020
0.003799438
0.002201080
0.002506256
0.003589630
0.003120422
0.002609253
0.002864838
0.002876282
0.003631592
0.002990723
0.002300262
0.002422333
0.002582550
0.002361298
0.003070831
0.002948761
0.002376556
0.003131866
0.003894806
0.002944946
0.002983093
0.002338409
0.002357483
0.003677368
0.002525330
0.002922058
0.002342224
0.002273560
0.003414154
0.002826691
0.002128601
0.002975464
0.002372742
0.002841949
0.002532959
0.002983093
0.003307343
0.002601624
0.002445221
0.003688812
0.003181458
0.002494812
0.002346039
0.002189636
0.002586365
0.002788544
0.003257751
0.002693176
0.002246857
0.002429962
0.002120972
0.002658844
0.002754211
0.003517151
0.002490997
0.002902985
0.002258301
0.002368927
0.002429962
0.003326416
0.002628326
0.003665924
0.002696991
0.002307892
0.002681732
0.002986908
0.003459930
0.002944946
0.003105164
0.003108978
0.002182007
0.002643585
0.003330231
0.002777100
0.003536224
0.003715515
0.002441406
0.002441406
0.002674103
0.002090454
0.003662109
0.002460480
0.002113342
0.002735138
0.003868103
0.002941132
0.002265930
0.002658844
0.003032684
0.002967834
0.002216339
0.003005981
0.003074646
0.002605438
0.002853394
0.003242493
0.003887177
0.002864838
0.003498077
0.003234863
0.002468109
0.002826691
0.002483368
0.002208710
0.002357483
0.002059937
0.003253937
0.002620697
0.003913879
0.003311157
0.003654480
0.002578735
0.003707886
0.003917694
0.002601624
0.002891541
0.002140045
0.002307892
0.003673553
0.003124237
0.003055573
0.002063751
0.002132416
0.002887726
0.002292633
0.002105713
0.002849579
0.002983093
0.002227783
0.003826141
0.002868652
0.002079010
0.003570557
0.003036499
0.002552032
0.002853394
0.002883911
0.002746582
0.002696991
0.002975464
0.002143860
0.002159119
0.002220154
0.002235413
0.002624512
0.002586365
0.002464294
0.002288818
0.003051758
0.002166748
0.002899170
0.002388000
0.002243042
0.003684998
0.002761841
0.003067017
0.002601624
0.002510071
0.002189636
0.003326416
0.002906799
0.002311707
0.002441406
0.003845215
0.002807617
0.002677917
0.002777100
0.003822327
0.002212524
0.003730774
0.002197266
0.002967834
0.003082275
0.002746582
0.002105713
0.003051758
0.002388000
0.002929688
0.002815247
0.002899170
0.002731323
0.002983093
0.003829956
0.002952576
0.002738953
0.003845215
0.002517700
0.003074646
0.002494812
0.002243042
0.002891541
0.003112793
0.002380371
0.003021240
0.003044128
0.002815247
0.002906799
0.002685547
0.002166748
0.002319336
0.003082275
0.003570557
0.002876282
0.002357483
0.002990723
0.002365112
0.003547668
0.002449036
0.003356934
0.002845764
0.002685547
0.002853394
0.003616333
0.002738953
0.002639771
0.002204895
0.002944946
0.002388000
0.002273560
0.002998352
0.002647400
0.003585815
0.002410889
0.002479553
0.003257751
0.002365112
0.003952026
0.002395630
0.002693176
0.003807068
0.003204346
0.003051758
0.002868652
0.003112793
0.003944397
0.002632141
0.003074646
0.002929688
0.002281189
0.002159119
0.003082275
0.002616882
0.002960205
0.002143860
0.002693176
0.002182007
0.002128601
0.002067566
0.002792358
0.002418518
0.003059387
0.002769470
0.003471375
0.002273560
0.002861023
0.002883911
0.002868652
0.002967834
0.002365112
0.003173828
0.003082275
0.002960205
0.002319336
0.003288269
0.002487183
0.002906799
0.002937317
0.002250671
0.002250671
0.002944946
0.003295898
0.003265381
0.002731323
0.002983093
0.002700806
0.003890991
0.003318787
0.002868652
0.003097534
0.003723145
0.002708435
0.002716064
0.003608704
0.002868652
0.002693176
0.003334045
0.003074646
0.002120972
0.002540588
0.002326965
0.003082275
0.003456116
0.002372742
0.003082275
0.002799988
0.002853394
0.002723694
0.002136230
0.002250671
0.002540588
0.002983093
0.002929688
0.002220154
0.002861023
0.002655029
0.003890991
0.003128052
0.002899170
0.003501892
0.002883911
0.002769470
0.003059387
0.002761841
0.002273560
0.003936768
0.002761841
0.002311707
0.003105164
0.002952576
0.002960205
0.002967834
0.003112793
0.003074646
0.002418518
0.002906799
0.002647400
0.002952576
0.002464294
0.002708435
0.003128052
0.002716064
0.003356934
0.002449036
0.003791809
0.003654480
0.002967834
0.002288818
0.003028870
0.002365112
0.002143860
0.003410339
0.002372742
0.002212524
0.002197266
0.002532959
0.002944946
0.003089905
0.002571106
0.003593445
0.003265381
0.002830505
0.002944946
0.002395630
0.002967834
0.002655029
0.002990723
0.003463745
0.002479553
0.002143860
0.003028870
0.003585815
0.002082825
0.003059387
0.002838135
0.002136230
0.003005981
0.002998352
0.002426147
0.002243042
0.002525330
0.003112793
0.002311707
0.003776550
0.002151489
0.002563477
0.002952576
0.003395081
0.002487183
0.002143860
0.002052307
0.002792358
0.002983093
0.002853394
0.003395081
0.003593445
0.002105713
0.002876282
0.002258301
0.003082275
0.003753662
0.003654480
0.002464294
0.002944946
0.002304077
0.003517151
0.003326416
0.002830505
0.003997803
0.002502441
0.002410889
0.002716064
0.002952576
0.002990723
0.003784180
0.002395630
0.002235413
0.002388000
0.002639771
0.002128601
0.003738403
0.002883911
0.002243042
0.002677917
0.002403259
0.002159119
0.003356934
0.003616333
0.002761841
0.002998352
0.002502441
0.002624512
0.003005981
0.002922058
0.003799438
0.002731323
0.002342224
0.002510071
0.003479004
0.002700806
0.002845764
0.002189636
0.003150940
0.002281189
0.003990173
0.002861023
0.002593994
0.003074646
0.003334045
0.002937317
0.002159119
0.002761841
0.003540039
0.003753662
0.002784729
0.003280640
0.002807617
0.003044128
0.002311707
0.002487183
0.002891541
0.002662659
0.002525330
0.003608704
0.002708435
0.003128052
0.002876282
0.003814697
0.002853394
0.002517700
0.002517700
0.002861023
0.002372742
0.002731323
0.003158569
0.002403259
0.002632141
0.002952576
0.002677917
0.002189636
0.003028870
0.002265930
0.003311157
0.002159119
0.002815247
0.002853394
0.002296448
0.003051758
0.002296448
0.002304077
0.002319336
0.003852844
0.002311707
0.003028870
0.003456116
0.002777100
0.002754211
0.002922058
0.003013611
0.002731323
0.002395630
0.002609253
0.003234863
0.002319336
0.002548218
0.002456665
0.002159119
0.003105164
0.002922058
0.003898621
0.003623962
0.003814697
0.002342224
0.003974915
0.002449036
0.002746582
0.002502441
0.002502441
0.002197266
0.003417969
0.003128052
0.003479004
0.003898621
0.003135681
0.003395081
0.002189636
0.002235413
0.003639221
0.002220154
0.002235413
0.002708435
0.002990723
0.002677917
0.002784729
0.002479553
0.003334045
0.002601624
0.003089905
0.002830505
0.002220154
0.002510071
0.002517700
0.003036499
0.002334595
0.002479553
0.002288818
0.002555847
0.002532959
0.002639771
0.002265930
0.002197266
0.002914429
0.002189636
0.002601624
0.003128052
0.002975464
0.002296448
0.002861023
0.003486633
0.003196716
0.002349854
0.003196716
0.003692627
0.002593994
0.002632141
0.002670288
0.002937317
0.002677917
0.002983093
0.002441406
0.002449036
0.003036499
0.002471924
0.003883362
0.002914429
0.002708435
0.002395630
0.002960205
0.002464294
0.002700806
0.002494812
0.002624512
0.003471375
0.002090454
0.003135681
0.002609253
0.003814697
0.003028870
0.002471924
0.003051758
0.003273010
0.003532410
0.003944397
0.003540039
0.002281189
0.002433777
0.002761841
0.002197266
0.003822327
0.003402710
0.002380371
0.002525330
0.002555847
0.003974915
0.002792358
0.002288818
0.003410339
0.002693176
0.002929688
0.002502441
0.002586365
0.002975464
0.002685547
0.003852844
0.003059387
0.003684998
0.003456116
0.002471924
0.002471924
0.003112793
0.002708435
0.002914429
0.003456116
0.003120422
0.002891541
0.002319336
0.002395630
0.003089905
0.002586365
0.002113342
0.002311707
0.002082825
0.003120422
0.003273010
0.002647400
0.003433228
0.002883911
0.002914429
0.002464294
0.002540588
0.002861023
0.002510071
0.002189636
0.002227783
0.002319336
0.003585815
0.002326965
0.003089905
0.003082275
0.003845215
0.002182007
0.002136230
0.002601624
0.002944946
0.004013062
0.002197266
0.002189636
0.003028870
0.002418518
0.002281189
0.002746582
0.002113342
0.002342224
0.003807068
0.002334595
0.003105164
0.003753662
0.002227783
0.003639221
0.002624512
0.002952576
0.003112793
0.002105713
0.002441406
0.002769470
0.002143860
0.003845215
0.002265930
0.002502441
0.002677917
0.002883911
0.002410889
0.003028870
0.003250122
0.002952576
0.002990723
0.002227783
0.002593994
0.002845764
0.002967834
0.003059387
0.002891541
0.003044128
0.002479553
0.003150940
0.002746582
0.002616882
0.002670288
0.002845764
0.002777100
0.002662659
0.002883911
0.002670288
0.002632141
0.003700256
0.002334595
0.002372742
0.002265930
0.003051758
0.002944946
0.003982544
0.003997803
0.003234863
0.003082275
0.002807617
0.002159119
0.002243042
0.002845764
0.002250671
0.002677917
0.002540588
0.003952026
0.002388000
0.002952576
0.003372192
0.003395081
0.002571106
0.003295898
0.003181458
0.002601624
0.003082275
0.003242493
0.002990723
0.003120422
0.002212524
0.002502441
0.002258301
0.002166748
0.003105164
0.002380371
0.002487183
0.000549316
0.000000000
