0.000021795
0.000022507
0.000255861
0.000074880
0.000018347
0.002756715
0.002818342
0.002814285
0.002820767
0.002788648
0.002826519
0.002756059
0.002803162
0.002859876
0.002767369
0.002819881
0.002833515
0.002819568
0.002876669
0.002867401
0.002784759
0.002876371
0.002773285
0.002910346
0.002743781
0.002809733
0.002788037
0.002787113
0.002768785
0.002853036
0.002768576
0.002841294
0.002824545
0.002797663
0.002833068
0.002776384
0.002804041
0.002797306
0.002795815
0.002806485
0.002851605
0.002808332
0.002848744
0.002775073
0.002818823
0.002841413
0.002783597
0.002795815
0.002846658
0.002806723
0.002799869
0.002841294
0.002767622
0.002762556
0.002819657
0.002830923
0.002802730
0.002828836
0.002824783
0.002810001
0.002854109
0.002910256
0.002853513
0.002785325
0.002810240
0.002849102
0.002822995
0.002808928
0.002810240
0.002830744
0.002845287
0.002907276
0.002772689
0.002748132
0.002897143
0.002786279
0.002783895
0.002864957
0.002771139
0.002807021
0.002780914
0.002851367
0.002784967
0.002864838
0.002897978
0.002833247
0.002781749
0.002843618
0.002816677
0.002826691
0.002770543
0.002744436
0.002792001
0.002922535
0.002923131
0.002820134
0.002767324
0.002857447
0.002776980
0.002852321
0.002819538
0.002912283
0.002825618
0.002771139
0.002811432
0.002847075
0.002807617
0.002777338
0.002862215
0.002843142
0.002862215
0.002860308
0.002814293
0.002840996
0.002776146
0.002827406
0.002800941
0.002790451
0.002794504
0.002805948
0.002772093
0.002854109
0.002826691
0.002826929
0.002813816
0.002876520
0.002791882
0.002831936
0.002815008
0.002776861
0.002830744
0.002820730
0.002853632
0.002885342
0.002812624
0.002811670
0.002772570
0.002804995
0.002880335
0.002799273
0.002855539
0.002829552
0.002844572
0.002807617
0.002880096
0.002781630
0.002862930
0.002831697
0.002870560
0.002846003
0.002820253
0.002827168
0.002782822
0.002764702
0.002807140
0.002839327
0.002770424
0.002787352
0.002799034
0.002837420
0.002837896
0.002865076
0.002766132
0.002837181
0.002827883
0.002836466
0.002737761
0.002821207
0.002811193
0.002773046
0.002786160
0.002807379
0.002811432
0.002761841
0.002773762
0.002842426
0.002830029
0.002859831
0.002780676
0.002849817
0.002868652
0.002859592
0.002846479
0.002821207
0.002868176
0.002779484
0.002821207
0.002810240
0.002876520
0.002822876
0.002822161
0.002824306
0.002822876
0.002827883
0.002836943
0.002794266
0.002790928
0.002828360
0.002792358
0.002797365
0.002797842
0.002806902
0.002799273
0.002892971
0.002869606
0.002804995
0.002824306
0.002828121
0.002809048
0.002839565
0.002810478
0.002835751
0.002872467
0.002811432
0.002848148
0.002768993
0.002828121
0.002856255
0.002802372
0.002812862
0.002831459
0.002815247
0.002840996
0.002848625
0.002825737
0.002903461
0.002893925
0.002815723
0.002870083
0.002807617
0.002748489
0.002832413
0.002795219
0.002829552
0.002824306
0.002816200
0.002834797
0.002812862
0.002818584
0.002789021
0.002813816
0.002852440
0.002870083
0.002913952
0.002840996
0.002806664
0.002774715
0.002802849
0.002814770
0.002846718
0.002787113
0.002908707
0.002773285
0.002763271
0.002829075
0.002813816
0.002787113
0.002809048
0.002852917
0.002787590
0.002758980
0.002843857
0.002810001
0.002810478
0.002897739
0.002774239
0.002838135
0.002820969
0.002820492
0.002830982
0.002893448
0.002851486
0.002825737
0.002791882
0.002845764
0.002895355
0.002847672
0.002815247
0.002804279
0.002827644
0.002810955
0.002803802
0.002765656
0.002773762
0.002881050
0.002802849
0.002838612
0.002796650
0.002885818
0.002842426
0.002836704
0.002854347
0.002842426
0.002828121
0.002876759
0.002840042
0.002751350
0.002855301
0.002855778
0.002825737
0.002766609
0.002823353
0.002774715
0.002802372
0.002822399
0.002875328
0.002860546
0.002777576
0.002804756
0.002792835
0.002795696
0.002800941
0.002818584
0.002847195
0.002824306
0.002801418
0.002868652
0.002858639
0.002820969
0.002737999
0.002831936
0.002828121
0.002801418
0.002829075
0.002810478
0.002783775
0.002744675
0.002862453
0.002792358
0.002844810
0.002791405
0.002833843
0.002784729
0.002783775
0.002834797
0.002826691
0.002800941
0.002772331
0.002739429
0.002901554
0.002792358
0.002871037
0.002853394
0.002762318
0.002772331
0.002768040
0.002824783
0.002799988
0.002865314
0.002836704
0.002779961
0.002788544
0.002752304
0.002810478
0.002836227
0.002841473
0.002799988
0.002850056
0.002849579
0.002824783
0.002801895
0.002797604
0.002878189
0.002829075
0.002829075
0.002827644
0.002869129
0.002829075
0.002763748
0.002873421
0.002780437
0.002789497
0.002830982
0.002893448
0.002834797
0.002830982
0.002813816
0.002778530
0.002791405
0.002830029
0.002797127
0.002807617
0.002848625
0.002840996
0.002871990
0.002778053
0.002792835
0.002788544
0.002816200
0.002873898
0.002861977
0.002761364
0.002789974
0.002775192
0.002875328
0.002799988
0.002865791
0.002813816
0.002784729
0.002815723
0.002838135
0.002809048
0.002760887
0.002828121
0.002798557
0.002830505
0.002758980
0.002731323
0.002803802
0.002825737
0.002794266
0.002834320
0.002840996
0.002752304
0.002823830
0.002778053
0.002794266
0.002839088
0.002806664
0.002808571
0.002823830
0.002813339
0.002820969
0.002880096
0.002785683
0.002782822
0.002820015
0.002788544
0.002795219
0.002899170
0.002872467
0.002749443
0.002830505
0.002812386
0.002779007
0.002820969
0.002814293
0.002831459
0.002820969
0.002853394
0.002794266
0.002890587
0.002861977
0.002806664
0.002854347
0.002900124
0.002744675
0.002823830
0.002808571
0.002813339
0.002830505
0.002795219
0.002893448
0.002843857
0.002800941
0.002879143
0.002843857
0.002766609
0.002738953
0.002776146
0.002842903
0.002777100
0.002790451
0.002833366
0.002796173
0.002784729
0.002836227
0.002809525
0.002787590
0.002839088
0.002786636
0.002825737
0.002811432
0.002784729
0.002820015
0.002809525
0.002783775
0.002878189
0.002841949
0.002846718
0.002854347
0.002835274
0.002851486
0.002875328
0.002865791
0.002779961
0.002753258
0.002789497
0.002807617
0.002783775
0.002820969
0.002800941
0.002834320
0.002781868
0.002862930
0.002791405
0.002781868
0.002905846
0.002823830
0.002807617
0.002775192
0.002778053
0.002814293
0.002830505
0.002835274
0.002760887
0.002809525
0.002809525
0.002807617
0.002811432
0.002820969
0.002847672
0.002846718
0.002785683
0.002855301
0.002801895
0.002788544
0.002797127
0.002811432
0.002921104
0.002794266
0.002829552
0.002813339
0.002907753
0.002819061
0.002915382
0.002815247
0.002779961
0.002861977
0.002791405
0.002823830
0.002827644
0.002857208
0.002820969
0.002772331
0.002781868
0.002756119
0.002778053
0.002760887
0.002824783
0.002814293
0.002849579
0.002852440
0.002831459
0.002773285
0.002816200
0.002855301
0.002828598
0.002843857
0.002816200
0.002769470
0.002809525
0.002815247
0.002799034
0.002820015
0.002805710
0.002906799
0.002839088
0.002794266
0.002780914
0.002822876
0.002835274
0.002844810
0.002795219
0.002816200
0.002802849
0.002804756
0.002798080
0.002773285
0.002837181
0.002804756
0.002773285
0.002758980
0.002799988
0.002822876
0.002789497
0.002797127
0.002801895
0.002833366
0.002811432
0.002825737
0.002839088
0.002796173
0.002807617
0.002780914
0.002827644
0.002823830
0.002893448
0.002801895
0.002859116
0.002872467
0.002833366
0.002834320
0.002847672
0.002832413
0.002765656
0.002757072
0.002791405
0.002825737
0.002869606
0.002799988
0.002793312
0.002820015
0.002841949
0.002818108
0.002808571
0.002850533
0.002872467
0.002824783
0.002782822
0.002857208
0.002808571
0.002824783
0.002813339
0.002774239
0.002782822
0.002794266
0.002801895
0.002888680
0.002805710
0.002830505
0.002790451
0.002847672
0.002816200
0.002778053
0.002906799
0.002779961
0.002870560
0.002758980
0.002864838
0.002748489
0.002854347
0.002861977
0.002799988
0.002808571
0.002820015
0.002795219
0.002815247
0.002855301
0.002822876
0.002845764
0.002872467
0.002847672
0.002869606
0.002841949
0.002798080
0.002827644
0.002810478
0.002786636
0.002783775
0.002904892
0.002765656
0.002830505
0.002887726
0.002842903
0.002865791
0.002775192
0.002747536
0.002777100
0.002842903
0.002813339
0.002861977
0.002774239
0.002781868
0.002884865
0.002825737
0.002821922
0.002778053
0.002828598
0.002841949
0.002746582
0.002817154
0.002917290
0.002772331
0.002865791
0.002843857
0.002779961
0.002873421
0.002753258
0.002765656
0.002765656
0.002799034
0.002874374
0.002826691
0.002816200
0.002775192
0.002847672
0.002813339
0.002815247
0.002796173
0.002845764
0.002787590
0.002822876
0.002865791
0.002806664
0.002803802
0.002903938
0.002768517
0.002857208
0.002865791
0.002823830
0.002852440
0.002781868
0.002831459
0.002800941
0.002795219
0.002820969
0.002793312
0.002788544
0.002862930
0.002806664
0.002820015
0.002789497
0.002852440
0.002829552
0.002863884
0.002874374
0.002743721
0.002819061
0.002810478
0.002806664
0.002825737
0.002823830
0.002819061
0.002726555
0.002857208
0.002806664
0.002813339
0.002800941
0.002842903
0.002847672
0.002787590
0.002825737
0.002822876
0.002799988
0.002793312
0.002770424
0.002797127
0.002840996
0.002818108
0.002838135
0.002755165
0.002816200
0.002864838
0.002809525
0.002819061
0.002781868
0.002819061
0.002863884
0.002815247
0.002831459
0.002780914
0.004424095
0.004409790
0.004628181
0.004362106
0.004382133
0.004430771
0.004698753
0.004616737
0.004458427
0.004688263
0.004440308
0.004429817
0.004464149
0.004612923
0.004662514
0.004417419
0.004632950
0.004402161
0.004588127
0.004476547
0.004649162
0.004679680
0.004670143
0.004656792
0.004688263
0.004681587
0.004636765
0.004671097
0.004451752
0.004422188
0.004673958
0.004414558
0.004674911
0.004423141
0.004467010
0.004465103
0.004490852
0.004421234
0.004635811
0.004570007
0.004652023
0.004691124
0.004604340
0.004403114
0.004666328
0.004608154
0.004652023
0.004686356
0.004470825
0.004454613
0.004661560
0.004670143
0.004442215
0.004683495
0.004366875
0.004627228
0.004678726
0.004407883
0.004407883
0.004371643
0.004388809
0.004629135
0.004636765
0.004493713
0.004449844
0.004411697
0.004392624
0.004629135
0.004411697
0.004390717
0.004402161
0.004678726
0.004623413
0.004383087
0.004417419
0.004415512
0.004693985
0.004642487
0.004642487
0.004693985
0.004711151
0.004405975
0.004451752
0.004653931
0.004411697
0.004673004
0.004611969
0.004388809
0.004636765
0.004640579
0.004627228
0.004676819
0.004486084
0.004487991
0.004661560
0.004617691
0.004442215
0.004467010
0.004407883
0.004396439
0.004705429
0.004663467
0.004375458
0.004478455
0.004413605
0.004438400
0.004440308
0.004455566
0.004615784
0.004432678
0.004434586
0.004386902
0.004608154
0.004457474
0.004705429
0.004404068
0.004632950
0.004688263
0.004390717
0.004432678
0.004423141
0.004394531
0.004646301
0.004373550
0.004703522
0.004461288
0.004646301
0.004421234
0.004482269
0.004663467
0.004444122
0.004673004
0.004369736
0.004386902
0.004428864
0.004436493
0.004627228
0.004430771
0.004419327
0.004409790
0.004369736
0.004474640
0.004604340
0.004695892
0.004470825
0.004697800
0.004499435
0.004720688
0.004375458
0.004667282
0.004444122
0.004600525
0.004411697
0.004636765
0.004684448
0.004669189
0.004678726
0.004606247
0.004426956
0.004367828
0.004402161
0.004623413
0.004611969
0.004632950
0.004640579
0.004432678
0.004419327
0.004699707
0.004405975
0.004667282
0.004674911
0.004636765
0.004653931
0.004428864
0.004642487
0.004692078
0.004465103
0.004661560
0.004703522
0.004674911
0.004659653
0.004442215
0.004699707
0.004625320
0.004636765
0.004705429
0.004648209
0.004661560
0.004640579
0.004436493
0.004447937
0.004598618
0.004465103
0.004587173
0.004453659
0.004695892
0.004446030
0.004428864
0.004680634
0.004718781
0.004446030
0.004426956
0.004606247
0.004398346
0.004402161
0.004644394
0.004377365
0.004686356
0.004663467
0.004411697
0.004648209
0.004446030
0.004474640
0.004394531
0.004705429
0.004604340
0.004688263
0.004453659
0.004400253
0.004413605
0.004398346
0.004400253
0.004383087
0.004474640
0.004392624
0.004713058
0.004442215
0.004459381
0.004692078
0.004678726
0.004491806
0.004598618
0.004425049
0.004405975
0.004455566
0.004455566
0.004632950
0.004426956
0.004676819
0.004457474
0.004426956
0.004444122
0.004465103
0.004386902
0.004669189
0.004503250
0.004627228
0.004449844
0.004600525
0.004701614
0.004392624
0.004611969
0.004716873
0.004524231
0.004442215
0.004482269
0.004409790
0.004474640
0.004644394
0.004680634
0.004453659
0.004423141
0.004632950
0.004621506
0.004407883
0.004657745
0.004655838
0.004360199
0.004716873
0.004428864
0.004394531
0.003723145
0.002826691
0.002889633
0.002857208
0.002796173
0.002784729
0.002878189
0.002765656
0.002780914
0.002826691
0.002838135
0.002851486
0.002826691
0.002855301
0.002836227
0.002862930
0.002822876
0.002801895
0.002815247
0.002847672
0.002790451
0.002763748
0.002853394
0.002904892
0.002843857
0.002843857
0.002798080
0.002811432
0.002769470
0.002798080
0.002834320
0.002769470
0.002868652
0.002880096
0.002853394
0.002845764
0.002843857
0.002882004
0.002796173
0.002861023
0.002824783
0.002885818
0.002807617
0.002836227
0.002822876
0.002864838
0.002840042
0.002872467
0.002807617
0.002880096
0.002901077
0.002759933
0.002834320
0.002834320
0.002803802
0.002836227
0.002807617
0.002796173
0.002822876
0.002767563
0.002799988
0.002828598
0.002866745
0.002864838
0.002748489
0.002807617
0.002864838
0.002813339
0.002843857
0.002834320
0.002862930
0.002820969
0.002798080
0.002866745
0.002862930
0.002819061
0.002822876
0.002784729
0.002780914
0.002828598
0.002786636
0.002853394
0.002815247
0.002815247
0.002822876
0.002786636
0.002840042
0.002855301
0.002803802
0.002853394
0.002813339
0.002841949
0.002773285
0.002819061
0.002826691
0.002893448
0.002868652
0.002849579
0.002838135
0.002820969
0.002754211
0.002843857
0.002840042
0.002826691
0.002769470
0.002773285
0.002807617
0.002822876
0.002849579
0.002880096
0.002845764
0.002803802
0.002849579
0.002798080
0.002870560
0.002771378
0.002809525
0.002752304
0.002817154
0.002754211
0.002775192
0.002840042
0.002851486
0.002777100
0.002801895
0.002788544
0.002799988
0.002834320
0.002828598
0.002801895
0.002792358
0.002851486
0.002853394
0.002796173
0.002840042
0.002803802
0.002794266
0.002872467
0.002840042
0.002899170
0.002841949
0.002872467
0.002769470
0.002763748
0.002834320
0.002822876
0.002870560
0.002824783
0.002796173
0.002817154
0.002855301
0.002777100
0.002761841
0.002864838
0.002805710
0.002868652
0.002847672
0.002849579
0.002864838
0.002851486
0.002861023
0.002885818
0.002861023
0.002815247
0.002887726
0.002782822
0.002840042
0.002855301
0.002742767
0.002872467
0.002824783
0.002828598
0.002756119
0.002773285
0.002841949
0.002855301
0.002777100
0.002819061
0.002838135
0.002830505
0.002826691
0.002843857
0.002832413
0.002847672
0.002792358
0.002763748
0.002807617
0.002727509
0.002799988
0.002832413
0.002796173
0.002798080
0.002857208
0.002828598
0.002794266
0.002868652
0.002836227
0.002874374
0.002799988
0.002788544
0.002769470
0.002847672
0.002826691
0.002855301
0.002790451
0.002759933
0.002830505
0.002851486
0.002790451
0.002809525
0.002798080
0.002824783
0.002851486
0.002786636
0.002801895
0.002794266
0.002792358
0.002841949
0.002790451
0.002820969
0.002815247
0.002794266
0.002767563
0.002893448
0.002805710
0.002828598
0.002788544
0.002773285
0.002815247
0.002775192
0.002767563
0.002779007
0.002794266
0.002807617
0.002872467
0.002784729
0.002767563
0.002897263
0.002794266
0.002828598
0.002830505
0.002763748
0.002841949
0.002836227
0.002784729
0.002817154
0.002819061
0.002750397
0.002735138
0.002840042
0.002897263
0.002815247
0.002805710
0.002840042
0.002840042
0.002841949
0.002809525
0.002771378
0.002815247
0.002864838
0.002767563
0.002893448
0.002750397
0.002859116
0.002901077
0.002820969
0.002815247
0.002799988
0.002868652
0.002895355
0.002820969
0.002830505
0.002786636
0.002786636
0.002796173
0.002801895
0.002815247
0.002880096
0.002817154
0.002889633
0.002836227
0.002790451
0.002771378
0.002786636
0.002746582
0.002786636
0.002756119
0.002775192
0.002779007
0.002868652
0.002796173
0.002813339
0.002874374
0.002801895
0.002820969
0.002803802
0.002832413
0.002807617
0.002801895
0.002826691
0.002885818
0.002761841
0.002775192
0.002769470
0.002826691
0.002750397
0.002824783
0.002864838
0.002784729
0.002807617
0.002792358
0.002822876
0.002853394
0.002887726
0.002775192
0.002801895
0.002904892
0.002878189
0.002820969
0.002819061
0.002838135
0.002779007
0.002864838
0.002822876
0.002851486
0.002853394
0.002838135
0.002824783
0.002845764
0.002748489
0.002819061
0.002887726
0.002820969
0.002799988
0.002794266
0.002817154
0.002799988
0.002773285
0.002786636
0.002874374
0.002805710
0.002820969
0.002822876
0.002817154
0.002754211
0.002830505
0.002817154
0.002786636
0.002788544
0.002874374
0.002765656
0.002862930
0.002792358
0.002771378
0.002796173
0.002790451
0.002759933
0.002840042
0.002796173
0.002853394
0.002813339
0.002771378
0.002830505
0.002813339
0.002803802
0.002859116
0.002853394
0.002859116
0.002752304
0.002813339
0.002786636
0.002891541
0.002857208
0.002824783
0.002799988
0.002780914
0.002874374
0.002769470
0.002849579
0.002855301
0.002746582
0.002784729
0.002790451
0.002819061
0.002872467
0.002792358
0.002836227
0.002834320
0.002813339
0.002799988
0.002822876
0.002851486
0.002765656
0.002765656
0.002845764
0.002779007
0.002784729
0.002775192
0.002752304
0.002820969
0.002811432
0.002779007
0.002750397
0.002847672
0.002794266
0.002824783
0.002796173
0.002882004
0.002805710
0.002864838
0.002910614
0.002853394
0.002830505
0.002796173
0.002805710
0.002826691
0.002851486
0.002779007
0.002788544
0.002767563
0.002805710
0.002803802
0.002834320
0.002805710
0.002866745
0.002811432
0.002874374
0.002801895
0.002815247
0.002822876
0.002824783
0.002807617
0.002880096
0.002771378
0.002819061
0.002891541
0.002761841
0.002826691
0.002794266
0.002815247
0.002817154
0.002779007
0.002817154
0.002807617
0.002758026
0.002824783
0.002796173
0.002819061
0.002853394
0.002750397
0.002788544
0.002857208
0.002813339
0.002756119
0.002788544
0.002807617
0.002908707
0.002820969
0.002830505
0.002862930
0.002824783
0.002868652
0.002792358
0.002849579
0.002878189
0.002864838
0.002834320
0.002876282
0.002796173
0.002786636
0.002794266
0.002811432
0.002819061
0.002794266
0.002805710
0.002847672
0.002851486
0.002849579
0.002822876
0.002746582
0.002771378
0.002853394
0.002748489
0.002828598
0.002779007
0.002843857
0.002809525
0.002901077
0.002822876
0.002820969
0.002834320
0.002798080
0.002754211
0.002811432
0.002811432
0.002832413
0.002826691
0.002756119
0.002840042
0.002769470
0.002840042
0.002855301
0.002779007
0.002790451
0.002765656
0.002813339
0.002841949
0.002855301
0.002822876
0.002820969
0.002786636
0.002864838
0.002803802
0.002878189
0.002901077
0.002834320
0.002799988
0.002843857
0.002788544
0.002889633
0.002840042
0.002836227
0.002803802
0.002832413
0.002820969
0.002798080
0.002786636
0.002794266
0.002840042
0.002868652
0.002819061
0.002849579
0.002826691
0.002811432
0.002767563
0.002779007
0.002899170
0.002847672
0.002893448
0.002836227
0.002811432
0.002855301
0.002908707
0.002847672
0.002740860
0.002773285
0.002824783
0.002872467
0.002803802
0.002830505
0.002798080
0.002845764
0.002805710
0.002796173
0.002784729
0.002876282
0.002859116
0.002838135
0.002799988
0.002775192
0.002843857
0.002845764
0.002908707
0.002798080
0.002782822
0.002843857
0.002920151
0.002786636
0.002792358
0.002864838
0.002838135
0.002815247
0.002759933
0.002805710
0.002836227
0.002786636
0.002836227
0.002801895
0.002805710
0.002826691
0.002847672
0.002889633
0.002836227
0.002861023
0.002872467
0.002815247
0.002805710
0.002824783
0.002824783
0.002742767
0.002832413
0.002767563
0.002826691
0.002887726
0.002780914
0.002819061
0.002784729
0.002841949
0.002830505
0.002807617
0.002910614
0.002819061
0.002834320
0.002784729
0.002876282
0.002815247
0.002826691
0.002830505
0.002834320
0.002819061
0.002864838
0.002830505
0.002777100
0.002853394
0.002780914
0.002841949
0.002841949
0.002773285
0.002803802
0.002792358
0.002853394
0.002777100
0.002769470
0.002811432
0.002769470
0.002792358
0.002826691
0.002830505
0.002841949
0.002864838
0.002883911
0.002811432
0.002807617
0.002826691
0.002788544
0.002822876
0.002830505
0.002803802
0.002891541
0.002815247
0.002834320
0.002780914
0.002792358
0.002902985
0.002834320
0.002830505
0.002777100
0.002876282
0.002880096
0.002826691
0.002815247
0.002822876
0.002807617
0.002876282
0.002857208
0.002761841
0.002849579
0.002807617
0.002826691
0.002845764
0.002902985
0.002822876
0.002792358
0.002738953
0.002803802
0.002826691
0.002803802
0.002792358
0.002738953
0.002834320
0.002826691
0.002761841
0.002807617
0.002876282
0.002796173
0.002777100
0.002796173
0.002807617
0.002773285
0.002822876
0.002822876
0.002799988
0.002887726
0.002796173
0.002887726
0.002769470
0.002914429
0.002872467
0.002799988
0.002853394
0.002811432
0.002815247
0.002807617
0.002780914
0.002822876
0.002830505
0.002822876
0.002761841
0.002792358
0.002857208
0.002784729
0.002807617
0.002780914
0.002769470
0.002796173
0.002803802
0.002803802
0.002864838
0.002822876
0.002895355
0.002716064
0.002864838
0.002826691
0.002819061
0.002807617
0.002910614
0.002864838
0.002784729
0.002799988
0.002815247
0.002819061
0.002861023
0.002849579
0.002880096
0.002841949
0.002849579
0.002826691
0.002815247
0.002788544
0.002872467
0.002880096
0.002845764
0.002819061
0.002819061
0.002868652
0.002849579
0.002765656
0.002861023
0.002796173
0.002883911
0.002834320
0.002803802
0.002777100
0.002765656
0.002811432
0.002822876
0.002758026
0.002777100
0.002777100
0.002819061
0.002838135
0.002788544
0.002765656
0.002876282
0.002792358
0.002769470
0.002906799
0.002838135
0.002807617
0.002750397
0.002845764
0.002822876
0.002841949
0.002841949
0.002788544
0.002777100
0.002754211
0.002834320
0.002822876
0.002838135
0.002826691
0.002807617
0.002838135
0.002872467
0.002819061
0.002807617
0.002841949
0.002796173
0.002773285
0.002773285
0.002834320
0.002769470
0.002849579
0.002830505
0.002773285
0.002815247
0.002761841
0.002799988
0.002799988
0.002883911
0.002807617
0.002769470
0.002838135
0.002815247
0.002769470
0.002857208
0.002819061
0.002735138
0.002780914
0.002758026
0.002780914
0.002861023
0.002811432
0.002819061
0.002868652
0.002807617
0.002876282
0.002819061
0.002849579
0.002819061
0.002788544
0.002826691
0.002899170
0.002811432
0.002853394
0.002784729
0.002918243
0.002803802
0.002834320
0.002845764
0.002811432
0.002758026
0.002815247
0.002754211
0.002864838
0.002838135
0.002815247
0.002841949
0.002773285
0.002784729
0.002796173
0.002799988
0.002780914
0.002883911
0.002784729
0.002803802
0.002780914
0.002796173
0.002742767
0.002822876
0.002758026
0.002845764
0.002826691
0.002822876
0.002845764
0.002864838
0.002834320
0.002773285
0.002861023
0.002834320
0.002826691
0.002796173
0.002819061
0.002784729
0.002834320
0.002887726
0.002799988
0.002819061
0.002769470
0.002761841
0.002811432
0.002777100
0.002845764
0.002799988
0.002861023
0.002777100
0.002891541
0.002857208
0.002861023
0.002792358
0.002807617
0.002811432
0.002773285
0.002845764
0.002864838
0.002902985
0.002784729
0.002834320
0.002811432
0.002758026
0.002765656
0.002765656
0.002815247
0.002799988
0.002773285
0.002910614
0.002765656
0.002826691
0.002777100
0.002765656
0.002891541
0.002883911
0.002880096
0.002780914
0.002826691
0.002830505
0.002822876
0.002815247
0.002819061
0.002796173
0.002830505
0.002834320
0.002773285
0.002872467
0.002807617
0.002830505
0.002784729
0.002815247
0.002845764
0.002792358
0.002822876
0.002758026
0.002788544
0.002838135
0.002819061
0.002826691
0.002811432
0.002746582
0.002784729
0.002834320
0.002841949
0.002819061
0.002822876
0.002822876
0.002750397
0.002803802
0.002849579
0.002822876
0.002910614
0.002758026
0.002811432
0.002819061
0.002773285
0.002861023
0.002868652
0.002819061
0.002803802
0.002822876
0.002834320
0.002788544
0.002746582
0.002784729
0.002845764
0.002868652
0.002784729
0.002765656
0.002796173
0.002853394
0.002780914
0.002815247
0.002819061
0.002777100
0.002811432
0.002834320
0.002815247
0.002788544
0.002788544
0.002822876
0.002788544
0.002830505
0.002834320
0.002822876
0.002853394
0.002868652
0.002857208
0.002910614
0.002811432
0.002906799
0.002830505
0.002799988
0.002807617
0.002765656
0.002773285
0.002815247
0.002830505
0.002891541
0.002826691
0.002807617
0.002803802
0.002861023
0.002891541
0.002826691
0.002811432
0.002803802
0.002796173
0.002838135
0.002902985
0.002792358
0.002784729
0.002811432
0.002864838
0.002819061
0.002750397
0.002822876
0.002803802
0.002857208
0.002849579
0.002857208
0.002841949
0.002849579
0.002807617
0.002834320
0.002811432
0.002803802
0.002803802
0.002738953
0.002857208
0.002777100
0.002796173
0.002792358
0.002811432
0.002780914
0.002868652
0.002872467
0.002834320
0.002834320
0.002826691
0.002830505
0.002861023
0.002803802
0.002883911
0.002849579
0.002880096
0.002815247
0.002910614
0.002834320
0.002853394
0.002815247
0.002845764
0.002857208
0.002838135
0.002826691
0.002845764
0.002769470
0.002887726
0.002872467
0.002807617
0.002822876
0.002792358
0.002845764
0.002796173
0.002815247
0.002883911
0.002811432
0.002826691
0.002811432
0.002796173
0.002815247
0.002788544
0.002769470
0.002838135
0.002841949
0.002796173
0.002819061
0.002841949
0.002777100
0.002792358
0.002826691
0.002815247
0.002777100
0.002796173
0.002841949
0.002864838
0.002807617
0.002811432
0.002742767
0.002773285
0.002845764
0.002830505
0.002861023
0.002803802
0.002838135
0.002834320
0.002792358
0.002838135
0.002868652
0.002841949
0.002861023
0.002826691
0.002788544
0.002815247
0.002864838
0.002780914
0.002780914
0.002841949
0.002853394
0.002822876
0.002811432
0.002853394
0.002880096
0.002857208
0.002861023
0.002864838
0.002841949
0.002845764
0.002819061
0.002822876
0.002830505
0.002807617
0.002803802
0.002796173
0.002849579
0.002826691
0.002891541
0.002815247
0.002895355
0.002838135
0.002796173
0.002845764
0.002853394
0.002815247
0.002803802
0.002735138
0.002765656
0.002822876
0.002845764
0.002902985
0.002777100
0.002811432
0.002788544
0.002811432
0.002735138
0.002834320
0.002807617
0.002826691
0.002845764
0.002922058
0.002773285
0.002826691
0.002811432
0.002799988
0.002742767
0.002841949
0.002792358
0.002788544
0.002861023
0.002807617
0.002891541
0.002792358
0.002857208
0.002861023
0.002803802
0.002788544
0.002880096
0.002792358
0.002887726
0.002826691
0.002841949
0.002861023
0.002769470
0.002811432
0.002819061
0.002876282
0.002788544
0.002826691
0.002822876
0.002792358
0.002773285
0.002799988
0.002830505
0.002826691
0.002788544
0.002811432
0.002738953
0.002864838
0.002830505
0.002777100
0.002868652
0.002799988
0.002765656
0.002773285
0.002834320
0.002914429
0.002906799
0.002861023
0.002769470
0.002853394
0.002822876
0.002861023
0.002838135
0.002845764
0.002754211
0.002887726
0.002922058
0.002880096
0.002819061
0.002845764
0.002830505
0.002853394
0.002861023
0.002799988
0.002780914
0.002830505
0.002792358
0.002815247
0.002792358
0.002838135
0.002922058
0.002784729
0.002788544
0.002822876
0.002784729
0.002838135
0.002780914
0.002811432
0.002834320
0.002819061
0.002841949
0.002880096
0.002799988
0.002819061
0.002853394
0.002784729
0.002872467
0.002815247
0.002815247
0.002861023
0.002864838
0.002796173
0.002822876
0.002815247
0.002845764
0.002799988
0.002902985
0.002784729
0.002792358
0.002799988
0.002807617
0.002857208
0.002838135
0.002849579
0.002819061
0.002758026
0.002815247
0.002841949
0.002792358
0.002792358
0.004360199
0.004623413
0.004417419
0.004451752
0.004657745
0.004413605
0.004390717
0.004474640
0.004444122
0.004455566
0.004398346
0.004455566
0.004432678
0.004405975
0.004695892
0.004467010
0.004692078
0.004386902
0.004611969
0.004707336
0.004669189
0.004623413
0.004619598
0.004589081
0.004447937
0.004440308
0.004638672
0.004688263
0.004604340
0.004661560
0.004432678
0.004352570
0.004581451
0.004657745
0.004432678
0.004428864
0.004680634
0.004383087
0.004623413
0.004375458
0.004425049
0.004642487
0.004413605
0.004566193
0.004684448
0.004436493
0.004638672
0.004707336
0.004405975
0.004470825
0.004695892
0.004634857
0.004470825
0.004680634
0.004642487
0.004367828
0.004711151
0.004570007
0.004608154
0.004714966
0.004398346
0.004699707
0.004367828
0.004642487
0.004634857
0.004447937
0.004684448
0.004405975
0.004459381
0.004428864
0.004394531
0.004440308
0.004680634
0.004405975
0.004665375
0.004379272
0.004703522
0.004673004
0.004650116
0.004383087
0.004425049
0.004405975
0.004631042
0.004669189
0.004619598
0.004425049
0.004409790
0.004585266
0.004535675
0.004695892
0.004413605
0.004417419
0.004486084
0.004432678
0.004650116
0.004394531
0.004623413
0.004642487
0.004432678
0.004375458
0.004467010
0.004692078
0.004398346
0.004657745
0.004600525
0.004394531
0.004394531
0.004470825
0.004692078
0.004470825
0.004428864
0.004436493
0.004409790
0.004409790
0.004489899
0.004444122
0.004642487
0.004432678
0.004447937
0.004642487
0.004463196
0.004714966
0.004592896
0.004417419
0.004425049
0.004447937
0.004676819
0.004428864
0.004676819
0.004432678
0.004364014
0.004661560
0.004684448
0.004684448
0.004436493
0.004623413
0.004425049
0.004676819
0.004447937
0.004390717
0.004604340
0.004417419
0.004444122
0.004425049
0.004432678
0.004646301
0.004642487
0.004425049
0.004608154
0.004425049
0.004657745
0.004592896
0.004486084
0.004447937
0.004455566
0.004463196
0.004634857
0.004589081
0.004463196
0.004611969
0.004642487
0.004371643
0.004444122
0.004688263
0.004386902
0.004394531
0.004623413
0.004661560
0.004421234
0.004638672
0.004707336
0.004638672
0.004638672
0.004390717
0.004417419
0.004390717
0.004375458
0.004436493
0.004421234
0.004642487
0.004661560
0.004375458
0.004714966
0.004467010
0.004428864
0.004695892
0.004432678
0.004421234
0.004447937
0.004428864
0.004486084
0.004699707
0.004516602
0.004684448
0.004486084
0.004608154
0.004695892
0.004409790
0.004718781
0.004604340
0.004570007
0.004360199
0.004585266
0.004421234
0.004451752
0.004440308
0.004390717
0.004669189
0.004692078
0.004383087
0.004383087
0.004688263
0.004680634
0.004627228
0.004383087
0.004650116
0.004634857
0.004417419
0.004375458
0.004665375
0.004375458
0.004398346
0.004634857
0.004444122
0.004665375
0.004528046
0.004405975
0.004386902
0.004360199
0.004455566
0.004653931
0.004356384
0.004722595
0.004467010
0.004703522
0.004379272
0.004405975
0.004383087
0.004417419
0.004684448
0.004688263
0.004405975
0.004680634
0.004409790
0.004417419
0.004428864
0.004673004
0.004398346
0.004390717
0.004451752
0.004364014
0.004684448
0.004421234
0.004676819
0.004447937
0.004501343
0.004386902
0.004486084
0.004653931
0.004657745
0.004425049
0.004661560
0.004688263
0.004402161
0.004409790
0.004486084
0.004451752
0.004676819
0.004634857
0.004394531
0.002784729
0.002773285
0.002773285
0.002799988
0.002857208
0.002803802
0.002868652
0.002849579
0.002849579
0.002822876
0.002849579
0.002773285
0.002796173
0.002826691
0.002887726
0.002853394
0.002872467
0.002834320
0.002799988
0.002777100
0.002796173
0.002777100
0.002861023
0.002819061
0.002773285
0.002826691
0.002803802
0.002784729
0.002746582
0.002792358
0.002872467
0.002758026
0.002838135
0.002777100
0.002807617
0.002803802
0.002849579
0.002738953
0.002883911
0.002788544
0.002822876
0.002822876
0.002838135
0.002815247
0.002841949
0.002792358
0.002822876
0.002819061
0.002727509
0.002811432
0.002868652
0.002769470
0.002792358
0.002773285
0.002769470
0.002799988
0.002826691
0.002792358
0.002841949
0.002769470
0.002834320
0.002803802
0.002838135
0.002723694
0.002796173
0.002864838
0.002853394
0.002773285
0.002754211
0.002773285
0.002826691
0.002803802
0.002773285
0.002849579
0.002796173
0.002799988
0.002807617
0.002849579
0.002822876
0.002807617
0.002792358
0.002857208
0.002834320
0.002803802
0.002796173
0.002868652
0.002799988
0.002811432
0.002815247
0.002784729
0.002826691
0.002754211
0.002784729
0.002906799
0.002853394
0.002853394
0.002918243
0.002792358
0.002788544
0.002841949
0.002792358
0.002765656
0.002876282
0.002834320
0.002853394
0.002822876
0.002788544
0.002822876
0.002799988
0.002880096
0.002838135
0.002719879
0.002780914
0.002792358
0.002853394
0.002819061
0.002765656
0.002780914
0.002899170
0.002796173
0.002819061
0.002857208
0.002746582
0.002857208
0.002830505
0.002822876
0.002792358
0.002822876
0.002796173
0.002754211
0.002765656
0.002792358
0.002807617
0.002780914
0.002777100
0.002864838
0.002830505
0.002815247
0.002834320
0.002777100
0.002864838
0.002895355
0.002857208
0.002841949
0.002849579
0.002876282
0.002868652
0.002880096
0.002815247
0.002792358
0.002788544
0.002758026
0.002799988
0.002822876
0.002910614
0.002826691
0.002784729
0.002834320
0.002761841
0.002849579
0.002834320
0.002841949
0.002815247
0.002792358
0.002853394
0.002799988
0.002807617
0.002761841
0.002864838
0.002780914
0.002830505
0.002773285
0.002857208
0.002849579
0.002738953
0.002857208
0.002780914
0.002864838
0.002815247
0.002841949
0.002738953
0.002773285
0.002841949
0.002864838
0.002792358
0.002788544
0.002834320
0.002761841
0.002826691
0.002838135
0.002868652
0.002819061
0.002841949
0.002819061
0.002819061
0.002784729
0.002792358
0.002754211
0.002868652
0.002819061
0.002853394
0.002819061
0.002761841
0.002803802
0.002819061
0.002799988
0.002826691
0.002887726
0.002849579
0.002841949
0.002853394
0.002819061
0.002761841
0.002796173
0.002864838
0.002815247
0.002914429
0.002788544
0.002799988
0.002807617
0.002849579
0.002773285
0.002807617
0.002841949
0.002906799
0.002758026
0.002868652
0.002799988
0.002815247
0.002799988
0.002807617
0.002777100
0.002826691
0.002758026
0.002830505
0.002822876
0.002799988
0.002807617
0.002845764
0.002841949
0.002853394
0.002788544
0.002853394
0.002773285
0.002861023
0.002792358
0.002769470
0.002811432
0.002830505
0.002819061
0.002815247
0.002773285
0.002849579
0.002853394
0.002815247
0.002838135
0.002777100
0.002777100
0.002822876
0.002838135
0.002792358
0.002819061
0.002861023
0.002841949
0.002830505
0.002769470
0.002838135
0.002777100
0.002826691
0.002803802
0.002864838
0.002830505
0.002815247
0.002876282
0.002849579
0.002849579
0.002815247
0.002834320
0.002788544
0.002784729
0.002807617
0.002788544
0.002777100
0.002788544
0.002880096
0.002811432
0.002803802
0.002792358
0.002830505
0.002788544
0.002880096
0.002796173
0.002883911
0.002819061
0.002803802
0.002799988
0.002765656
0.002803802
0.002807617
0.002822876
0.002845764
0.002773285
0.002868652
0.002822876
0.002880096
0.002819061
0.002815247
0.002799988
0.002784729
0.002769470
0.002765656
0.002784729
0.002777100
0.002788544
0.002872467
0.002780914
0.002845764
0.002803802
0.002834320
0.002784729
0.002868652
0.002857208
0.002841949
0.002811432
0.002780914
0.002887726
0.002876282
0.002838135
0.002861023
0.002807617
0.002777100
0.002826691
0.002796173
0.002872467
0.002815247
0.002799988
0.002895355
0.002849579
0.002849579
0.002780914
0.002758026
0.002765656
0.002815247
0.002819061
0.002826691
0.002849579
0.002826691
0.002861023
0.002803802
0.002796173
0.002758026
0.002811432
0.002811432
0.002811432
0.002880096
0.002746582
0.002822876
0.002822876
0.002765656
0.002838135
0.002815247
0.002834320
0.002788544
0.002765656
0.002792358
0.002815247
0.002887726
0.002780914
0.002788544
0.002803802
0.002807617
0.002861023
0.002758026
0.002845764
0.002788544
0.002864838
0.002868652
0.002964020
0.002845764
0.002841949
0.002834320
0.002811432
0.002872467
0.002799988
0.002750397
0.002777100
0.002780914
0.002853394
0.002738953
0.002738953
0.002788544
0.002861023
0.002761841
0.002906799
0.002807617
0.002872467
0.002792358
0.002811432
0.002819061
0.002838135
0.002834320
0.002883911
0.002754211
0.002811432
0.002780914
0.002830505
0.002845764
0.002826691
0.002777100
0.002853394
0.002784729
0.002822876
0.002861023
0.002769470
0.002807617
0.002899170
0.002792358
0.002838135
0.002780914
0.002754211
0.002807617
0.002826691
0.002807617
0.002868652
0.002780914
0.002857208
0.002788544
0.002761841
0.002826691
0.002906799
0.002777100
0.002780914
0.002822876
0.002864838
0.002777100
0.002895355
0.002838135
0.002853394
0.002742767
0.002838135
0.002899170
0.002822876
0.002841949
0.002914429
0.002845764
0.002845764
0.002735138
0.002822876
0.002838135
0.002864838
0.002815247
0.002830505
0.002861023
0.002758026
0.002788544
0.002780914
0.002857208
0.002822876
0.002914429
0.002819061
0.002861023
0.002857208
0.002861023
0.002838135
0.002834320
0.002819061
0.002807617
0.002819061
0.002799988
0.002796173
0.002731323
0.002849579
0.002864838
0.002758026
0.002796173
0.002807617
0.002773285
0.002857208
0.002819061
0.002899170
0.002803802
0.002861023
0.002845764
0.002777100
0.002906799
0.002864838
0.002773285
0.002750397
0.002826691
0.002841949
0.002876282
0.002826691
0.002887726
0.002834320
0.002815247
0.002861023
0.002822876
0.002891541
0.002773285
0.002841949
0.002838135
0.002799988
0.002822876
0.002811432
0.002746582
0.002780914
0.002815247
0.002746582
0.002861023
0.002849579
0.002799988
0.002849579
0.002758026
0.002784729
0.002887726
0.002799988
0.002853394
0.002834320
0.002822876
0.002815247
0.002758026
0.002807617
0.002815247
0.002902985
0.002773285
0.002738953
0.002758026
0.002819061
0.002811432
0.002819061
0.002822876
0.002822876
0.002899170
0.002803802
0.002815247
0.002811432
0.002799988
0.002826691
0.002853394
0.002834320
0.002819061
0.002792358
0.002815247
0.002773285
0.002788544
0.002777100
0.002811432
0.002773285
0.002861023
0.002826691
0.002822876
0.002841949
0.002872467
0.002811432
0.002826691
0.002830505
0.002803802
0.002830505
0.002845764
0.002826691
0.002841949
0.002792358
0.002765656
0.002819061
0.002822876
0.002819061
0.002918243
0.002788544
0.002845764
0.002769470
0.002834320
0.002819061
0.002830505
0.002868652
0.002822876
0.002834320
0.002780914
0.002819061
0.002792358
0.002819061
0.002857208
0.002788544
0.002750397
0.002796173
0.002841949
0.002830505
0.002822876
0.002845764
0.002780914
0.002861023
0.002738953
0.002761841
0.002803802
0.002811432
0.002830505
0.002861023
0.002811432
0.002815247
0.002880096
0.002769470
0.002811432
0.002807617
0.002788544
0.002819061
0.002830505
0.002834320
0.002872467
0.002796173
0.002761841
0.002758026
0.002822876
0.002792358
0.002868652
0.002807617
0.002857208
0.002834320
0.002815247
0.002792358
0.002815247
0.002841949
0.002788544
0.002849579
0.002780914
0.002811432
0.002853394
0.002796173
0.002822876
0.002834320
0.002826691
0.002746582
0.002807617
0.002841949
0.002777100
0.002822876
0.002857208
0.002754211
0.002769470
0.002761841
0.002784729
0.002841949
0.002784729
0.002841949
0.002811432
0.002914429
0.002857208
0.002746582
0.002830505
0.002841949
0.002876282
0.002834320
0.002784729
0.002861023
0.002815247
0.002868652
0.002841949
0.002796173
0.002811432
0.002788544
0.002811432
0.002807617
0.002834320
0.002750397
0.002796173
0.002799988
0.002887726
0.002796173
0.002792358
0.002773285
0.002815247
0.002819061
0.002792358
0.002819061
0.002838135
0.002754211
0.002819061
0.002841949
0.002796173
0.002857208
0.002876282
0.002853394
0.002830505
0.002803802
0.002841949
0.002822876
0.002822876
0.002780914
0.002841949
0.002826691
0.002819061
0.002784729
0.002822876
0.002815247
0.002807617
0.002792358
0.002799988
0.002845764
0.002861023
0.002792358
0.002754211
0.002799988
0.002861023
0.002822876
0.002769470
0.002738953
0.002861023
0.002830505
0.002883911
0.002777100
0.002792358
0.002906799
0.002807617
0.002807617
0.002830505
0.002899170
0.002868652
0.002784729
0.002845764
0.002853394
0.002838135
0.002868652
0.002868652
0.002822876
0.002815247
0.002861023
0.002891541
0.002845764
0.002845764
0.002769470
0.002761841
0.002891541
0.002754211
0.002883911
0.002838135
0.002799988
0.002914429
0.002822876
0.002799988
0.002777100
0.002754211
0.002822876
0.002792358
0.002830505
0.002868652
0.002883911
0.002868652
0.002830505
0.002861023
0.002876282
0.002769470
0.002830505
0.002784729
0.002807617
0.002761841
0.002815247
0.002830505
0.002845764
0.002861023
0.002891541
0.002838135
0.002838135
0.002845764
0.002799988
0.002838135
0.002853394
0.002853394
0.002777100
0.002815247
0.002815247
0.002792358
0.002845764
0.002838135
0.002761841
0.002822876
0.002853394
0.002799988
0.002845764
0.002838135
0.002754211
0.002754211
0.002799988
0.002861023
0.002830505
0.002815247
0.002815247
0.002807617
0.002815247
0.002830505
0.002906799
0.002861023
0.002822876
0.002769470
0.002830505
0.002853394
0.002830505
0.002838135
0.002784729
0.002815247
0.002868652
0.002738953
0.002746582
0.002899170
0.002769470
0.002883911
0.002838135
0.002754211
0.002822876
0.002784729
0.002784729
0.002784729
0.002838135
0.002769470
0.002792358
0.002838135
0.002769470
0.002845764
0.002876282
0.002784729
0.002799988
0.002830505
0.002822876
0.002784729
0.002830505
0.002761841
0.002799988
0.002769470
0.002868652
0.002899170
0.002769470
0.002876282
0.002868652
0.002761841
0.002929688
0.002822876
0.002815247
0.002838135
0.002845764
0.002830505
0.002830505
0.002830505
0.002761841
0.002777100
0.002746582
0.002822876
0.002822876
0.002777100
0.002838135
0.002845764
0.002830505
0.002822876
0.002822876
0.002838135
0.002838135
0.002914429
0.002838135
0.002799988
0.002792358
0.002815247
0.002784729
0.002838135
0.002792358
0.002807617
0.002853394
0.002799988
0.002822876
0.002815247
0.002876282
0.002807617
0.002815247
0.002853394
0.002761841
0.002853394
0.002777100
0.002891541
0.002815247
0.002861023
0.002792358
0.002845764
0.002784729
0.002799988
0.002792358
0.002746582
0.002914429
0.002777100
0.002792358
0.002838135
0.002777100
0.002769470
0.002777100
0.002876282
0.002754211
0.002807617
0.002868652
0.002738953
0.002891541
0.002761841
0.002738953
0.002845764
0.002746582
0.002792358
0.002769470
0.002838135
0.002830505
0.002822876
0.002807617
0.002830505
0.002861023
0.002777100
0.002853394
0.002769470
0.002861023
0.002838135
0.002861023
0.002807617
0.002799988
0.002799988
0.002891541
0.002815247
0.002769470
0.002853394
0.002891541
0.002929688
0.002822876
0.002807617
0.002838135
0.002868652
0.002799988
0.002815247
0.002876282
0.002838135
0.002792358
0.002876282
0.002807617
0.002838135
0.002822876
0.002807617
0.002845764
0.002822876
0.002769470
0.002845764
0.002761841
0.002822876
0.002853394
0.002830505
0.002876282
0.002883911
0.002799988
0.002799988
0.002830505
0.002784729
0.002830505
0.002845764
0.002799988
0.002784729
0.002853394
0.002815247
0.002838135
0.002830505
0.002792358
0.002777100
0.002822876
0.002792358
0.002769470
0.002838135
0.002815247
0.002822876
0.002845764
0.002769470
0.002777100
0.002853394
0.002876282
0.002883911
0.002899170
0.002792358
0.002838135
0.002838135
0.002845764
0.002822876
0.002769470
0.002853394
0.002754211
0.002792358
0.002815247
0.002822876
0.002738953
0.002815247
0.002861023
0.002899170
0.002769470
0.002883911
0.002822876
0.002853394
0.002792358
0.002784729
0.002861023
0.002754211
0.002853394
0.002838135
0.002777100
0.002845764
0.002876282
0.002807617
0.002845764
0.002777100
0.002853394
0.002807617
0.002838135
0.002769470
0.002838135
0.002838135
0.002784729
0.002853394
0.002838135
0.002906799
0.002883911
0.002845764
0.002838135
0.002799988
0.002822876
0.002708435
0.002792358
0.002822876
0.002845764
0.002777100
0.002822876
0.002838135
0.002815247
0.002838135
0.002891541
0.002799988
0.002807617
0.002769470
0.002838135
0.002861023
0.002822876
0.002838135
0.002830505
0.002807617
0.002769470
0.002822876
0.002868652
0.002792358
0.002838135
0.002807617
0.002799988
0.002769470
0.002876282
0.002822876
0.002777100
0.002853394
0.002822876
0.002769470
0.002784729
0.002815247
0.002807617
0.002799988
0.002822876
0.002777100
0.002746582
0.002746582
0.002769470
0.002777100
0.002891541
0.002777100
0.002815247
0.002853394
0.002784729
0.002853394
0.002784729
0.002807617
0.002822876
0.002815247
0.002799988
0.002853394
0.002807617
0.002830505
0.002754211
0.002838135
0.002838135
0.002792358
0.002769470
0.002746582
0.002792358
0.002830505
0.002845764
0.002853394
0.002815247
0.002868652
0.002784729
0.002838135
0.002845764
0.002815247
0.002761841
0.002876282
0.002784729
0.002822876
0.002799988
0.002761841
0.002807617
0.002815247
0.002769470
0.002746582
0.002906799
0.002746582
0.002792358
0.002769470
0.002738953
0.002761841
0.002861023
0.002799988
0.002792358
0.002738953
0.002754211
0.002868652
0.002784729
0.002807617
0.002807617
0.002861023
0.002769470
0.002807617
0.002899170
0.002799988
0.002799988
0.002777100
0.002792358
0.002838135
0.002784729
0.002807617
0.002807617
0.002815247
0.002899170
0.002838135
0.002761841
0.002830505
0.002769470
0.002830505
0.002799988
0.002807617
0.002784729
0.002807617
0.002853394
0.002799988
0.002861023
0.002784729
0.002777100
0.002868652
0.002822876
0.002784729
0.002822876
0.002815247
0.002815247
0.002784729
0.002799988
0.002815247
0.002876282
0.002815247
0.002746582
0.002799988
0.002784729
0.002784729
0.002868652
0.002807617
0.002830505
0.002784729
0.002769470
0.002769470
0.002868652
0.002792358
0.002784729
0.002746582
0.002792358
0.002761841
0.002792358
0.002838135
0.002799988
0.002815247
0.002761841
0.002792358
0.002769470
0.002777100
0.002830505
0.002799988
0.002822876
0.002799988
0.002845764
0.002822876
0.002861023
0.002792358
0.002830505
0.002861023
0.002807617
0.002777100
0.002822876
0.002868652
0.002738953
0.002853394
0.002777100
0.002815247
0.002861023
0.002815247
0.002784729
0.002822876
0.002792358
0.002868652
0.002799988
0.002845764
0.002769470
0.002769470
0.002868652
0.002777100
0.002822876
0.002784729
0.002830505
0.002784729
0.002807617
0.002830505
0.002815247
0.002845764
0.002731323
0.002830505
0.002822876
0.002822876
0.002838135
0.002769470
0.002792358
0.002838135
0.002769470
0.002822876
0.002784729
0.002799988
0.002822876
0.002861023
0.002876282
0.002861023
0.002784729
0.002883911
0.002799988
0.002799988
0.002853394
0.002883911
0.002822876
0.004684448
0.004653931
0.004676819
0.004653931
0.004371643
0.004707336
0.004394531
0.004447937
0.004470825
0.004493713
0.004699707
0.004432678
0.004669189
0.004676819
0.004600525
0.004638672
0.004440308
0.004432678
0.004470825
0.004386902
0.004669189
0.004722595
0.004646301
0.004623413
0.004661560
0.004585266
0.004676819
0.004646301
0.004447937
0.004402161
0.004394531
0.004646301
0.004692078
0.004669189
0.004394531
0.004463196
0.004425049
0.004669189
0.004623413
0.004409790
0.004676819
0.004447937
0.004699707
0.004631042
0.004623413
0.004638672
0.004470825
0.004432678
0.004432678
0.004653931
0.004402161
0.004356384
0.004699707
0.004455566
0.004653931
0.004463196
0.004653931
0.004386902
0.004669189
0.004409790
0.004661560
0.004425049
0.004432678
0.004669189
0.004440308
0.004615784
0.004402161
0.004440308
0.004623413
0.004447937
0.004638672
0.004501343
0.004692078
0.004455566
0.004722595
0.004402161
0.004470825
0.004615784
0.004669189
0.004692078
0.004463196
0.004638672
0.004730225
0.004692078
0.004661560
0.004402161
0.004661560
0.004447937
0.004409790
0.004379272
0.004409790
0.004478455
0.004455566
0.004661560
0.004379272
0.004653931
0.004455566
0.004455566
0.004417419
0.004486084
0.004707336
0.004455566
0.004646301
0.004676819
0.004425049
0.004440308
0.004478455
0.004577637
0.004646301
0.004409790
0.004394531
0.004402161
0.004646301
0.004447937
0.004447937
0.004440308
0.004669189
0.004631042
0.004364014
0.004653931
0.004470825
0.004379272
0.004486084
0.004699707
0.004669189
0.004646301
0.004409790
0.004455566
0.004364014
0.004409790
0.004608154
0.004737854
0.004638672
0.004653931
0.004425049
0.004615784
0.004417419
0.004615784
0.004432678
0.004669189
0.004379272
0.004394531
0.004692078
0.004371643
0.004417419
0.004692078
0.004371643
0.004432678
0.004615784
0.004425049
0.004661560
0.004455566
0.004440308
0.004409790
0.004432678
0.004364014
0.004653931
0.004455566
0.004676819
0.004631042
0.004470825
0.004447937
0.004402161
0.004478455
0.004684448
0.004623413
0.004417419
0.004432678
0.004653931
0.004699707
0.004669189
0.004585266
0.004417419
0.004440308
0.004409790
0.004371643
0.004638672
0.004348755
0.004646301
0.004425049
0.004432678
0.004379272
0.004508972
0.004615784
0.004669189
0.004615784
0.004394531
0.004653931
0.004615784
0.004402161
0.004371643
0.004653931
0.004692078
0.004440308
0.004486084
0.004417419
0.004371643
0.004638672
0.004417419
0.004623413
0.004394531
0.004608154
0.004432678
0.004669189
0.004684448
0.004425049
0.004409790
0.004608154
0.004417419
0.004707336
0.004432678
0.004386902
0.004447937
0.004402161
0.004692078
0.004646301
0.004470825
0.004425049
0.004676819
0.004653931
0.004631042
0.004440308
0.004417419
0.004409790
0.004463196
0.004669189
0.004478455
0.004646301
0.004646301
0.004409790
0.004692078
0.004661560
0.004676819
0.004699707
0.004486084
0.004432678
0.004417419
0.004676819
0.004631042
0.004669189
0.004592896
0.004463196
0.004707336
0.004676819
0.004386902
0.004417419
0.004409790
0.004470825
0.004425049
0.004394531
0.004364014
0.004631042
0.004631042
0.004669189
0.004646301
0.004646301
0.004722595
0.004684448
0.004653931
0.004478455
0.004371643
0.004684448
0.004676819
0.004631042
0.004707336
0.004646301
0.004455566
0.004653931
0.004699707
0.004440308
0.004562378
0.002784729
0.002883911
0.002761841
0.002868652
0.002853394
0.002906799
0.002830505
0.002769470
0.002845764
0.002784729
0.002830505
0.002799988
0.002906799
0.002777100
0.002830505
0.002723694
0.002876282
0.002799988
0.002830505
0.002830505
0.002807617
0.002845764
0.002853394
0.002784729
0.002769470
0.002777100
0.002845764
0.002876282
0.002754211
0.002853394
0.002883911
0.002838135
0.002807617
0.002784729
0.002830505
0.002761841
0.002761841
0.002792358
0.002761841
0.002845764
0.002845764
0.002838135
0.002845764
0.002792358
0.002853394
0.002830505
0.002799988
0.002807617
0.002861023
0.002799988
0.002807617
0.002861023
0.002868652
0.002845764
0.002754211
0.002853394
0.002784729
0.002822876
0.002838135
0.002899170
0.002822876
0.002838135
0.002838135
0.002807617
0.002777100
0.002746582
0.002822876
0.002761841
0.002807617
0.002830505
0.002838135
0.002845764
0.002845764
0.002784729
0.002861023
0.002769470
0.002868652
0.002807617
0.002822876
0.002769470
0.002853394
0.002807617
0.002830505
0.002876282
0.002815247
0.002777100
0.002822876
0.002784729
0.002830505
0.002861023
0.002822876
0.002830505
0.002868652
0.002761841
0.002777100
0.002845764
0.002754211
0.002830505
0.002792358
0.002853394
0.002769470
0.002799988
0.002883911
0.002792358
0.002868652
0.002822876
0.002830505
0.002891541
0.002754211
0.002838135
0.002861023
0.002838135
0.002830505
0.002899170
0.002830505
0.002754211
0.002799988
0.002853394
0.002861023
0.002784729
0.002769470
0.002815247
0.002807617
0.002807617
0.002876282
0.002769470
0.002799988
0.002777100
0.002845764
0.002838135
0.002838135
0.002769470
0.002853394
0.002815247
0.002861023
0.002784729
0.002876282
0.002815247
0.002838135
0.002799988
0.002777100
0.002815247
0.002891541
0.002769470
0.002845764
0.002891541
0.002792358
0.002784729
0.002822876
0.002815247
0.002815247
0.002822876
0.002914429
0.002830505
0.002807617
0.002807617
0.002769470
0.002784729
0.002815247
0.002777100
0.002861023
0.002853394
0.002830505
0.002799988
0.002815247
0.002838135
0.002784729
0.002784729
0.002845764
0.002845764
0.002845764
0.002731323
0.002853394
0.002830505
0.002830505
0.002830505
0.002861023
0.002784729
0.002845764
0.002914429
0.002807617
0.002822876
0.002799988
0.002868652
0.002769470
0.002815247
0.002822876
0.002777100
0.002815247
0.002815247
0.002769470
0.002807617
0.002838135
0.002830505
0.002799988
0.002807617
0.002815247
0.002754211
0.002784729
0.002807617
0.002792358
0.002777100
0.002792358
0.002815247
0.002807617
0.002830505
0.002830505
0.002761841
0.002845764
0.002746582
0.002777100
0.002838135
0.002845764
0.002815247
0.002845764
0.002777100
0.002777100
0.002861023
0.002792358
0.002815247
0.002845764
0.002822876
0.002815247
0.002967834
0.002799988
0.002929688
0.002853394
0.002754211
0.002822876
0.002754211
0.002799988
0.002906799
0.002876282
0.002822876
0.002754211
0.002784729
0.002822876
0.002822876
0.002830505
0.002792358
0.002784729
0.002754211
0.002761841
0.002784729
0.002838135
0.002807617
0.002838135
0.002777100
0.002822876
0.002784729
0.002784729
0.002761841
0.002784729
0.002876282
0.002853394
0.002777100
0.002815247
0.002769470
0.002769470
0.002769470
0.002838135
0.002845764
0.002761841
0.002815247
0.002746582
0.002815247
0.002777100
0.002807617
0.002777100
0.002807617
0.002777100
0.002838135
0.002784729
0.002845764
0.002838135
0.002883911
0.002761841
0.002815247
0.002822876
0.002868652
0.002746582
0.002799988
0.002822876
0.002815247
0.002876282
0.002784729
0.002784729
0.002799988
0.002777100
0.002853394
0.002830505
0.002807617
0.002807617
0.002799988
0.002799988
0.002784729
0.002799988
0.002815247
0.002853394
0.002853394
0.002807617
0.002769470
0.002876282
0.002777100
0.002853394
0.002845764
0.002731323
0.002845764
0.002799988
0.002807617
0.002822876
0.002861023
0.002807617
0.002853394
0.002830505
0.002799988
0.002845764
0.002845764
0.002838135
0.002807617
0.002838135
0.002861023
0.002777100
0.002761841
0.002845764
0.002784729
0.002838135
0.002899170
0.002754211
0.002868652
0.002868652
0.002769470
0.002845764
0.002815247
0.002822876
0.002822876
0.002769470
0.002853394
0.002845764
0.002815247
0.002784729
0.002861023
0.002807617
0.002883911
0.002822876
0.002845764
0.002731323
0.002815247
0.002777100
0.002838135
0.002883911
0.002838135
0.002777100
0.002815247
0.002853394
0.002792358
0.002815247
0.002822876
0.002876282
0.002799988
0.002792358
0.002746582
0.002746582
0.002861023
0.002830505
0.002853394
0.002807617
0.002799988
0.002876282
0.002807617
0.002861023
0.002830505
0.002899170
0.002838135
0.002815247
0.002822876
0.002761841
0.002784729
0.002838135
0.002868652
0.002845764
0.002838135
0.002906799
0.002822876
0.002799988
0.002822876
0.002815247
0.002815247
0.002876282
0.002792358
0.002861023
0.002815247
0.002807617
0.002822876
0.002799988
0.002777100
0.002845764
0.002868652
0.002853394
0.002822876
0.002761841
0.002830505
0.002746582
0.002815247
0.002822876
0.002807617
0.002853394
0.002845764
0.002853394
0.002754211
0.002922058
0.002891541
0.002838135
0.002815247
0.002807617
0.002914429
0.002738953
0.002807617
0.002876282
0.002861023
0.002822876
0.002845764
0.002822876
0.002799988
0.002815247
0.002746582
0.002868652
0.002861023
0.002830505
0.002769470
0.002799988
0.002845764
0.002876282
0.002822876
0.002754211
0.002792358
0.002883911
0.002868652
0.002861023
0.002807617
0.002769470
0.002853394
0.002883911
0.002845764
0.002838135
0.002746582
0.002853394
0.002830505
0.002830505
0.002754211
0.002792358
0.002784729
0.002830505
0.002792358
0.002792358
0.002769470
0.002853394
0.002868652
0.002807617
0.002769470
0.002815247
0.002822876
0.002861023
0.002853394
0.002830505
0.002792358
0.002792358
0.002792358
0.002799988
0.002792358
0.002838135
0.002807617
0.002876282
0.002845764
0.002883911
0.002822876
0.002830505
0.002784729
0.002769470
0.002899170
0.002784729
0.002861023
0.002845764
0.002822876
0.002769470
0.002845764
0.002838135
0.002784729
0.002838135
0.002769470
0.002754211
0.002861023
0.002815247
0.002799988
0.002876282
0.002777100
0.002853394
0.002845764
0.002761841
0.002761841
0.002815247
0.002868652
0.002799988
0.002822876
0.002777100
0.002815247
0.002822876
0.002838135
0.002769470
0.002807617
0.002792358
0.002799988
0.002838135
0.002853394
0.000007629
0.000000000
