0.000004352
0.000006656
0.000005536
0.000178900
0.000006816
0.000140445
0.000097904
0.000198778
0.000174843
0.000065371
0.000215851
0.000050277
0.000047699
0.000330716
0.000235111
0.000209183
0.000470519
0.000137731
0.000251085
0.000088006
0.000252962
0.000454694
0.000275195
0.000094831
0.000495523
0.000469029
0.000155181
0.000103235
0.000338525
0.000237465
0.000116825
0.000446856
0.000322163
0.000337422
0.000196695
0.000373721
0.000364542
0.000105977
0.000242054
0.000094235
0.000239193
0.000107050
0.000274658
0.000181019
0.000269413
0.000348985
0.000307024
0.000173330
0.000065565
0.000455379
0.000270784
0.000144064
0.000416636
0.000040174
0.000277221
0.000113606
0.000040710
0.000189781
0.000271559
0.000363231
0.000235081
0.000238776
0.000379324
0.000226974
0.000128150
0.000526309
0.000061393
0.000149727
0.000040174
0.000059247
0.000201583
0.000047445
0.000383735
0.000042677
0.000193000
0.000106812
0.000399232
0.000527143
0.000040174
0.000266671
0.000040174
0.000040054
0.000300288
0.000341058
0.000064850
0.000110745
0.000484347
0.000040174
0.000222445
0.000087380
0.000145912
0.000064135
0.000062823
0.000304818
0.000107527
0.000073195
0.000051498
0.000128388
0.000089526
0.000290871
0.000088453
0.000151515
0.000079989
0.000040174
0.000149131
0.000101328
0.000040293
0.000060320
0.000270605
0.000444889
0.000099421
0.000123501
0.000040054
0.001482248
0.000046968
0.000352621
0.000048637
0.000101089
0.000111341
0.000043869
0.000273943
0.000048637
0.000173092
0.000259876
0.000040054
0.000057459
0.000101089
0.000040054
0.000322580
0.000204563
0.000340462
0.000240088
0.000346661
0.000074148
0.000143051
0.000647545
0.000068903
0.001531363
0.000041723
0.000288486
0.000128984
0.000643969
0.000088692
0.000497103
0.000058651
0.000040054
0.000473261
0.000040054
0.000391245
0.000664949
0.000305176
0.000604868
0.000096321
0.000382185
0.000307798
0.000040293
0.000622034
0.000040054
0.000526905
0.000103951
0.000664711
0.000078917
0.000339270
0.000608444
0.000064611
0.000727892
0.000067472
0.000507355
0.000058889
0.000570059
0.000085115
0.000434399
0.000040054
0.000323772
0.000040293
0.000235558
0.000403166
0.000565052
0.000080109
0.000346422
0.000367165
0.000040293
0.000324488
0.000364304
0.000081301
0.000583649
0.000697136
0.000149250
0.000652790
0.000071764
0.000585556
0.000075102
0.000619411
0.000142336
0.000277281
0.000554323
0.000718594
0.000089169
0.000747681
0.001635790
0.000040293
0.000330448
0.000070095
0.000644684
0.000060558
0.000526667
0.000040054
0.000387192
0.000082970
0.000511169
0.000410557
0.000058651
0.000457764
0.000344276
0.000091076
0.000410080
0.000059605
0.000673294
0.000070572
0.000465870
0.000081539
0.000379086
0.000059128
0.000335693
0.000400543
0.000073433
0.000534058
0.000436783
0.000349998
0.000403881
0.001498222
0.000060081
0.000563622
0.000162125
0.000088692
0.000575542
0.000077248
0.000618458
0.000240803
0.000040531
0.000719070
0.000053883
0.000784397
0.000376701
0.000344753
0.000624657
0.000080109
0.000383854
0.000164509
0.000506878
0.000076294
0.000466347
0.000503540
0.000308990
0.000223637
0.000623226
0.000240803
0.000550747
0.000040054
0.000040054
0.000384331
0.000040054
0.000609875
0.000153065
0.000075340
0.000208378
0.000602245
0.000043392
0.000519276
0.000045776
0.000536919
0.000174999
0.000474453
0.000108719
0.000384331
0.000733852
0.000370026
0.000670910
0.000677109
0.000086308
0.000553131
0.000488758
0.000182152
0.000351429
0.000228882
0.000346661
0.000576019
0.000088692
0.000407219
0.000134945
0.000680923
0.000247955
0.000521183
0.000645161
0.000178337
0.000654221
0.000221729
0.000623703
0.000088692
0.000077724
0.000524044
0.000610828
0.000040054
0.000574112
0.000388622
0.000370979
0.000624180
0.000059128
0.000591278
0.000639915
0.000367641
0.000164032
0.000142097
0.000308514
0.000040054
0.000462055
0.000438213
0.000040054
0.000401974
0.000154018
0.000528812
0.000574112
0.000040531
0.000591278
0.000285149
0.000270844
0.000625134
0.000188828
0.000468731
0.000040054
0.000555038
0.000096321
0.000206470
0.000157356
0.000601292
0.000091076
0.000040054
0.000646591
0.000336647
0.000616074
0.000376225
0.000540733
0.000140190
0.000368595
0.000618458
0.000265598
0.000417233
0.000052452
0.000367641
0.000174522
0.000469208
0.000092983
0.000423908
0.000164986
0.000093937
0.000080585
0.000366211
0.000270844
0.000320911
0.000066757
0.000557899
0.000069141
0.000404835
0.000040054
0.000469685
0.000390530
0.000181675
0.000627995
0.000069141
0.000040054
0.000261784
0.000384331
0.000105858
0.000647068
0.000098705
0.000421524
0.000153065
0.000593662
0.000070572
0.000460625
0.000085831
0.000461102
0.000073910
0.000099182
0.000052929
0.000763893
0.000194550
0.000579834
0.000092030
0.000435829
0.000377178
0.000154018
0.000361919
0.000564098
0.000051975
0.000348568
0.000060081
0.000621796
0.000131130
0.000300407
0.000211716
0.000594616
0.000078678
0.000317574
0.000144482
0.000341892
0.000077248
0.000715256
0.000299454
0.000071526
0.000594139
0.000188828
0.000519753
0.000164032
0.000338554
0.000089645
0.000536919
0.000040054
0.000343323
0.000394821
0.000269890
0.000551224
0.000083923
0.000148773
0.000064850
0.000710487
0.000099182
0.000291824
0.000069618
0.000294685
0.000229836
0.000747681
0.000155449
0.000395775
0.000429153
0.000724792
0.000040054
0.000593185
0.000061035
0.000326157
0.000049591
0.000646591
0.000466347
0.000235558
0.000350952
0.000041962
0.000561714
0.000149727
0.000514030
0.000334740
0.000328064
0.000071526
0.000658035
0.000054359
0.000355721
0.000113487
0.000401497
0.000054359
0.000347137
0.000370979
0.000492096
0.000600815
0.000060081
0.000563622
0.000063896
0.000565529
0.000210762
0.000082016
0.000575066
0.000095367
0.000082016
0.000598907
0.000041008
0.000040054
0.000718117
0.000040054
0.000381470
0.000225067
0.000320435
0.000040054
0.000548363
0.000263214
0.000670433
0.000040054
0.000745773
0.000040054
0.000624657
0.000143051
0.000223160
0.000384331
0.000040054
0.000501633
0.000040054
0.000040054
0.000328064
0.000271797
0.000754356
0.000156403
0.000356674
0.000040054
0.000623703
0.000107765
0.000334740
0.000701904
0.000449181
0.000041008
0.000679970
0.000460625
0.000387192
0.000203133
0.000069618
0.000100136
0.000422478
0.000158310
0.000040054
0.000485420
0.000040054
0.000297546
0.000132561
0.000439644
0.000221252
0.000457764
0.000127792
0.000324249
0.000530243
0.000056267
0.000412941
0.000301361
0.000157356
0.000281334
0.000572205
0.000040054
0.000434875
0.000052452
0.000307083
0.000040054
0.000468254
0.000061035
0.000409126
0.000063896
0.000257492
0.000049591
0.000677109
0.000082016
0.000494957
0.000400543
0.000276566
0.000052452
0.000685692
0.000144005
0.000362396
0.000216484
0.000460625
0.000676155
0.000308990
0.000139236
0.000080109
0.000288963
0.000166893
0.000062943
0.000424385
0.000472069
0.000047684
0.000367165
0.000070572
0.000627518
0.000435829
0.000258446
0.000555038
0.000040054
0.000541687
0.000396729
0.000048637
0.000314713
0.000761032
0.000143051
0.000064850
0.000790596
0.000170708
0.000350952
0.000650406
0.000082016
0.000679016
0.000074387
0.000052452
0.000588417
0.000089645
0.000542641
0.000108719
0.000142097
0.000351906
0.000097275
0.000340462
0.000332832
0.000077248
0.000040054
0.000076294
0.000485420
0.000371933
0.000461578
0.000049591
0.000604630
0.000295639
0.000617981
0.000061989
0.000566483
0.000110626
0.000040054
0.000521660
0.000127792
0.000594139
0.000150681
0.000456810
0.000041008
0.000289917
0.000408173
0.000483513
0.000160217
0.000079155
0.000487328
0.000485420
0.000272751
0.000548363
0.000065804
0.000314713
0.000362396
0.000475883
0.000069618
0.000424385
0.000045776
0.000643730
0.000068665
0.000342369
0.000174522
0.000071526
0.000630379
0.000700951
0.000268936
0.000104904
0.000153542
0.000382423
0.000317574
0.000622749
0.000393867
0.000602722
0.000219345
0.000335693
0.000444412
0.000304222
0.000351906
0.000712395
0.000134468
0.000536919
0.000059128
0.000076294
0.000668526
0.000085831
0.000367165
0.000047684
0.000631332
0.000095367
0.000388145
0.000050545
0.000589371
0.000394821
0.000062943
0.000596046
0.000152588
0.000186920
0.000040054
0.000544548
0.000410080
0.000432014
0.000139236
0.000117302
0.000087738
0.000553131
0.000158310
0.000592232
0.000040054
0.000349998
0.000719070
0.000041008
0.000347137
0.000353813
0.000451088
0.000382423
0.000356674
0.000040054
0.000343323
0.000679016
0.000067711
0.000417709
0.000235558
0.000332832
0.000432014
0.000047684
0.000411034
0.000558853
0.000040054
0.000384331
0.000040054
0.000548363
0.000412941
0.000558853
0.000617027
0.000467300
0.000178337
0.000198364
0.000267982
0.000699043
0.000191689
0.000059128
0.000054359
0.000471115
0.000069618
0.000731468
0.000238419
0.000365257
0.000578880
0.000515938
0.000673294
0.000081062
0.000554085
0.000040054
0.000584602
0.000051498
0.000638962
0.000062943
0.000071526
0.000672340
0.000097275
0.000336647
0.000040054
0.000718117
0.000074387
0.000448227
0.000056267
0.000582695
0.000174522
0.000468254
0.000066757
0.000378609
0.000300407
0.000379562
0.000168800
0.000223160
0.000101089
0.000309944
0.000040054
0.000050545
0.000714302
0.000133514
0.000733376
0.000770569
0.000758171
0.001206398
0.000040054
0.001296997
0.000053406
0.001190186
0.000517845
0.000765800
0.000111580
0.001174927
0.000563622
0.001167297
0.000329018
0.000041008
0.000446320
0.000175476
0.000414848
0.001170158
0.000040054
0.000853539
0.000839233
0.000703812
0.000366211
0.001387596
0.000343323
0.000825882
0.000061035
0.000845909
0.000343323
0.000866890
0.000156403
0.000471115
0.001238823
0.000424385
0.001039505
0.000048637
0.000975609
0.000619888
0.001041412
0.000164986
0.000057220
0.001336098
0.000265121
0.000356674
0.000386238
0.000555038
0.000556946
0.000667572
0.000171661
0.000702858
0.000741959
0.000473976
0.000925064
0.000381470
0.000831604
0.000066757
0.000799179
0.000040054
0.000883102
0.000247955
0.000469208
0.000070572
0.000988007
0.000421524
0.001173019
0.000078201
0.000904083
0.000379562
0.000848770
0.000415802
0.000709534
0.000131607
0.001136780
0.000082016
0.000793457
0.000356674
0.000869751
0.000040054
0.000602722
0.000102997
0.000991821
0.001373291
0.000341415
0.000253677
0.001121521
0.000919342
0.000133514
0.000551224
0.001424789
0.000040054
0.000652313
0.000047684
0.001014709
0.000453949
0.001358032
0.000041962
0.000711441
0.000104904
0.000846863
0.000371933
0.000329971
0.000232697
0.001461029
0.000152588
0.000722885
0.000080109
0.000658035
0.000541687
0.001127243
0.000070572
0.000503540
0.001363754
0.000865936
0.000158310
0.000097275
0.001209259
0.001441956
0.000085831
0.000690460
0.000560760
0.000549316
0.000310898
0.000867844
0.000087738
0.000389099
0.000846863
0.000072479
0.000967026
0.001245499
0.000040054
0.000911713
0.000343323
0.001426697
0.000267029
0.001277924
0.000040054
0.000875473
0.000394821
0.001304626
0.000925064
0.000040054
0.000291824
0.000040054
0.000940323
0.000402451
0.001216888
0.000040054
0.000820160
0.000278473
0.000993729
0.000040054
0.001169205
0.000186920
0.000885010
0.000680923
0.000606537
0.000072479
0.000871658
0.000436783
0.000680923
0.000076294
0.000049591
0.000061035
0.000658035
0.001178741
0.000610352
0.000316620
0.000288010
0.000406265
0.001056671
0.000379562
0.001056671
0.000059128
0.000869751
0.000532150
0.000944138
0.001264572
0.000942230
0.000333786
0.001228333
0.000093460
0.000457764
0.001373291
0.000080109
0.000785828
0.000040054
0.000402451
0.000871658
0.000389099
0.000759125
0.000154495
0.000494003
0.001083374
0.000040054
0.000905991
0.000123978
0.000532150
0.001295090
0.000257492
0.000135422
0.000076294
0.000064850
0.000379562
0.000808716
0.001224518
0.000110626
0.000837326
0.000389099
0.000410080
0.001007080
0.000093460
0.000799179
0.000392914
0.001384735
0.000461578
0.000867844
0.000827789
0.000066757
0.000865936
0.000547409
0.001390457
0.000211716
0.001190186
0.000078201
0.000486374
0.000148773
0.000768661
0.000291824
0.000070572
0.000930786
0.000551224
0.000535965
0.000196457
0.000875473
0.000646591
0.000553131
0.000682831
0.000240326
0.000091553
0.000890732
0.000617981
0.000291824
0.000394821
0.001111984
0.000061035
0.000509262
0.000532150
0.001239777
0.000785828
0.000278473
0.000787735
0.000040054
0.000717163
0.000200272
0.000040054
0.000589371
0.000102997
0.000181198
0.000047684
0.000661850
0.001192093
0.000299454
0.000556946
0.000974655
0.000608444
0.001480103
0.000181198
0.000354767
0.000823975
0.000560760
0.000040054
0.000303268
0.000040054
0.000381470
0.000041962
0.000356674
0.000040054
0.000389099
0.000040054
0.000635147
0.000131607
0.000379562
0.000080109
0.000425339
0.000232697
0.000040054
0.000102997
0.000175476
0.000352859
0.000495911
0.000137329
0.000293732
0.000066757
0.000614166
0.000249863
0.000579834
0.000087738
0.000541687
0.000041962
0.001476288
0.000349045
0.000045776
0.000503540
0.000194550
0.000444412
0.000095367
0.000352859
0.000337601
0.000257492
0.000427246
0.000068665
0.000553131
0.000139236
0.000301361
0.000040054
0.000591278
0.000085831
0.000404358
0.000068665
0.000789642
0.000158310
0.000062943
0.000331879
0.000179291
0.000478745
0.000093460
0.000469208
0.000146866
0.000070572
0.000534058
0.000106812
0.000604630
0.000080109
0.000568390
0.000427246
0.000055313
0.001632690
0.000129700
0.000621796
0.000368118
0.000385284
0.000164032
0.000370026
0.000303268
0.000059128
0.000722885
0.000083923
0.000654221
0.000099182
0.000335693
0.000087738
0.000574112
0.000087738
0.000539780
0.000583649
0.000040054
0.000181198
0.000322342
0.000171661
0.000356674
0.000387192
0.000368118
0.000282288
0.000394821
0.000099182
0.000680923
0.000104904
0.000597000
0.000114441
0.000318527
0.000076294
0.000085831
0.000375748
0.000234604
0.000474930
0.000276566
0.000078201
0.000509262
0.000360489
0.000658035
0.000102997
0.000652313
0.000053406
0.000289917
0.000288010
0.000076294
0.000328064
0.000082016
0.000379562
0.000076294
0.000604630
0.000131607
0.000572205
0.000057220
0.000658035
0.000040054
0.000621796
0.000040054
0.000314713
0.000070572
0.000659943
0.000040054
0.000650406
0.000267029
0.000505447
0.000040054
0.000623703
0.000148773
0.000446320
0.000373840
0.000246048
0.000604630
0.000732422
0.000120163
0.000703812
0.000181198
0.000339508
0.000478745
0.000537872
0.000062943
0.000312805
0.000062943
0.000736237
0.000104904
0.000041962
0.000785828
0.000080109
0.000652313
0.000150681
0.000408173
0.000192642
0.000328064
0.000066757
0.000043869
0.000612259
0.000574112
0.000108719
0.000375748
0.000078201
0.000463486
0.000234604
0.000061035
0.000608444
0.000633240
0.000709534
0.000129700
0.000066757
0.000459671
0.000192642
0.000659943
0.000156403
0.000104904
0.000638962
0.000055313
0.000650406
0.000200272
0.000339508
0.000604630
0.000040054
0.000345230
0.000095367
0.000547409
0.000040054
0.000335693
0.000064850
0.000465393
0.000535965
0.000429153
0.000148773
0.000040054
0.000089645
0.000339508
0.000518799
0.000040054
0.000394821
0.000181198
0.000204086
0.000484467
0.000040054
0.000749588
0.000165939
0.000085831
0.000688553
0.000438690
0.000398636
0.000461578
0.000040054
0.000562668
0.000383377
0.000644684
0.000339508
0.000085831
0.000301361
0.000579834
0.000072479
0.000665665
0.000156403
0.000095367
0.000696182
0.000276566
0.000326157
0.000144958
0.000438690
0.000427246
0.000040054
0.000646591
0.000381470
0.000219345
0.000432968
0.000040054
0.000677109
0.001382828
0.000350952
0.000165939
0.000349045
0.000083923
0.000064850
0.000568390
0.000061035
0.000349045
0.000169754
0.000152588
0.000404358
0.000040054
0.000347137
0.000051498
0.000532150
0.000274658
0.000272751
0.000694275
0.000133514
0.000040054
0.000476837
0.000495911
0.000495911
0.000396729
0.000312805
0.000040054
0.000667572
0.000059128
0.000509262
0.000040054
0.000684738
0.000591278
0.000040054
0.000471115
0.000347137
0.000312805
0.000381470
0.000064850
0.000617981
0.000564575
0.000078201
0.000297546
0.000061035
0.000764847
0.000040054
0.000659943
0.000082016
0.000349045
0.000104904
0.000297546
0.000072479
0.000480652
0.000442505
0.000125885
0.000766754
0.000040054
0.000486374
0.000040054
0.000461578
0.000040054
0.000703812
0.000040054
0.000389099
0.000291824
0.000442505
0.000040054
0.000423431
0.000040054
0.000692368
0.000158310
0.000068665
0.000427246
0.000040054
0.000411987
0.000177383
0.000377655
0.000040054
0.000064850
0.000436783
0.000040054
0.000478745
0.000040054
0.000581741
0.000349045
0.000040054
0.000396729
0.000171661
0.000314713
0.000053406
0.000673294
0.000040054
0.000389099
0.000143051
0.000040054
0.000308990
0.000329971
0.000597000
0.000679016
0.000329971
0.000377655
0.000040054
0.000593185
0.000122070
0.000576019
0.000040054
0.000602722
0.000072479
0.001594543
0.000177383
0.000040054
0.000040054
0.000312805
0.000308990
0.000041962
0.000362396
0.000221252
0.000650406
0.000421524
0.000040054
0.000406265
0.000049591
0.000686646
0.000190735
0.000253677
0.000738144
0.000534058
0.000364304
0.000040054
0.000566483
0.000217438
0.000047684
0.000040054
0.000650406
0.000064850
0.000370026
0.000478745
0.000053406
0.000299454
0.000040054
0.000556946
0.000041962
0.000534058
0.000370026
0.000059128
0.000411987
0.000040054
0.000373840
0.000041962
0.000556946
0.000314713
0.000383377
0.000068665
0.000301361
0.000040054
0.000701904
0.000040054
0.000738144
0.000167847
0.000310898
0.000333786
0.000579834
0.000249863
0.000465393
0.000040054
0.000574112
0.000169754
0.000318527
0.000127792
0.000040054
0.000617981
0.000286102
0.000808716
0.000068665
0.000373840
0.000074387
0.000476837
0.000049591
0.000444412
0.000408173
0.000169754
0.000152588
0.000383377
0.000228882
0.000083923
0.000349045
0.000228882
0.000062943
0.000494003
0.000116348
0.000423431
0.000040054
0.000091553
0.000494003
0.000055313
0.000274658
0.000171661
0.000492096
0.000072479
0.000814438
0.000083923
0.000278473
0.000600815
0.000459671
0.000144958
0.000417709
0.000108719
0.000112534
0.000085831
0.000322342
0.000095367
0.000219345
0.000385284
0.000278473
0.000425339
0.000167847
0.000181198
0.000499725
0.000091553
0.000720978
0.000062943
0.000387192
0.000110626
0.000410080
0.000476837
0.000040054
0.000360489
0.000040054
0.000699997
0.000326157
0.000534058
0.000335693
0.000280380
0.000490189
0.000041962
0.000391006
0.000223160
0.000057220
0.000751495
0.000072479
0.000108719
0.000335693
0.000598907
0.000347137
0.000226974
0.000082016
0.000690460
0.000429153
0.000383377
0.000301361
0.000783920
0.000261307
0.000501633
0.000392914
0.000040054
0.000061035
0.000436783
0.000633240
0.000209808
0.000560760
0.000049591
0.000446320
0.000076294
0.000377655
0.000677109
0.000051498
0.000562668
0.000335693
0.000122070
0.000415802
0.000076294
0.000474930
0.000043869
0.000354767
0.000104904
0.000642776
0.000156403
0.000455856
0.000080109
0.000457764
0.000185013
0.000469208
0.000068665
0.000080109
0.000320435
0.000085831
0.000715256
0.000083923
0.000707626
0.000537872
0.000123978
0.000326157
0.000051498
0.000591278
0.000078201
0.000349045
0.000043869
0.000495911
0.000066757
0.000373840
0.000049591
0.000650406
0.000148773
0.000610352
0.000780106
0.000148773
0.000375748
0.000087738
0.000722885
0.000299454
0.000499725
0.000040054
0.000341415
0.000061035
0.000354767
0.000085831
0.000522614
0.000040054
0.000261307
0.000350952
0.000684738
0.000040054
0.000314713
0.000381470
0.000381470
0.000637054
0.000089645
0.000377655
0.000045776
0.000440598
0.000085831
0.000726700
0.000148773
0.000040054
0.000339508
0.000291824
0.000343323
0.000673294
0.000616074
0.000432968
0.000219345
0.000066757
0.000040054
0.000316620
0.000051498
0.000720978
0.000692368
0.000211716
0.000274658
0.000055313
0.000694275
0.000217438
0.000274658
0.000274658
0.000671387
0.000389099
0.000053406
0.000583649
0.000095367
0.000587463
0.000640869
0.000370026
0.000518799
0.000541687
0.000080109
0.000377655
0.000053406
0.000644684
0.000087738
0.000453949
0.000091553
0.000095367
0.000556946
0.000087738
0.000507355
0.000038147
0.000331879
0.000095367
0.000259399
0.000308990
0.000064850
0.000640869
0.000038147
0.000770569
0.000053406
0.000556946
0.000076294
0.000370026
0.000057220
0.000747681
0.000072479
0.000568390
0.000228882
0.000526428
0.000053406
0.000591278
0.000061035
0.000495911
0.000400543
0.000553131
0.000061035
0.000419617
0.000370026
0.000087738
0.000648499
0.000049591
0.000385284
0.000213623
0.000274658
0.000514984
0.000415802
0.000434875
0.000083923
0.000053406
0.000038147
0.000633240
0.000080109
0.000423431
0.000087738
0.000442505
0.000457764
0.000278473
0.000118256
0.000503540
0.000083923
0.001430511
0.000064850
0.000610352
0.000076294
0.000320435
0.000648499
0.000057220
0.000499725
0.000389099
0.000320435
0.000366211
0.000083923
0.000171661
0.000743866
0.000129700
0.000476837
0.000080109
0.000568390
0.000125885
0.000522614
0.000568390
0.000221252
0.000061035
0.000495911
0.000232697
0.000061035
0.000576019
0.000125885
0.000637054
0.000102997
0.000404358
0.000072479
0.000743866
0.000095367
0.000370026
0.000404358
0.000759125
0.000049591
0.000400543
0.000110626
0.000507355
0.000480652
0.000102997
0.000633240
0.000576019
0.000198364
0.000434875
0.000072479
0.000171661
0.000507355
0.000129700
0.000553131
0.000427246
0.000228882
0.000286102
0.000137329
0.000358582
0.000083923
0.000041962
0.000381470
0.000556946
0.000808716
0.000137329
0.000446320
0.000217438
0.000373840
0.000061035
0.000579834
0.000087738
0.000186920
0.000308990
0.000053406
0.000415802
0.000370026
0.000041962
0.000564575
0.000541687
0.000122070
0.000331879
0.000511169
0.000053406
0.000396729
0.000080109
0.000213623
0.000263214
0.000278473
0.000171661
0.000755310
0.000076294
0.000553131
0.000106812
0.000610352
0.000202179
0.000579834
0.000064850
0.000785828
0.000053406
0.000667572
0.000171661
0.000347137
0.000339508
0.000072479
0.000366211
0.000244141
0.000301361
0.000274658
0.000461578
0.000068665
0.000236511
0.000049591
0.000541687
0.000671387
0.000053406
0.000499725
0.000385284
0.000415802
0.000068665
0.000587463
0.000083923
0.000419617
0.000141144
0.000064850
0.000347137
0.000389099
0.000045776
0.000785828
0.000129700
0.000354767
0.000038147
0.000038147
0.000339508
0.000442505
0.000118256
0.000148773
0.000038147
0.000415802
0.000068665
0.000648499
0.000228882
0.000366211
0.000164032
0.000469208
0.000106812
0.000106812
0.000373840
0.000377655
0.000431061
0.000225067
0.000331879
0.000236511
0.000743866
0.000087738
0.000301361
0.000446320
0.000694275
0.000404358
0.000385284
0.000286102
0.000377655
0.000289917
0.000537872
0.000114441
0.000434875
0.000778198
0.000072479
0.000438690
0.000728607
0.000080109
0.000312805
0.000423431
0.000648499
0.000091553
0.000350952
0.000259399
0.000186920
0.000541687
0.000072479
0.000476837
0.000099182
0.000099182
0.000614166
0.000297546
0.000427246
0.000083923
0.000328064
0.000038147
0.000366211
0.000232697
0.000041962
0.000061035
0.000720978
0.000217438
0.000427246
0.000614166
0.000156403
0.000457764
0.000682831
0.000118256
0.000377655
0.000396729
0.000068665
0.000717163
0.000045776
0.000595093
0.000537872
0.000301361
0.000278473
0.000595093
0.000137329
0.000099182
0.000408173
0.000392914
0.000328064
0.000236511
0.000133514
0.000705719
0.000293732
0.000564575
0.000244141
0.000053406
0.000499725
0.000408173
0.000072479
0.000400543
0.000198364
0.000511169
0.000648499
0.000057220
0.000591278
0.000350952
0.000347137
0.000057220
0.000640869
0.000297546
0.000698090
0.000164032
0.000232697
0.000316620
0.000545502
0.000152588
0.000518799
0.000251770
0.000396729
0.000133514
0.000316620
0.000785828
0.000385284
0.000057220
0.000495911
0.000259399
0.000129700
0.000572205
0.000373840
0.000621796
0.000400543
0.000274658
0.000595093
0.000164032
0.000686646
0.000068665
0.000453949
0.000286102
0.000274658
0.000686646
0.000083923
0.000167847
0.000301361
0.000572205
0.000038147
0.000568390
0.000247955
0.000415802
0.000404358
0.000183105
0.000450134
0.000217438
0.000038147
0.000148773
0.000537872
0.000141144
0.000370026
0.000076294
0.000469208
0.000400543
0.000392914
0.000076294
0.000381470
0.000061035
0.000686646
0.000358582
0.000167847
0.000366211
0.000308990
0.000076294
0.000549316
0.000179291
0.000053406
0.000671387
0.000114441
0.000038147
0.000171661
0.000041962
0.000652313
0.000041962
0.000038147
0.000328064
0.000366211
0.000041962
0.000701904
0.000129700
0.000316620
0.000076294
0.000545502
0.000137329
0.000308990
0.000041962
0.000415802
0.000076294
0.000087738
0.000137329
0.000240326
0.000659943
0.000305176
0.000419617
0.000354767
0.000534058
0.000167847
0.000392914
0.000053406
0.000045776
0.000698090
0.000297546
0.000671387
0.000049591
0.000057220
0.000347137
0.000076294
0.000511169
0.000213623
0.000308990
0.000080109
0.000484467
0.000164032
0.000041962
0.000598907
0.000160217
0.000400543
0.000068665
0.000385284
0.000297546
0.000579834
0.000343323
0.000682831
0.000461578
0.001625061
0.000495911
0.000087738
0.000347137
0.000503540
0.000087738
0.000354767
0.000408173
0.000083923
0.000511169
0.000133514
0.000110626
0.000289917
0.000041962
0.000568390
0.000068665
0.000480652
0.000080109
0.000419617
0.000366211
0.000347137
0.000061035
0.000595093
0.000038147
0.000328064
0.000038147
0.000473022
0.000499725
0.000041962
0.000251770
0.000591278
0.000064850
0.000263214
0.000354767
0.000106812
0.000362396
0.000038147
0.000423431
0.000038147
0.000656128
0.000175476
0.000286102
0.000389099
0.000148773
0.000606537
0.000625610
0.000240326
0.000373840
0.000770569
0.000225067
0.000186920
0.000324249
0.000663757
0.000064850
0.000473022
0.000488281
0.000061035
0.000568390
0.000061035
0.000377655
0.000041962
0.000503540
0.000370026
0.000041962
0.000720978
0.000457764
0.000175476
0.000045776
0.000228882
0.000362396
0.000663757
0.000064850
0.000637054
0.000194550
0.000453949
0.000190735
0.000091553
0.000358582
0.000427246
0.000175476
0.000396729
0.000160217
0.000293732
0.000099182
0.000225067
0.000087738
0.000637054
0.000312805
0.000633240
0.000061035
0.000656128
0.000316620
0.000728607
0.000076294
0.000553131
0.000251770
0.000370026
0.000041962
0.000682831
0.000041962
0.000598907
0.000068665
0.000705719
0.000091553
0.000423431
0.000663757
0.000289917
0.000061035
0.000274658
0.000450134
0.000232697
0.000392914
0.000568390
0.000061035
0.000602722
0.000316620
0.000259399
0.000358582
0.000381470
0.000251770
0.000621796
0.000480652
0.000389099
0.000686646
0.000095367
0.000335693
0.000358582
0.000247955
0.000080109
0.000358582
0.000198364
0.000324249
0.000522614
0.000442505
0.000450134
0.000164032
0.000057220
0.000629425
0.000087738
0.000076294
0.000556946
0.000446320
0.000499725
0.000286102
0.000465393
0.000438690
0.000526428
0.000141144
0.000434875
0.000362396
0.000495911
0.000297546
0.000038147
0.000537872
0.000137329
0.000495911
0.000141144
0.000038147
0.000530243
0.000038147
0.000667572
0.000816345
0.000213623
0.000507355
0.000076294
0.000419617
0.000041962
0.000423431
0.000041962
0.000576019
0.000118256
0.000514984
0.000083923
0.000511169
0.000209808
0.000259399
0.000270844
0.000610352
0.000106812
0.000514984
0.000087738
0.000419617
0.000041962
0.000095367
0.000690460
0.000480652
0.000682831
0.000362396
0.000144958
0.000045776
0.000625610
0.000061035
0.000316620
0.000328064
0.000125885
0.000621796
0.000141144
0.000167847
0.000148773
0.000690460
0.000625610
0.000141144
0.000041962
0.000396729
0.000354767
0.000083923
0.000759125
0.000263214
0.000183105
0.000064850
0.000629425
0.000179291
0.000225067
0.000286102
0.000514984
0.000083923
0.001041412
0.000164032
0.000587463
0.001029968
0.000938416
0.000839233
0.000141144
0.000469208
0.001121521
0.000041962
0.000953674
0.000381470
0.001167297
0.000881195
0.000324249
0.000881195
0.000663757
0.000789642
0.000350952
0.000694275
0.000694275
0.000362396
0.001213074
0.000038147
0.000663757
0.000106812
0.000370026
0.000209808
0.000492096
0.000823975
0.001010895
0.000476837
0.000850677
0.001163483
0.000366211
0.000175476
0.000305176
0.000846863
0.000934601
0.000343323
0.001018524
0.000122070
0.000488281
0.001029968
0.000457764
0.000755310
0.000198364
0.000373840
0.000911713
0.000362396
0.000835419
0.000614166
0.001289368
0.000675201
0.000465393
0.000064850
0.000652313
0.000720978
0.000827789
0.001216888
0.000114441
0.000785828
0.000392914
0.000381470
0.001075745
0.000724792
0.000850677
0.001323700
0.000389099
0.001171112
0.000133514
0.000862122
0.000972748
0.000324249
0.001266479
0.000617981
0.001152039
0.000038147
0.000888824
0.000339508
0.000850677
0.000041962
0.000976562
0.000297546
0.000972748
0.000423431
0.000705719
0.000087738
0.001194000
0.000946045
0.000041962
0.000762939
0.000038147
0.000370026
0.001148224
0.000095367
0.001407623
0.000709534
0.000076294
0.000862122
0.000385284
0.000381470
0.000724792
0.001285553
0.000331879
0.000331879
0.000152588
0.001209259
0.000331879
0.001342773
0.000411987
0.001007080
0.000095367
0.000919342
0.000186920
0.000476837
0.000598907
0.000255585
0.000236511
0.000785828
0.000915527
0.000205994
0.000469208
0.000118256
0.000877380
0.000335693
0.001373291
0.000156403
0.000316620
0.000850677
0.000331879
0.000064850
0.000896454
0.000728607
0.000862122
0.000179291
0.000267029
0.000038147
0.000061035
0.000904083
0.000183105
0.001346588
0.000495911
0.000343323
0.000617981
0.001354218
0.000232697
0.000839233
0.000751495
0.000698090
0.000923157
0.000137329
0.000438690
0.000041962
0.001117706
0.000553131
0.001251221
0.000053406
0.000778198
0.000591278
0.001155853
0.000041962
0.001033783
0.000415802
0.001377106
0.000522614
0.001163483
0.000904083
0.000442505
0.000797272
0.001365662
0.001106262
0.000545502
0.000572205
0.001186371
0.000106812
0.000339508
0.000038147
0.000041962
0.000690460
0.000465393
0.000820160
0.000049591
0.001159668
0.000740051
0.001029968
0.000358582
0.001178741
0.000041962
0.000595093
0.000358582
0.000762939
0.000267029
0.000347137
0.000343323
0.000759125
0.000503540
0.000797272
0.000617981
0.001243591
0.000614166
0.000885010
0.000041962
0.000865936
0.001415253
0.000194550
0.000820160
0.000289917
0.000045776
0.001117706
0.000350952
0.001224518
0.000080109
0.000461578
0.001182556
0.000495911
0.001396179
0.000411987
0.000419617
0.001056671
0.001232147
0.000213623
0.000335693
0.000457764
0.000698090
0.000503540
0.000759125
0.000049591
0.001369476
0.000366211
0.000633240
0.000427246
0.000408173
0.000072479
0.001285553
0.000995636
0.000083923
0.000835419
0.001129150
0.000591278
0.000900269
0.000133514
0.000793457
0.000053406
0.001117706
0.001354218
0.000270844
0.001399994
0.000232697
0.000682831
0.000579834
0.000892639
0.000087738
0.000400543
0.000869751
0.000068665
0.000938416
0.000411987
0.001174927
0.000774384
0.000404358
0.001152039
0.000160217
0.000541687
0.000648499
0.000076294
0.000877380
0.000095367
0.000495911
0.000911713
0.000240326
0.000267029
0.000091553
0.000419617
0.000778198
0.000041962
0.000438690
0.000038147
0.000438690
0.000259399
0.000320435
0.000091553
0.000385284
0.000297546
0.000385284
0.000064850
0.000400543
0.000057220
0.000526428
0.000164032
0.001525879
0.000053406
0.000297546
0.000270844
0.000606537
0.000080109
0.000366211
0.000358582
0.000038147
0.000038147
0.000263214
0.000728607
0.000686646
0.000064850
0.000358582
0.000194550
0.000553131
0.000064850
0.000701904
0.000061035
0.000312805
0.000270844
0.000411987
0.000499725
0.000434875
0.000064850
0.000640869
0.000308990
0.000526428
0.000114441
0.000480652
0.000068665
0.000579834
0.000083923
0.000770569
0.000068665
0.000640869
0.000068665
0.000041962
0.000514984
0.000377655
0.000041962
0.000633240
0.000289917
0.000457764
0.000495911
0.000041962
0.000583649
0.000316620
0.000366211
0.000038147
0.000549316
0.000095367
0.000205994
0.000484467
0.000347137
0.000144958
0.000411987
0.000041962
0.000629425
0.000141144
0.000450134
0.000488281
0.000583649
0.000041962
0.000564575
0.000572205
0.000041962
0.000553131
0.000095367
0.000068665
0.000415802
0.000038147
0.000347137
0.000583649
0.000038147
0.000541687
0.000038147
0.000606537
0.000061035
0.000244141
0.000255585
0.000591278
0.000038147
0.000537872
0.000087738
0.000526428
0.000373840
0.000598907
0.000041962
0.000560760
0.000041962
0.000434875
0.000129700
0.000316620
0.001491547
0.000415802
0.000049591
0.000087738
0.000324249
0.000038147
0.000446320
0.000141144
0.000530243
0.000221252
0.000434875
0.000072479
0.000152588
0.000373840
0.000411987
0.000251770
0.000404358
0.000076294
0.000312805
0.000652313
0.000297546
0.000404358
0.000213623
0.000278473
0.000068665
0.000289917
0.000453949
0.000106812
0.000186920
0.001438141
0.000747681
0.000068665
0.000331879
0.000389099
0.000175476
0.000076294
0.000316620
0.000404358
0.000411987
0.000194550
0.000598907
0.000167847
0.000068665
0.000671387
0.000064850
0.000366211
0.000122070
0.000377655
0.000221252
0.000072479
0.000568390
0.000690460
0.000202179
0.000553131
0.000110626
0.000232697
0.000160217
0.000068665
0.000675201
0.000095367
0.000495911
0.000312805
0.000038147
0.000392914
0.000453949
0.000041962
0.000377655
0.000041962
0.000499725
0.000362396
0.000259399
0.000408173
0.000049591
0.000503540
0.000343323
0.000045776
0.000331879
0.000038147
0.000709534
0.000461578
0.000183105
0.000057220
0.000041962
0.000595093
0.000099182
0.000392914
0.000705719
0.000041962
0.000648499
0.000602722
0.000366211
0.000549316
0.000137329
0.000316620
0.000038147
0.000083923
0.000350952
0.000324249
0.000438690
0.000041962
0.000373840
0.000270844
0.000038147
0.000652313
0.000038147
0.000556946
0.000137329
0.000038147
0.000701904
0.000453949
0.000038147
0.000679016
0.000469208
0.000041962
0.000347137
0.000038147
0.000308990
0.000141144
0.000038147
0.000556946
0.000041962
0.000438690
0.000183105
0.000041962
0.000492096
0.000400543
0.000381470
0.000530243
0.000038147
0.000617981
0.000232697
0.000446320
0.000617981
0.000289917
0.000331879
0.000328064
0.000041962
0.000652313
0.000488281
0.000251770
0.000690460
0.000522614
0.000217438
0.000064850
0.000701904
0.000549316
0.000041962
0.000335693
0.000080109
0.000709534
0.000038147
0.000362396
0.000164032
0.000080109
0.000698090
0.000080109
0.000179291
0.000507355
0.000053406
0.000400543
0.000102997
0.000484467
0.000038147
0.000579834
0.000320435
0.000564575
0.000076294
0.000614166
0.000198364
0.000301361
0.000617981
0.000041962
0.000553131
0.000526428
0.000545502
0.000373840
0.000164032
0.000186920
0.000316620
0.000377655
0.000083923
0.000568390
0.000217438
0.000553131
0.000125885
0.000671387
0.000308990
0.000076294
0.000232697
0.000522614
0.000041962
0.000648499
0.000480652
0.000064850
0.000610352
0.000305176
0.000766754
0.000251770
0.000328064
0.000038147
0.000358582
0.000144958
0.000083923
0.000041962
0.000675201
0.000370026
0.000614166
0.000057220
0.000431061
0.000251770
0.000610352
0.000041962
0.000675201
0.000629425
0.000061035
0.000415802
0.000423431
0.000728607
0.000488281
0.000667572
0.000072479
0.000038147
0.000083923
0.000537872
0.000473022
0.000400543
0.000041962
0.000259399
0.000102997
0.000339508
0.000293732
0.000347137
0.000049591
0.000514984
0.000076294
0.000602722
0.000091553
0.000373840
0.000198364
0.000476837
0.000038147
0.000473022
0.000251770
0.000427246
0.000106812
0.000450134
0.000122070
0.000701904
0.000099182
0.000339508
0.000099182
0.000041962
0.000278473
0.000183105
0.000041962
0.000572205
0.000286102
0.000389099
0.000171661
0.000358582
0.000495911
0.000297546
0.000099182
0.000064850
0.000308990
0.000617981
0.000122070
0.000579834
0.000087738
0.000530243
0.000473022
0.000198364
0.000587463
0.000053406
0.000587463
0.000450134
0.000041962
0.000610352
0.000434875
0.000038147
0.000545502
0.000286102
0.000537872
0.000141144
0.000320435
0.000041962
0.000339508
0.000370026
0.000511169
0.000122070
0.000041962
0.000308990
0.000175476
0.000152588
0.000499725
0.000167847
0.000038147
0.000659943
0.000289917
0.000766754
0.000148773
0.000560760
0.000774384
0.000080109
0.000514984
0.000053406
0.000366211
0.000576019
0.000225067
0.000144958
0.000434875
0.000308990
0.000225067
0.000232697
0.000083923
0.000061035
0.000545502
0.000183105
0.000335693
0.000545502
0.000240326
0.000534058
0.000087738
0.000041962
0.000488281
0.000133514
0.000698090
0.000133514
0.000392914
0.000316620
0.000255585
0.000339508
0.000064850
0.000774384
0.000129700
0.000072479
0.000061035
0.000602722
0.000370026
0.000236511
0.000167847
0.000041962
0.000343323
0.000240326
0.000102997
0.000705719
0.000156403
0.000621796
0.000045776
0.000041962
0.000732422
0.000041962
0.000682831
0.000221252
0.000480652
0.000041962
0.000305176
0.000038147
0.000648499
0.000255585
0.000045776
0.000308990
0.000041962
0.000568390
0.000362396
0.000572205
0.000183105
0.000381470
0.000400543
0.000038147
0.000644684
0.000041962
0.000629425
0.000041962
0.000530243
0.000045776
0.000453949
0.000068665
0.000534058
0.000064850
0.000389099
0.000278473
0.000698090
0.000110626
0.000423431
0.000404358
0.000274658
0.000267029
0.000537872
0.000419617
0.000041962
0.000740051
0.000450134
0.000061035
0.000553131
0.000785828
0.000148773
0.000347137
0.000053406
0.000629425
0.000164032
0.000324249
0.000041962
0.000526428
0.000057220
0.000709534
0.000396729
0.000080109
0.000747681
0.000061035
0.000057220
0.000598907
0.000083923
0.000713348
0.000076294
0.000457764
0.000080109
0.000713348
0.000244141
0.000576019
0.000278473
0.000068665
0.000572205
0.000373840
0.000286102
0.000717163
0.000366211
0.000495911
0.000038147
0.000442505
0.000186920
0.000049591
0.000068665
0.000324249
0.000041962
0.000652313
0.000133514
0.000038147
0.000106812
0.000465393
0.000152588
0.000286102
0.000644684
0.000171661
0.000560760
0.000240326
0.000446320
0.000366211
0.000041962
0.000381470
0.000152588
0.000679016
0.000476837
0.000038147
0.000625610
0.000064850
0.000308990
0.000068665
0.000385284
0.000057220
0.000358582
0.000453949
0.000534058
0.000648499
0.000164032
0.000457764
0.000133514
0.000469208
0.000164032
0.000614166
0.000507355
0.000240326
0.000511169
0.000209808
0.000411987
0.000434875
0.000053406
0.000312805
0.000686646
0.000076294
0.000270844
0.000461578
0.000240326
0.000167847
0.000507355
0.000141144
0.000057220
0.000637054
0.000152588
0.000640869
0.000041962
0.000171661
0.000164032
0.000312805
0.000038147
0.000473022
0.000476837
0.000759125
0.000209808
0.000717163
0.000095367
0.000503540
0.000038147
0.000537872
0.000057220
0.000438690
0.000701904
0.000308990
0.000038147
0.000610352
0.000148773
0.000041962
0.000572205
0.000038147
0.000339508
0.000370026
0.000061035
0.000526428
0.000068665
0.000404358
0.000102997
0.000247955
0.000186920
0.000476837
0.000061035
0.000415802
0.000583649
0.000156403
0.000053406
0.000408173
0.000701904
0.000373840
0.000061035
0.000633240
0.000061035
0.000530243
0.000244141
0.000305176
0.000469208
0.000656128
0.000137329
0.000503540
0.000068665
0.000511169
0.000057220
0.000652313
0.000198364
0.000308990
0.000133514
0.000328064
0.000476837
0.000240326
0.000511169
0.000049591
0.000469208
0.000083923
0.000057220
0.000450134
0.000087738
0.000690460
0.000328064
0.000640869
0.000293732
0.000473022
0.000064850
0.000377655
0.000198364
0.000396729
0.000053406
0.000354767
0.000385284
0.000530243
0.000087738
0.000679016
0.000068665
0.000320435
0.000221252
0.000473022
0.000137329
0.000053406
0.000503540
0.000297546
0.000480652
0.000061035
0.000373840
0.000076294
0.000389099
0.000076294
0.000518799
0.000053406
0.000427246
0.000144958
0.000076294
0.000534058
0.000053406
0.000663757
0.000045776
0.000267029
0.000320435
0.000045776
0.000534058
0.000106812
0.000068665
0.000381470
0.000091553
0.000610352
0.000175476
0.000091553
0.000320435
0.000167847
0.000099182
0.000328064
0.000343323
0.000366211
0.000068665
0.000267029
0.000465393
0.000358582
0.000175476
0.000267029
0.000808716
0.000305176
0.000183105
0.000617981
0.000350952
0.000122070
0.000305176
0.000190735
0.000572205
0.000083923
0.000221252
0.000083923
0.000686646
0.000564575
0.000106812
0.000381470
0.000228882
0.000160217
0.000518799
0.000671387
0.000099182
0.000534058
0.000282288
0.000244141
0.000442505
0.000045776
0.000312805
0.000053406
0.000503540
0.000709534
0.000114441
0.000534058
0.000122070
0.000282288
0.000144958
0.000717163
0.000579834
0.000198364
0.000701904
0.000076294
0.000549316
0.000373840
0.000053406
0.000297546
0.000633240
0.000061035
0.000579834
0.000114441
0.000595093
0.000633240
0.000251770
0.000411987
0.000099182
0.000488281
0.000205994
0.000579834
0.000396729
0.000038147
0.000679016
0.000099182
0.000137329
0.000549316
0.000038147
0.000419617
0.000083923
0.000389099
0.000183105
0.000038147
0.000633240
0.000045776
0.000556946
0.000335693
0.000503540
0.000038147
0.000053406
0.000038147
0.000549316
0.000144958
0.000289917
0.000427246
0.000404358
0.000526428
0.000381470
0.000282288
0.000572205
0.000045776
0.000648499
0.000343323
0.000633240
0.000045776
0.000633240
0.000068665
0.000373840
0.000289917
0.000328064
0.000129700
0.000572205
0.000610352
0.000236511
0.000289917
0.000785828
0.000160217
0.000602722
0.000061035
0.000419617
0.000419617
0.000762939
0.000083923
0.000068665
0.000404358
0.000389099
0.000213623
0.000312805
0.000076294
0.000656128
0.000259399
0.000068665
0.000541687
0.000144958
0.000610352
0.000061035
0.000419617
0.000358582
0.000305176
0.000427246
0.000282288
0.000389099
0.000076294
0.000091553
0.000366211
0.000610352
0.000083923
0.000274658
0.000083923
0.000480652
0.000068665
0.000297546
0.000091553
0.000610352
0.000068665
0.000358582
0.000091553
0.000679016
0.000480652
0.000366211
0.000328064
0.000411987
0.000114441
0.000076294
0.000343323
0.000045776
0.000579834
0.000381470
0.000061035
0.000320435
0.000099182
0.000617981
0.000679016
0.000236511
0.000251770
0.000083923
0.000572205
0.000152588
0.000343323
0.000511169
0.000572205
0.000038147
0.000694275
0.000137329
0.000328064
0.000099182
0.000473022
0.000083923
0.000053406
0.000526428
0.000061035
0.000457764
0.000160217
0.000312805
0.000137329
0.000564575
0.000144958
0.000610352
0.000221252
0.000267029
0.000038147
0.000595093
0.000373840
0.000038147
0.000595093
0.000373840
0.000053406
0.000198364
0.000038147
0.000564575
0.000091553
0.000724792
0.000251770
0.000144958
0.000350952
0.000274658
0.000411987
0.000320435
0.000091553
0.000137329
0.000083923
0.000297546
0.000686646
0.000289917
0.000534058
0.000396729
0.000228882
0.000740051
0.000045776
0.000457764
0.000076294
0.000564575
0.000312805
0.000038147
0.000564575
0.000076294
0.000083923
0.000556946
0.000083923
0.000556946
0.000068665
0.000122070
0.000732422
0.000061035
0.000350952
0.000068665
0.000320435
0.000694275
0.000061035
0.000534058
0.000061035
0.000373840
0.000244141
0.000061035
0.000564575
0.000144958
0.000053406
0.000411987
0.000526428
0.000648499
0.000297546
0.000671387
0.000228882
0.000572205
0.000038147
0.000663757
0.000114441
0.000366211
0.000053406
0.000457764
0.000068665
0.000564575
0.000541687
0.000053406
0.000289917
0.000740051
0.000122070
0.000419617
0.000503540
0.000045776
0.000564575
0.000045776
0.000373840
0.000061035
0.000366211
0.000686646
0.000419617
0.000427246
0.000083923
0.000305176
0.000061035
0.000434875
0.000083923
0.000099182
0.000663757
0.000061035
0.000556946
0.000106812
0.000091553
0.000488281
0.000167847
0.000038147
0.000221252
0.000366211
0.000038147
0.000740051
0.000038147
0.000442505
0.000267029
0.000328064
0.000061035
0.000518799
0.000091553
0.000404358
0.000511169
0.000274658
0.000717163
0.000389099
0.000061035
0.000610352
0.000335693
0.000541687
0.000076294
0.000297546
0.000579834
0.000038147
0.000686646
0.000091553
0.001502991
0.000045776
0.000640869
0.000122070
0.000564575
0.000053406
0.000717163
0.000091553
0.000038147
0.000663757
0.000686646
0.000282288
0.000259399
0.000381470
0.000038147
0.000389099
0.000053406
0.000503540
0.000404358
0.000267029
0.000411987
0.000244141
0.000038147
0.000556946
0.000083923
0.000167847
0.000564575
0.000038147
0.000694275
0.000144958
0.000450134
0.000038147
0.000534058
0.000183105
0.000724792
0.000396729
0.000381470
0.000045776
0.000358582
0.000045776
0.000335693
0.000534058
0.000099182
0.000679016
0.000038147
0.000709534
0.000305176
0.000396729
0.000099182
0.000671387
0.000038147
0.000541687
0.000144958
0.000343323
0.000785828
0.000114441
0.000373840
0.000045776
0.000564575
0.000556946
0.000343323
0.000602722
0.000106812
0.000503540
0.000251770
0.000793457
0.000129700
0.000068665
0.000305176
0.000091553
0.000419617
0.000068665
0.000396729
0.000373840
0.000381470
0.000518799
0.000358582
0.000236511
0.000671387
0.000129700
0.000274658
0.000076294
0.000358582
0.000045776
0.000656128
0.000083923
0.000091553
0.000152588
0.000564575
0.000045776
0.000541687
0.000541687
0.000137329
0.000061035
0.000091553
0.000305176
0.000389099
0.000076294
0.000656128
0.000114441
0.000579834
0.000083923
0.000404358
0.000045776
0.000045776
0.000732422
0.000061035
0.000549316
0.000267029
0.000366211
0.000083923
0.000343323
0.000038147
0.000648499
0.000389099
0.000312805
0.000091553
0.000457764
0.000099182
0.000297546
0.000175476
0.000389099
0.000129700
0.000457764
0.000396729
0.000114441
0.000404358
0.000190735
0.000289917
0.000671387
0.000045776
0.000343323
0.000549316
0.000038147
0.000633240
0.000190735
0.000411987
0.000541687
0.000045776
0.000480652
0.000732422
0.000160217
0.000350952
0.000045776
0.000610352
0.000198364
0.000503540
0.000190735
0.000595093
0.000480652
0.000045776
0.000701904
0.000160217
0.000579834
0.000297546
0.000335693
0.000091553
0.000625610
0.000137329
0.000564575
0.000083923
0.000518799
0.000122070
0.000366211
0.000122070
0.000579834
0.000106812
0.000396729
0.000366211
0.000549316
0.000076294
0.000701904
0.000129700
0.000160217
0.000556946
0.000068665
0.000717163
0.000450134
0.000076294
0.000396729
0.000091553
0.000160217
0.000511169
0.000274658
0.000427246
0.000106812
0.000556946
0.000114441
0.000068665
0.000450134
0.000038147
0.001380920
0.000732422
0.000648499
0.000274658
0.000846863
0.000907898
0.000411987
0.001022339
0.000701904
0.000495911
0.001319885
0.000053406
0.000831604
0.000114441
0.000869751
0.000305176
0.000915527
0.000053406
0.000434875
0.001380920
0.000053406
0.000625610
0.000091553
0.000457764
0.000648499
0.000915527
0.000267029
0.000724792
0.000061035
0.000907898
0.000556946
0.001251221
0.000320435
0.000724792
0.000083923
0.001228333
0.000228882
0.000480652
0.000061035
0.001296997
0.000091553
0.001091003
0.000457764
0.000465393
0.000762939
0.000701904
0.000526428
0.000862122
0.000488281
0.000579834
0.000907898
0.000549316
0.000427246
0.000068665
0.000831604
0.000511169
0.000411987
0.000213623
0.000877380
0.000091553
0.000808716
0.000938416
0.000305176
0.000251770
0.000419617
0.000801086
0.000358582
0.000770569
0.000038147
0.000923157
0.000534058
0.000579834
0.000045776
0.000038147
0.000701904
0.000450134
0.001243591
0.000038147
0.001350403
0.000038147
0.001136780
0.000411987
0.000434875
0.000396729
0.000091553
0.000419617
0.000320435
0.000144958
0.000595093
0.000808716
0.000228882
0.000679016
0.000045776
0.001098633
0.000061035
0.000869751
0.000617981
0.000045776
0.001258850
0.001182556
0.000038147
0.000755310
0.000038147
0.000740051
0.000518799
0.000762939
0.000442505
0.000419617
0.001304626
0.000885010
0.000061035
0.000823975
0.000373840
0.000869751
0.000152588
0.001441956
0.000129700
0.000648499
0.000312805
0.000938416
0.000640869
0.000946045
0.000061035
0.000885010
0.000038147
0.000900269
0.000473022
0.001335144
0.000434875
0.000633240
0.001167297
0.000068665
0.000473022
0.000755310
0.000335693
0.001007080
0.000556946
0.000717163
0.000572205
0.000175476
0.000366211
0.000915527
0.000076294
0.000923157
0.000038147
0.000831604
0.000076294
0.001327515
0.000526428
0.000465393
0.000724792
0.000228882
0.001152039
0.000061035
0.000305176
0.000061035
0.001373291
0.000816345
0.000518799
0.000846863
0.000129700
0.000869751
0.000205994
0.001136780
0.000061035
0.001152039
0.000389099
0.000656128
0.000785828
0.000091553
0.000068665
0.000404358
0.001075745
0.000946045
0.000579834
0.001388550
0.000511169
0.000862122
0.000152588
0.000679016
0.000358582
0.000366211
0.000556946
0.000579834
0.000953674
0.001342773
0.000457764
0.000038147
0.000862122
0.000389099
0.000953674
0.000267029
0.000633240
0.000907898
0.001091003
0.000900269
0.001159668
0.000068665
0.000534058
0.000724792
0.000381470
0.000862122
0.000167847
0.000038147
0.000923157
0.000167847
0.000556946
0.000869751
0.000465393
0.001396179
0.000038147
0.000312805
0.000244141
0.000038147
0.000640869
0.000045776
0.000617981
0.000038147
0.000671387
0.000045776
0.000877380
0.000152588
0.000617981
0.000045776
0.000328064
0.000656128
0.000335693
0.000862122
0.000045776
0.000854492
0.001022339
0.000144958
0.001220703
0.000038147
0.001190186
0.000053406
0.001068115
0.000122070
0.000312805
0.000381470
0.000549316
0.000228882
0.001129150
0.000587463
0.000328064
0.001449585
0.000038147
0.001373291
0.000320435
0.000144958
0.000877380
0.000259399
0.001022339
0.000373840
0.000061035
0.001052856
0.000541687
0.000686646
0.000343323
0.000816345
0.000411987
0.000793457
0.001083374
0.001213074
0.001487732
0.000144958
0.000915527
0.000648499
0.000854492
0.000419617
0.000450134
0.000289917
0.000122070
0.000602722
0.000396729
0.000366211
0.000389099
0.000106812
0.000297546
0.000068665
0.000038147
0.000160217
0.000267029
0.000617981
0.000198364
0.000686646
0.000129700
0.000427246
0.000053406
0.000572205
0.000061035
0.000701904
0.000160217
0.000358582
0.000274658
0.000762939
0.000061035
0.000564575
0.000038147
0.000427246
0.000061035
0.000389099
0.000358582
0.000381470
0.000053406
0.000556946
0.000144958
0.000549316
0.000076294
0.000083923
0.000289917
0.000633240
0.000236511
0.000724792
0.000274658
0.000396729
0.000411987
0.000633240
0.000373840
0.000106812
0.000396729
0.000328064
0.000503540
0.000289917
0.000633240
0.000579834
0.000358582
0.000297546
0.000045776
0.000038147
0.000526428
0.000625610
0.000099182
0.000320435
0.000511169
0.000045776
0.000419617
0.000083923
0.000381470
0.000381470
0.000442505
0.000274658
0.000175476
0.000038147
0.000671387
0.000267029
0.000045776
0.000526428
0.000617981
0.000038147
0.000328064
0.000045776
0.000343323
0.000045776
0.000381470
0.000564575
0.000053406
0.000335693
0.000358582
0.000526428
0.000083923
0.000251770
0.000068665
0.000617981
0.000038147
0.000610352
0.000679016
0.000427246
0.000045776
0.000328064
0.000785828
0.000221252
0.000518799
0.000373840
0.000038147
0.000579834
0.000190735
0.000534058
0.000381470
0.000427246
0.000038147
0.000617981
0.000167847
0.000053406
0.000068665
0.000564575
0.000099182
0.000511169
0.000076294
0.000587463
0.000076294
0.000068665
0.000373840
0.000511169
0.000335693
0.000282288
0.000114441
0.000595093
0.000205994
0.000106812
0.000633240
0.000236511
0.000038147
0.000656128
0.000251770
0.000297546
0.000114441
0.000282288
0.000404358
0.000038147
0.000740051
0.000152588
0.000045776
0.000236511
0.000289917
0.000091553
0.000556946
0.000442505
0.000190735
0.000061035
0.000190735
0.000335693
0.000473022
0.000106812
0.000312805
0.000099182
0.000549316
0.000038147
0.000328064
0.000541687
0.000541687
0.000396729
0.000183105
0.000633240
0.000488281
0.000091553
0.000587463
0.000045776
0.000312805
0.000068665
0.000434875
0.000038147
0.000083923
0.000717163
0.000061035
0.000312805
0.000038147
0.000602722
0.000328064
0.000625610
0.000068665
0.000099182
0.000442505
0.000045776
0.000350952
0.000381470
0.000152588
0.000061035
0.000633240
0.000076294
0.000335693
0.000114441
0.000228882
0.000495911
0.000198364
0.000648499
0.000190735
0.000366211
0.000442505
0.000068665
0.000549316
0.000160217
0.000526428
0.000411987
0.000053406
0.000617981
0.000602722
0.000129700
0.000450134
0.000099182
0.000572205
0.000160217
0.000602722
0.000762939
0.000091553
0.000099182
0.000541687
0.000549316
0.000038147
0.000610352
0.000045776
0.000564575
0.000221252
0.000213623
0.000633240
0.000083923
0.000259399
0.000633240
0.000083923
0.000587463
0.000205994
0.000541687
0.000091553
0.000617981
0.000175476
0.000442505
0.000221252
0.000411987
0.000038147
0.000671387
0.000061035
0.000511169
0.000068665
0.000503540
0.000083923
0.000526428
0.000167847
0.000167847
0.000442505
0.000106812
0.000320435
0.000038147
0.000495911
0.000068665
0.000740051
0.000274658
0.000587463
0.000038147
0.000610352
0.000228882
0.000549316
0.000045776
0.000045776
0.000671387
0.000534058
0.000038147
0.000625610
0.000572205
0.000312805
0.000061035
0.000419617
0.000602722
0.000053406
0.000686646
0.000274658
0.000732422
0.000144958
0.000656128
0.000083923
0.000404358
0.000152588
0.000709534
0.000061035
0.000541687
0.000358582
0.000053406
0.000740051
0.000556946
0.000083923
0.000053406
0.000312805
0.000625610
0.000160217
0.000213623
0.000572205
0.000053406
0.000740051
0.000297546
0.000251770
0.000572205
0.000198364
0.000358582
0.000106812
0.000137329
0.000335693
0.000083923
0.000373840
0.000183105
0.000045776
0.000518799
0.000167847
0.000534058
0.000038147
0.000625610
0.000083923
0.000350952
0.000076294
0.000404358
0.000320435
0.000244141
0.000175476
0.000755310
0.000152588
0.000122070
0.000289917
0.000610352
0.000244141
0.000053406
0.000038147
0.000038147
0.000534058
0.000038147
0.000366211
0.000343323
0.000511169
0.000045776
0.000541687
0.000244141
0.000045776
0.000633240
0.000076294
0.000305176
0.000038147
0.000389099
0.000038147
0.000656128
0.000106812
0.000480652
0.000190735
0.000633240
0.000679016
0.000137329
0.000274658
0.000061035
0.000167847
0.000457764
0.000335693
0.000740051
0.000076294
0.000709534
0.000236511
0.000503540
0.000045776
0.000686646
0.000160217
0.000648499
0.000167847
0.000404358
0.000061035
0.000305176
0.000389099
0.000045776
0.000701904
0.000144958
0.000083923
0.000663757
0.000045776
0.000152588
0.000663757
0.000053406
0.000183105
0.000076294
0.000152588
0.000091553
0.000137329
0.000427246
0.000045776
0.000396729
0.000129700
0.000595093
0.000389099
0.000083923
0.000534058
0.000053406
0.000473022
0.000129700
0.000389099
0.000099182
0.000091553
0.000038147
0.000556946
0.000541687
0.000328064
0.000404358
0.000106812
0.000038147
0.000679016
0.000305176
0.000038147
0.000541687
0.000106812
0.000434875
0.000038147
0.000328064
0.000038147
0.000762939
0.000045776
0.000358582
0.000274658
0.000038147
0.000648499
0.000038147
0.000305176
0.000160217
0.000526428
0.000251770
0.000038147
0.000091553
0.000038147
0.000740051
0.000205994
0.000495911
0.000038147
0.000396729
0.000038147
0.000701904
0.000236511
0.000358582
0.000175476
0.000350952
0.000305176
0.000335693
0.000038147
0.000556946
0.000129700
0.000457764
0.000595093
0.000114441
0.000381470
0.000076294
0.000404358
0.000175476
0.000457764
0.000610352
0.000183105
0.000411987
0.000076294
0.000427246
0.000091553
0.000076294
0.000648499
0.000610352
0.000091553
0.000297546
0.000396729
0.000579834
0.000114441
0.000137329
0.000373840
0.000488281
0.000274658
0.000457764
0.000358582
0.000114441
0.000152588
0.000488281
0.000625610
0.000061035
0.000381470
0.000045776
0.000709534
0.000061035
0.000701904
0.000465393
0.000076294
0.000373840
0.000053406
0.000343323
0.000770569
0.000045776
0.000404358
0.000602722
0.000175476
0.000633240
0.000213623
0.000328064
0.000053406
0.000625610
0.000160217
0.000053406
0.000648499
0.000106812
0.000320435
0.000099182
0.000068665
0.000541687
0.000152588
0.000389099
0.000106812
0.000236511
0.000740051
0.000061035
0.000434875
0.000129700
0.000343323
0.000000000
0.000022888
