0.000744667
0.0006695540000000002
0.001346407
0.001118162
0.0011046040000000001
0.005652364
0.007044992000000001
0.007351719
0.0033363990000000003
0.005437185999999999
0.007158528
0.006450697
0.006811024000000001
0.007101293999999999
0.004166642999999999
0.009605843999999999
0.006392451
0.005699827999999999
0.010511482
0.0072194320000000005
0.0072092760000000014
0.005182522999999999
0.006424928999999999
0.00658532
0.006349471
0.007893479
0.006115622000000001
0.004437789
0.011248250999999999
0.00815697
0.007015551000000001
0.009300327
0.009516739
0.005963815
0.007729392
0.006165311000000001
0.007393255
0.007278106
0.006198128
0.007612077
0.0058314610000000005
0.005065951000000001
0.006841636999999999
0.0072771350000000005
0.0058182189999999995
0.007775402999999999
0.006781008
0.005232953
0.004424201
0.006234850000000001
0.006619795
0.007635751
0.006292244999999999
0.007299496999999999
0.006628322000000001
0.007740886
0.005834051
0.008895289999999998
0.007432698000000001
0.0065284290000000005
0.007086436
0.007497569
0.009181445000000002
0.012839384
0.006229262
0.008532732
0.011211912
0.006304077
0.006215157000000001
0.007260615
0.006410544
0.005706389000000001
0.007730509
0.0055087320000000006
0.00630178
0.007282179000000001
0.011778287000000002
0.008402116000000001
0.007238373999999999
0.008252445
0.0059969080000000004
0.006508603000000001
0.008479359
0.006801658
0.006236100999999999
0.008719501
0.006640134
0.007030206
0.007109525
0.007124122000000001
0.006090688000000001
0.007480567999999998
0.007138614999999999
0.006995543
0.0066273849999999995
0.005240702
0.008281631999999999
0.006794268
0.006436079
0.009410951999999998
0.007470947000000001
0.007623933
0.007741601000000001
0.008263435999999999
0.005171786999999999
0.006854565
0.008015646000000001
0.009660940000000002
0.0063276980000000005
0.006883205
0.00574051
0.00658703
0.007442258
0.005881186
0.006750995
0.010678321000000001
0.006660693999999999
0.009019039
0.0060544119999999995
0.005996549
0.007328931
0.008250245
0.00535333
0.005911215
0.006069466
0.00921511
0.006691363
0.006961108999999998
0.0072528919999999995
0.006030211
0.004665938
0.004780307999999999
0.011225155999999998
0.005429710999999999
0.004944911000000001
0.009626590999999999
0.008211325
0.007927842999999999
0.008197148999999999
0.007066290000000001
0.010531378000000001
0.006904899
0.007356651
0.006727378
0.007605353000000001
0.009104599
0.007188558000000001
0.009462318
0.0058035249999999995
0.008191361000000001
0.0077125250000000005
0.0067317359999999994
0.010860991000000002
0.012395449999999999
0.005446333
0.0075798969999999995
0.011657459999999998
0.010091672000000001
0.005045864000000001
0.0076802070000000005
0.005956859
0.00940249
0.006113535
0.006478373
0.007865627
0.006589355
0.007999776
0.006591343
0.007074512
0.009221413
0.011434293
0.008260027000000001
0.006373902999999999
0.007146597
0.007868477
0.008137231
0.009112592
0.01182455
0.00669209
0.005241134999999999
0.005596967
0.005744989
0.009100574
0.007422497
0.007821217
0.007377021000000001
0.007252339000000001
0.006022125
0.006293456
0.011225880999999998
0.008951127000000001
0.006142781
0.008407307
0.008744706
0.005974910999999999
0.010347828000000002
0.006570891999999999
0.011791369999999999
0.005893288
0.0062925640000000005
0.007841022
0.006422789000000001
0.010770996000000001
0.012553520999999998
0.006840343
0.0069462069999999985
0.005995512
0.011009650000000001
0.007260734
0.007087145
0.006243355
0.006715092999999998
0.011468695999999999
0.011939475
0.006061676000000001
0.0064017069999999995
0.008497751000000001
0.007433621999999999
0.011342956999999999
0.007171261
0.008832227
0.006238157
0.006449535
0.006310163
0.010902888999999999
0.0070460290000000005
0.009321553
0.007159815999999999
0.006762606000000001
0.010108732
0.005564252000000001
0.007945102
0.008528291
0.012476889000000001
0.010762592
0.006671905
0.007460011999999999
0.005905533
0.01042376
0.010315797
0.006028288999999999
0.013683698
0.006418495999999999
0.011774158999999998
0.009485186000000001
0.007157507
0.006028718
0.004751708
0.011617657
0.00679199
0.005327336
0.007670874
0.008629909
0.007213668
0.007563096
0.00561405
0.0074002
0.0066445919999999995
0.006633034999999999
0.005693012
0.008850434
0.009540495
0.006616716999999999
0.007450744
0.006868205
0.007285144000000001
0.007182228999999999
0.007433675
0.009685426
0.007208813
0.010523005
0.004963743999999999
0.007926814
0.010570587000000003
0.009734212000000003
0.012487166000000001
0.006268450000000001
0.008156601000000001
0.010795171
0.007699711
0.005809479999999999
0.006211050999999999
0.008165081999999999
0.007435525
0.005942236
0.008143783
0.0073309809999999994
0.006021875
0.007868651999999999
0.010417810000000001
0.007208259999999999
0.012473411
0.006770331
0.007057663
0.009687023000000001
0.010257162
0.008230451
0.007847373
0.007387237
0.011755857
0.009511176999999999
0.007029566
0.010104524
0.0071360780000000006
0.009621762000000002
0.005181837000000001
0.013448100000000001
0.008868148000000001
0.00669385
0.007824826
0.006222716
0.007841652000000001
0.00788126
0.007620212
0.006451617
0.0076078840000000005
0.008167218
0.007678532
0.006940106999999998
0.006279906
0.005922174
0.007524767
0.006382358
0.007733781999999999
0.006454683000000001
0.009810358
0.010968211
0.009237387
0.006140685
0.007704961000000001
0.004951984
0.006284204000000002
0.005838495000000001
0.007296148
0.007998761
0.0067982020000000015
0.007145649
0.005706055999999999
0.005690135999999999
0.007861481
0.007139250000000001
0.008811591
0.007351766
0.006999340000000001
0.011457137000000003
0.011085617
0.010011203
0.006331959
0.007292001999999999
0.006555797000000001
0.012053292
0.006071544
0.00727107
0.007866147
0.006425611
0.011108897
0.005260114
0.0062809450000000005
0.008104384
0.028889115
0.01765681
0.0056943689999999995
0.022755002999999996
0.010747113999999999
0.008772881
0.017132595
0.034196303000000004
0.011163103
0.035918894
0.005690199
0.018349739
0.005910789
0.031655811
0.029599890999999996
0.0076089420000000005
0.007222178999999999
0.007966659
0.033452074000000005
0.0192551
0.007130696000000001
0.007673218000000001
0.0077979600000000005
0.031048011000000004
0.018831026
0.006955507
0.029332702999999998
0.011573453000000001
0.03804647399999999
0.017306451
0.009053412
0.006979016999999998
0.033902940000000006
0.010484077000000001
0.030075771
0.007215336999999999
0.005032257000000001
0.015426544
0.030421198000000003
0.01493985
0.024870046
0.021507855000000003
0.005507967000000001
0.017302270999999998
0.03504614300000001
0.02924228
0.009516967000000001
0.011662505999999998
0.03831197900000001
0.027479442000000003
0.007413473
0.02727728
0.013142930999999998
0.035268176
0.020824554000000002
0.008335305000000001
0.042281587
0.0072200039999999995
0.007214414
0.035864617999999994
0.007765775000000001
0.026751340000000002
0.010110955999999999
0.011414638000000001
0.027788429
0.026737406999999998
0.011195379
0.008844118
0.007235028
0.029642701
0.023598402999999997
0.008989897999999998
0.005906495999999999
0.034593385
0.021748553
0.006009723999999999
0.041587232
0.010291913
0.039274234000000005
0.015478906999999998
0.03985609099999999
0.036128331
0.021561043
0.009313407999999999
0.009070921
0.007580552999999999
0.023706465999999995
0.011119611
0.03255392099999999
0.010191542999999999
0.008457299
0.029861188
0.035577874999999995
0.008955803
0.010022477
0.010308508999999999
0.023696139000000005
0.0072321519999999995
0.038399521
0.00643219
0.03582324099999999
0.012479516
0.011211059
0.006835282
0.026587748999999997
0.03470789600000001
0.022782366000000002
0.005834521
0.007497175
0.007723004
0.007535363
0.007434111
0.007399604000000001
0.011107394
0.0055280220000000005
0.006429424
0.00997864
0.00650851
0.006570460000000001
0.005255927999999999
0.0054078170000000005
0.006797920000000001
0.008064375
0.010903731
0.006730788999999999
0.008903850000000001
0.007247679999999999
0.0070194870000000005
0.007260772
0.005360680000000001
0.009353953
0.010678268
0.007262332
0.007483433999999999
0.005260376999999999
0.005315251
0.010386594
0.006871587
0.005053264000000001
0.004637857
0.008723195
0.012790715
0.008133976000000001
0.006423583
0.0055274470000000004
0.010143346000000001
0.007394222999999999
0.005460849
0.006547343
0.008336107999999998
0.007534885
0.007325279
0.005737937
0.011981227
0.009293576
0.009157245999999999
0.007422824000000001
0.008998467999999999
0.006413396000000001
0.011085751
0.010688704
0.0063014709999999995
0.007800683000000001
0.007043161000000001
0.00746399
0.007504075000000001
0.007402356
0.005279778000000001
0.007676466000000001
0.0043799929999999996
0.006625671999999999
0.0057066339999999995
0.006403465
0.006969371000000001
0.009004043
0.009838985
0.0062125950000000004
0.005573257
0.009233622
0.006610527000000001
0.006733938
0.014092180000000001
0.006643653000000001
0.007210278
0.007804462000000001
0.010021953
0.005473967999999998
0.005878782
0.0056703230000000006
0.006036247
0.007410674000000001
0.01178018
0.006297293
0.006741379
0.006864249
0.010455245
0.013093896999999998
0.005095091999999999
0.009857999
0.013675717
0.007289441
0.011614598
0.0076860900000000005
0.009360141
0.0068019000000000005
0.0076693690000000005
0.007579613999999999
0.005166418999999999
0.009699843
0.007360109
0.006820075000000002
0.005385747
0.007549333
0.007798859
0.010904363999999998
0.005748922000000001
0.006157421
0.008194745000000002
0.009782696
0.007116209
0.006471191
0.006572766000000001
0.00559889
0.010514962
0.012841745
0.007902629999999999
0.006245014
0.005788450999999999
0.007924378999999999
0.007410616
0.007906602
0.006330188
0.007907055
0.007616366999999999
0.008060768
0.007601172999999999
0.009462883000000002
0.01257409
0.007687439
0.006816363000000001
0.005059152
0.005231519
0.009741192000000001
0.006168704
0.007592462
0.012324407
0.00697521
0.006808753000000001
0.010344274
0.006958651999999999
0.010610886999999998
0.010440893
0.005443032
0.007846612999999999
0.006430072
0.007091431000000001
0.007259141999999999
0.007749534000000001
0.008385212999999999
0.009478932
0.008735897
0.013936194
0.011799807
0.007520152000000001
0.012141077
0.008146912
0.008835167
0.007600076
0.007307793000000001
0.006937998
0.006422335
0.0061956170000000005
0.007205053999999999
0.005576937
0.010584297
0.011942552999999998
0.008961456
0.009156931
0.0053400900000000005
0.008021006
0.005967034
0.005961178
0.006880503999999998
0.005613987
0.010571092999999998
0.007034373
0.005329143
0.008442381999999998
0.007185281000000001
0.009011055
0.00846648
0.007613722000000001
0.008688658
0.006412223000000001
0.0072620639999999995
0.007235358
0.0070312460000000005
0.007311582
0.007995337
0.006929208
0.012729195
0.006947636
0.007328267
0.006593548
0.006810235
0.0065767280000000004
0.006257275
0.006270741999999999
0.007826075
0.007521634999999999
0.00756156
0.008278925000000001
0.006253916
0.006292798999999999
0.008557748999999998
0.006332153
0.011707050999999998
0.010861303000000001
0.008204354
0.010521162
0.008037523999999999
0.006826946999999999
0.007704031
0.008034079999999999
0.008805780000000001
0.0074559809999999995
0.007913287
0.008271409999999998
0.008968769000000001
0.007087316000000001
0.008675041999999999
0.005467733999999999
0.006468719999999999
0.007102044000000001
0.005411918000000001
0.010376504
0.008172065
0.007532134
0.0061396509999999994
0.008223179
0.010228247000000001
0.007691455000000001
0.008075994
0.0067962510000000005
0.0059596200000000005
0.012148857
0.005571223
0.009299802
0.007916975
0.006705346999999999
0.010701903999999998
0.007706726
0.0065079
0.006624378999999999
0.010853981999999998
0.009737632
0.008514776000000002
0.0073655579999999995
0.005794897
0.008353628
0.007748663
0.008419997
0.011959831999999998
0.0063600900000000005
0.010129860000000001
0.007444464999999999
0.011261370000000001
0.007965085
0.007525302
0.006427607999999999
0.006849333
0.007651766000000001
0.005886458000000001
0.007134382
0.006243258000000001
0.008163756000000001
0.008826278
0.009840608
0.008730537
0.006188671
0.007355041
0.008987685999999998
0.010977337
0.007714336
0.008283509
0.00662264
0.009481162000000001
0.006721230999999999
0.006177468000000001
0.007969893
0.009182104
0.011514288999999999
0.007524165999999999
0.008000150999999999
0.007601928
0.011229259
0.007962280999999998
0.007022247
0.007548467
0.009713681
0.008176400999999998
0.008097699
0.011399097
0.008253337999999999
0.007713326
0.006718547
0.009492628999999999
0.007805576999999999
0.009068493
0.004917483
0.010340333
0.012707260000000001
0.008031516
0.00708621
0.00744507
0.008514663
0.009549067999999999
0.009257917
0.008309831
0.007398853999999999
0.008755698999999999
0.005990118
0.011234849
0.010974688
0.008464344
0.0064844709999999995
0.009220936
0.010236257
0.008468377999999999
0.012671822999999997
0.007046762000000001
0.009437386
0.010936447
0.010769877
0.00745671
0.009116057
0.006485203000000001
0.013322676000000002
0.006996114
0.009207083999999999
0.007963523999999998
0.008040706
0.006086549000000001
0.006796755000000001
0.010477205
0.009576281
0.006251448
0.010841485
0.0071928800000000005
0.011502943
0.005349907
0.011644087
0.006997229000000001
0.009973617
0.007796485000000001
0.007995324000000002
0.007063786999999999
0.009108271999999999
0.007299987000000001
0.005974585000000001
0.007640776999999999
0.007961838
0.006796889999999999
0.005984468999999999
0.005419302000000002
0.009358261
0.007712238000000001
0.005943414
0.006628156
0.007289472
0.006554774000000001
0.007222398999999999
0.008149218000000001
0.007614254
0.008191519000000001
0.008286285
0.006202134000000001
0.010694673
0.008296631
0.00693005
0.009824824999999999
0.009704335
0.0058532559999999985
0.007752144
0.009599367
0.008938403
0.008859253000000001
0.007061464999999999
0.009240841000000001
0.008391078000000001
0.0076350789999999995
0.009959640999999998
0.008837810999999998
0.008171484
0.009180618
0.008287049000000001
0.009679277
0.006408225
0.007910351999999999
0.009330100000000001
0.010931373999999999
0.006482951
0.007901720000000001
0.009343695999999999
0.007479697
0.016657984000000004
0.006568655
0.008028168
0.007676350999999999
0.007832849999999999
0.006577243
0.007848825
0.009548277
0.008869443999999999
0.008864917
0.006644524000000001
0.00827022
0.008703636999999998
0.009213671000000001
0.007717214
0.008082128000000001
0.00624229
0.009835272999999999
0.010022727
0.009196703
0.0059745829999999995
0.009592187000000002
0.008668426999999998
0.008557313
0.007526121
0.006329858999999999
0.006975982
0.004024909
0.008162251999999998
0.007771711000000001
0.008864625
0.008088145
0.006830492999999999
0.005469472
0.008246927
0.008811918000000004
0.008455012
0.006558698
0.005408329999999999
0.009537490000000001
0.006609344999999999
0.008479859
0.005942043000000001
0.01032445
0.006276005
0.0073572410000000005
0.0051824359999999995
0.006463428999999999
0.010582487
0.008170795
0.007571114
0.007621762999999999
0.006754697999999999
0.008046175999999999
0.0058962269999999995
0.008500371000000001
0.007159591999999999
0.0070851230000000005
0.008870834000000003
0.01250789
0.011715167
0.009889399000000002
0.006068278000000001
0.0069020819999999995
0.011029935999999999
0.007465962
0.008178644
0.010704591999999999
0.012591553999999998
0.007307421
0.007696817
0.00987145
0.007327726000000001
0.008979183000000002
0.011322843999999999
0.009711214
0.006757925
0.005864507999999999
0.011075527
0.009668772
0.007427990999999999
0.0091619
0.016079717
0.005680948
0.007249044999999999
0.004697158000000001
0.006443764000000001
0.009082932
0.008605455
0.00645894
0.005993475
0.01119495
0.006820938999999999
0.010212253
0.006681884
0.009757189
0.008218462
0.007451193000000001
0.006127395
0.00607644
0.006182782999999999
0.009330983999999999
0.007221229000000002
0.006838095999999999
0.007983521999999998
0.006959114000000001
0.010216041999999998
0.006526031
0.007210560999999999
0.007865022
0.012003373000000001
0.012816583
0.007550627
0.008426149999999999
0.008735037999999999
0.005811346000000001
0.008562068
0.011921034000000002
0.007403121
0.007355130999999999
0.006137151999999999
0.00666843
0.006020538
0.012487294000000001
0.005705671000000001
0.005843803999999999
0.005892533
0.010041396
0.006490519
0.008461465999999999
0.011009006
0.008822470999999998
0.009783548
0.009247125
0.009815024000000002
0.007451428
0.009649695
0.00745898
0.006896670999999999
0.007255798999999999
0.0076670969999999995
0.007008950000000001
0.006454889
0.005442472
0.008398566
0.007826204
0.010493632999999999
0.011178832999999999
0.008298673
0.009549421
0.005362705000000001
0.008191604
0.005846326
0.005478246
0.00712356
0.010866773000000001
0.009654027
0.011255539000000002
0.0073913189999999995
0.004820288
0.006742742
0.011846177999999999
0.007176089000000001
0.006348332
0.006697522000000001
0.007484759
0.010173444
0.006307185999999999
0.007112921
0.006639825
0.006218833
0.007961038
0.008322866
0.007158239999999999
0.011502027999999997
0.009422916
0.010067705
0.007687020000000001
0.008251016
0.007472405
0.006493622
0.014725252
0.007882171
0.010223836000000002
0.005745172999999999
0.00754659
0.011222808999999999
0.006581575
0.0078055469999999995
0.007029135999999999
0.010224051999999999
0.006500817999999999
0.008825435000000001
0.005699937
0.006354751999999999
0.00717043
0.010329262
0.007692423
0.0065212080000000006
0.0054030319999999995
0.008073822
0.010643253
0.010735272999999998
0.009192436
0.007684562
0.009088214
0.005978795
0.010179216
0.009117723
0.006410466
0.017555415999999997
0.006018979000000001
0.007556139
0.035570083
0.017783412999999998
0.016071035
0.033765796
0.026950142000000007
0.012725816999999999
0.01075526
0.035338378000000004
0.028539520999999998
0.010008352000000002
0.0061455979999999995
0.022974673
0.024193101999999994
0.006196799999999999
0.019141342000000002
0.006708353
0.005494288999999999
0.026885857000000003
0.011532253
0.036170939
0.022648538000000003
0.028202427999999998
0.03099317700000001
0.033569357
0.037500006999999995
0.013787711000000001
0.006937951999999998
0.00812484
0.007079647
0.029258867
0.019975409
0.026125164
0.017987571
0.018749923
0.007053474
0.028197063
0.033649674000000004
0.008242579
0.034563573
0.024126339000000004
0.005331270999999999
0.03957032399999999
0.027479354000000004
0.009864041999999998
0.006677216
0.028770828
0.029788585
0.014261452999999999
0.035408525999999996
0.008036765
0.021563538
0.038305175999999996
0.039220292
0.025553643
0.00999269
0.009556819000000001
0.025036759999999998
0.008821837999999999
0.008182197999999998
0.006632545000000001
0.037044782
0.007871003
0.008106212
0.030909710000000003
0.010164466999999998
0.005365530000000001
0.007118444
0.030511455000000007
0.020868257
0.012294615
0.0057863079999999996
0.039747803
0.017787177999999997
0.005387154999999999
0.040063105
0.0066745
0.007387506999999999
0.03493617499999999
0.006813502999999999
0.034153394000000004
0.028790165000000003
0.0076626590000000005
0.007679747
0.005557203
0.010521102999999999
0.036413684000000016
0.027003920999999997
0.006987482
0.035253705
0.008535159
0.031923202000000005
0.008371005999999999
0.009726487
0.007697993000000001
0.041016564000000005
0.010238093999999998
0.007910433
0.020456930000000005
0.0066395429999999995
0.007986795
0.006798834000000001
0.035335923
0.028395010999999994
0.008669458
0.008433001
0.009337825
0.036773037
0.015733366999999998
0.007161382999999999
0.00895917
0.0069582540000000005
0.008538813000000001
0.007312379
0.012664220999999996
0.006192843000000001
0.00851769
0.005952159999999999
0.010360413
0.006537121
0.0062095660000000006
0.008105692000000001
0.008319801
0.007124650000000001
0.005638653999999999
0.005333531000000002
0.011148235000000001
0.0074038360000000004
0.007584614999999999
0.007127274999999999
0.008225123
0.006846230000000001
0.008968734
0.0071732409999999995
0.009856453000000001
0.0075318
0.007551581000000001
0.0094853
0.009709774000000001
0.011539692
0.011313627999999997
0.010277774
0.009105811000000002
0.008576846999999999
0.007178109000000001
0.0054916539999999995
0.009150106
0.007482689999999999
0.010484609000000002
0.0070591690000000006
0.006915567000000001
0.010022668
0.007817168000000001
0.006310025
0.009639618999999999
0.008800459
0.014821311000000002
0.008244991
0.007545330999999999
0.008362659999999997
0.00586628
0.0072901829999999996
0.009715378999999998
0.009336727999999999
0.009216106
0.010524009
0.006947398
0.0058118959999999996
0.007516579999999999
0.012934525999999997
0.008965250999999999
0.009167556000000002
0.007029252000000001
0.006978193999999999
0.006569286
0.007560176
0.006961997
0.010372858
0.011145798
0.008063496
0.007014061000000001
0.008056334
0.011577458
0.007610769000000001
0.007094799000000001
0.009737202000000002
0.0056645789999999994
0.006118752000000001
0.008436045999999999
0.008626536
0.005589457
0.010117942
0.00699078
0.005905699
0.00629103
0.006676383000000001
0.008441213000000003
0.0051367819999999995
0.006904431
0.007276884999999999
0.010341117
0.009678266999999999
0.009232221999999998
0.006370373
0.004658946999999999
0.01093265
0.007290571
0.008186938
0.012850970000000001
0.014133626
0.0064060869999999995
0.008553810000000002
0.007384892000000001
0.009743358
0.011867825
0.005435445
0.007474992
0.006294125999999999
0.006584593000000001
0.005623656000000001
0.008281181
0.005068367000000001
0.006154776999999999
0.0067061379999999995
0.006982605000000002
0.007439854000000001
0.010020621
0.010822113999999999
0.008613774000000001
0.006837737000000001
0.012499741000000002
0.007684181000000001
0.009928797
0.007430825
0.008619168
0.007284710999999998
0.009440435999999998
0.008401062
0.008730718999999998
0.00836046
0.014821502
0.009249066
0.010945039
0.009036200999999999
0.008988044999999998
0.007250769999999999
0.007710626
0.00679856
0.009943268
0.0068466410000000005
0.006247556
0.007656330000000001
0.007832801
0.006085420000000001
0.0064485110000000005
0.011364550999999999
0.004680350999999999
0.01305825
0.006344979999999999
0.00627385
0.008808929
0.009882123
0.007161712
0.009050382999999999
0.011618234
0.007729288999999999
0.007673522
0.012410527999999999
0.00852841
0.00711556
0.008202275
0.006232888
0.013632032999999998
0.007572582
0.007850024
0.005056383
0.009928688000000001
0.007589896999999999
0.0056312210000000005
0.013227189
0.010728872
0.007765218000000001
0.006880240999999999
0.010371142
0.013362124
0.007628741
0.0076249180000000005
0.008293936000000002
0.009140715000000002
0.005799575999999999
0.013384232
0.009388915000000001
0.008288885
0.009481225999999999
0.007544428
0.011117267
0.007574787
0.013013626
0.008284466
0.009808506
0.00477174
0.005911234999999999
0.009417732
0.006990965
0.010972299000000001
0.011269876
0.007476511999999999
0.006360225000000001
0.008023526
0.007395945
0.006132313999999999
0.0064888079999999996
0.00751016
0.005305936
0.010282394
0.008106946
0.012556877000000001
0.0076427460000000015
0.007851719
0.006302265
0.010201854000000002
0.00750172
0.006337441
0.009036668000000001
0.006831525000000001
0.006910035
0.005541091999999999
0.006498566000000001
0.009401478
0.007183365000000001
0.0060695589999999995
0.006999688999999999
0.005778342
0.005740498
0.007800296000000001
0.011137711
0.006048708000000001
0.008229053
0.009119728
0.008245228
0.008024006
0.007654087000000001
0.007890223
0.006530351
0.009346723
0.007477246000000001
0.007331758
0.007750520999999999
0.006243101000000001
0.006779851000000001
0.007526273
0.008701944
0.010945744
0.012130836
0.005374793
0.006326068999999999
0.006109163999999999
0.008936633000000001
0.007329650999999999
0.009134809999999998
0.007984318
0.010920938
0.0069915720000000015
0.008024201
0.008462325000000001
0.010756875
0.006984348999999999
0.00687172
0.009437378000000001
0.008343437000000002
0.006840102
0.008472430999999999
0.006474169999999999
0.008446014
0.009178351999999999
0.009886411
0.007517370999999999
0.0076674970000000005
0.010120203999999999
0.0070218649999999995
0.008484618
0.007254455000000001
0.008353447
0.008568263
0.007775336
0.009962537
0.0077303319999999995
0.009019470000000002
0.008465865000000001
0.010441382999999999
0.008400193000000002
0.008602027000000002
0.011661501
0.007315559
0.007900686
0.009589799999999999
0.013770499
0.008857871
0.007948249000000001
0.005865496
0.008263523
0.006404976999999999
0.009358569
0.0068672920000000005
0.009369442
0.008398937999999998
0.007271768
0.007877254999999998
0.008736648
0.006276695
0.008018919000000001
0.010736105999999999
0.006903739999999999
0.010816334
0.006848786
0.005416181999999999
0.005297742
0.009388956
0.012832654999999998
0.008754679999999999
0.005655765000000001
0.006750591000000001
0.007415217000000001
0.008029412
0.008947219999999999
0.006121939999999999
0.010875823
0.005839820999999999
0.00956423
0.006581322999999999
0.010266563
0.007662604000000002
0.006804196
0.007288789999999999
0.013038807
0.008329055
0.004358152999999999
0.006015441000000001
0.00961696
0.007038109000000001
0.007756982999999999
0.005617302
0.006313469
0.006059707
0.007628362
0.009229215999999998
0.006047054
0.006711912
0.008908627
0.0071661649999999995
0.0061869279999999995
0.007554718
0.009121265
0.005779352
0.009972339
0.013165957
0.007749528
0.010298471
0.008958014000000002
0.0057632410000000005
0.008795491999999999
0.006622687000000001
0.011395554999999998
0.010297572
0.006655805
0.010967234000000003
0.008652674999999999
0.007382551
0.008940069999999998
0.008878014000000002
0.007086275999999999
0.007924688000000001
0.011299699000000002
0.006787382999999999
0.012535524000000001
0.007323213000000001
0.007291897000000001
0.010406343000000002
0.012377369000000001
0.007614584999999998
0.011492152
0.004765047
0.007899403000000001
0.006186436
0.008868202000000002
0.011677737999999998
0.009878310000000001
0.007857751
0.010991384
0.005384741000000002
0.010527032
0.00978821
0.01008254
0.008270509
0.006347435
0.005648852
0.0065595359999999995
0.009633648000000002
0.006455619
0.006410084999999999
0.007976114999999999
0.008508807
0.005262963
0.009515124000000002
0.009722398000000002
0.008441603
0.008840888000000002
0.008337968
0.007874131
0.007487858
0.011767709000000001
0.007825424
0.008208835
0.006749492
0.007563980999999999
0.007346562000000001
0.006486949999999999
0.007130567999999999
0.010893660999999999
0.005431755000000001
0.006798955000000001
0.008319148
0.007559993
0.008556631
0.007480906000000001
0.009350940999999998
0.007778237999999999
0.008454588
0.009488711000000002
0.007790559999999999
0.008056497000000001
0.005733175
0.007795194000000001
0.009470032
0.012503698999999998
0.0064644130000000005
0.005179626
0.011950022999999999
0.0058128799999999994
0.009842821999999998
0.006596073999999999
0.009303464
0.006912717000000001
0.008974085
0.00630227
0.007453044
0.00433741
0.010460337
0.00906524
0.008784082
0.008803752
0.01080041
0.010546764
0.006504942
0.005981871999999999
0.008858089
0.006794224999999999
0.011267765999999999
0.009751863
0.010051405000000001
0.005855408
0.005912619000000001
0.0061626070000000005
0.010889392000000001
0.006821544
0.010161935
0.0072877689999999995
0.008654200999999999
0.008499857000000001
0.009013872000000001
0.007208894
0.009728473
0.008612620000000001
0.012668302999999999
0.006766370999999999
0.008554093
0.007380567000000001
0.009404782
0.009337966000000003
0.0066244369999999995
0.007249623
0.009606244
0.009787572
0.006951713000000001
0.008486214
0.008581822000000001
0.007430761
0.007891718
0.0065305649999999995
0.007485336
0.015055715999999999
0.007711993
0.010561961
0.0074294240000000004
0.01096565
0.006032435000000001
0.006781090000000001
0.0061985140000000005
0.008318957
0.007812293999999998
0.007463292999999999
0.009868696999999997
0.0074368130000000005
0.007347679
0.009146253
0.008481032999999999
0.007992500000000001
0.007564464
0.006244849
0.012342903
0.007516744000000001
0.007405056
0.011228308000000003
0.008881013
0.010128926000000002
0.007690326999999999
0.009174193000000002
0.008356029
0.008907315
0.008534090999999999
0.017048898
0.006595500999999999
0.007305774000000001
0.013681879000000001
0.0071129060000000004
0.010446051
0.008120983
0.008518319
0.007996706
0.0077396620000000005
0.007222542
0.007409517000000001
0.007138543
0.007140829999999998
0.010559192
0.006133684
0.007815774
0.011721945999999999
0.008087225000000002
0.007084360000000001
0.006651436999999999
0.007391907000000001
0.006863077
0.00833304
0.0074162130000000005
0.00717623
0.006734651
0.012182464
0.012081923
0.006791102999999999
0.009613538
0.009219624000000001
0.009741026
0.008386237
0.009025511000000002
0.015458508000000001
0.011760965
0.013508512999999998
0.009463632
0.009425097
0.007526851
0.008366393
0.010459171
0.010098154
0.006326833999999999
0.010545198999999998
0.0064675209999999995
0.012157952
0.007648543
0.007460149000000001
0.008646042
0.007862532
0.005666886
0.009571995
0.010744654
0.008959856
0.009387752
0.003965374
0.010647932
0.008376043000000001
0.007099357000000001
0.011971051
0.012304994000000001
0.033590784000000005
0.014225311
0.009997092999999999
0.033354074
0.013527218
0.008437393
0.022772122000000002
0.032599816
0.006969867
0.034427813
0.021251656
0.010421
0.006414937
0.039102488
0.005777457000000001
0.03441033
0.03233762199999999
0.024523321999999997
0.008382638999999999
0.008209245
0.033436926000000006
0.031028791000000003
0.008792048
0.006382389999999999
0.007389525000000002
0.038594304
0.009635391
0.004577497000000001
0.008299111
0.032884866
0.030992835999999996
0.018276366
0.039197702000000015
0.019964443999999998
0.037285274
0.007723823999999999
0.031851148
0.017176636000000002
0.026276181000000006
0.036045323
0.008790787000000001
0.009633606999999999
0.009925089
0.03269132099999999
0.035461217999999996
0.007199621999999999
0.005373392
0.03912004300000001
0.02015488900000001
0.012833343
0.03215644199999999
0.007470072999999999
0.030983825
0.008215994
0.026463234
0.008606285
0.025436333999999998
0.033306218
0.037537821000000006
0.013446897000000001
0.007086889000000002
0.006727793
0.033036786
0.010993707
0.008947595000000001
0.014079711
0.027596936
0.007105190999999999
0.03833729399999999
0.014734961999999999
0.036921404000000005
0.005221457
0.03562691600000001
0.017969247000000004
0.00829503
0.028448108999999996
0.029004028999999997
0.007588759
0.02003398
0.042011952000000005
0.008037544000000002
0.030239390999999997
0.03385460399999999
0.012323599999999999
0.0060045559999999994
0.007445940000000001
0.012672263
0.012260161
0.026466958000000002
0.011441327999999999
0.008243873
0.014245208
0.03978346
0.020968584
0.007949455000000001
0.007304533
0.006729597
0.031678217
0.015577200000000001
0.007215783999999999
0.008960282000000003
0.009658777
0.035826633
0.023202086
0.010894869
0.007057691999999999
0.008669551
0.008859669
0.008770917
0.008344915
0.007164726000000001
0.00791679
0.008191815
0.005872807
0.007804518
0.010986941000000002
0.009540777
0.0060690299999999996
0.008215381
0.006497903
0.006965623999999999
0.015621518999999999
0.008441602000000001
0.006579585999999998
0.00909213
0.010175838000000001
0.008019556000000002
0.009171395
0.00794065
0.010666126000000001
0.009990580999999998
0.0067074840000000005
0.005626972000000001
0.012002965
0.008330883
0.005681045
0.007072348000000001
0.007773766999999999
0.0064949790000000006
0.008673000000000002
0.009108822000000003
0.007882617000000001
0.007318479000000001
0.008499395999999998
0.008056596000000001
0.006627587
0.008597675999999999
0.010064039
0.006778962999999999
0.006726656
0.012166776000000002
0.007651650000000001
0.010506551000000001
0.008500875
0.0070821470000000004
0.011387378
0.007102919000000001
0.008635531999999998
0.008034993
0.011044119
0.005654913
0.008363902
0.0070021239999999985
0.010139292
0.007447700999999999
0.006392284000000001
0.007561198
0.011375445999999999
0.009014046999999999
0.0067341530000000005
0.010369083
0.007009945999999999
0.006532652000000001
0.0068044049999999995
0.011439908000000004
0.004771131999999999
0.012701978999999999
0.007163199000000001
0.009862659000000001
0.006317782
0.007413559
0.009205541
0.010074453999999998
0.006899620999999999
0.006674404
0.010494905
0.006862613
0.011732978
0.005238392
0.008448225
0.0058163979999999995
0.0077082500000000016
0.007113525
0.006250222999999999
0.008361146
0.013735098000000001
0.011462012999999998
0.010429269
0.009096918999999998
0.008182253
0.010552043
0.006873096999999999
0.008282894999999998
0.007515249999999999
0.007741280000000001
0.009614286000000001
0.007113959
0.010646228
0.008978786
0.011546696
0.007598697000000001
0.009864219000000002
0.009838857000000001
0.011021045
0.009769439
0.008033454
0.008607007
0.007763338
0.010459437
0.006933350000000001
0.006225514000000001
0.012043340999999999
0.0074412620000000014
0.0091342
0.006931108
0.011934792999999999
0.007687484999999999
0.008157622000000002
0.015243715000000001
0.009089974999999998
0.006766937
0.008755147999999999
0.00785043
0.007455758999999999
0.008017478
0.0070974079999999995
0.006348768
0.008909934
0.008369931
0.009414416
0.008430367000000001
0.005594345999999999
0.006240096
0.009044885999999999
0.009465742
0.009840032
0.0065415690000000005
0.014721218
0.010940231
0.007620821
0.011906347999999999
0.006708123999999999
0.017474946999999998
0.008278555
0.009521823
0.007432907999999999
0.005521966999999999
0.007297313999999999
0.007328154999999999
0.013158828000000001
0.006012523
0.007580104999999999
0.007839038
0.010929919999999997
0.006852349
0.007078199
0.008200384
0.006238527000000001
0.009639815999999999
0.006154151000000001
0.006283269
0.009384308000000001
0.008256393999999998
0.008237551999999999
0.006893109999999999
0.007173158000000001
0.008838518999999998
0.008255488
0.005747322000000001
0.007382565999999999
0.0063339830000000005
0.011174185000000001
0.008607599
0.013960292
0.0075494920000000005
0.009226172999999999
0.007930732
0.008433295
0.008809009
0.006472693
0.006410420999999999
0.007304654
0.007410597
0.007115518
0.00819593
0.008527601000000001
0.006114864999999999
0.011546743
0.008763015999999998
0.006902745
0.007675804
0.00914281
0.009118125
0.015668405
0.012351415999999997
0.008952119000000001
0.005828957000000001
0.010105497000000001
0.008810225
0.00776509
0.007763890000000001
0.006912484000000001
0.006656245
0.008802053
0.006977416000000001
0.010339357999999998
0.011795947999999999
0.0062419400000000005
0.008350524
0.006527973
0.005797101999999999
0.009854541
0.008253592
0.007618962000000001
0.012563089999999999
0.008592453
0.007802207
0.006368588999999999
0.008634181999999999
0.009556291000000001
0.010271268999999998
0.00653427
0.010674044999999998
0.008835510999999999
0.009841233
0.008149380999999999
0.007983944
0.006645091
0.013397114
0.006482604999999999
0.009963020999999999
0.007483274
0.008183679000000001
0.013450664000000001
0.006616119000000001
0.008310910999999999
0.00035238699999999996
0.000869581
