0.000395923
0.000006656
0.000668500
0.000496401
0.000483293
0.000984907
0.002282411
0.001674905
0.000612319
0.001698822
0.001541376
0.001233339
0.001302451
0.001763672
0.000218511
0.003064394
0.003164649
0.000970304
0.001266181
0.000155091
0.000252306
0.000260532
0.001505792
0.002059639
0.000802159
0.002278805
0.000964761
0.000480056
0.005599737
0.002744555
0.000412703
0.000055313
0.003657699
0.002187490
0.001627326
0.001889348
0.000887871
0.002162576
0.000425696
0.002089620
0.000958085
0.000137091
0.002030015
0.001266599
0.001813054
0.000233650
0.001211166
0.000077963
0.000554919
0.000869513
0.001455903
0.002486467
0.000684738
0.002359867
0.001798868
0.001801252
0.000433445
0.001659870
0.001931667
0.001600027
0.000619650
0.001630545
0.000950575
0.007407665
0.001367569
0.002175570
0.005570173
0.000860929
0.002090216
0.002025604
0.001625538
0.001048088
0.001954794
0.000934601
0.000983715
0.001991987
0.005791664
0.002043724
0.002174616
0.003259659
0.001193047
0.001623869
0.003498554
0.000911474
0.001235485
0.001699209
0.002047777
0.001224518
0.002218008
0.002248526
0.000754356
0.001525640
0.000998497
0.001224041
0.000945807
0.000427485
0.003063917
0.002136469
0.001093864
0.004458189
0.003091812
0.000343561
0.001114368
0.002468586
0.000331402
0.001918793
0.002094269
0.001774788
0.002181530
0.001800060
0.000944614
0.001697063
0.001754761
0.001626015
0.002750397
0.005838871
0.001194477
0.000971794
0.001257420
0.000825882
0.002896786
0.000701427
0.000592232
0.001108170
0.000681877
0.000169754
0.002075195
0.001231194
0.001741409
0.000393391
0.000978947
0.000139236
0.005820274
0.000432968
0.001193523
0.001203537
0.002428055
0.002071857
0.002272129
0.001846313
0.001461506
0.001785755
0.001688004
0.002542019
0.002483845
0.003467083
0.001765251
0.002250195
0.001433372
0.002114296
0.001458645
0.000857830
0.004826069
0.002202988
0.001569271
0.001147270
0.006495476
0.001652241
0.000630379
0.000768185
0.002295971
0.001006603
0.000947475
0.001307964
0.002768993
0.001015186
0.001663208
0.001760483
0.002128124
0.002355099
0.005427361
0.004077911
0.000810623
0.002384663
0.002166271
0.000631332
0.003037930
0.006376266
0.001735210
0.001269817
0.001899719
0.001105309
0.002830505
0.002218723
0.000920296
0.002324581
0.001904488
0.001088619
0.000397205
0.005287647
0.001814842
0.001199722
0.001848221
0.001490593
0.000267982
0.001143456
0.001557350
0.005802155
0.000716209
0.000091553
0.000459671
0.001712799
0.001589775
0.003112793
0.002276421
0.002544403
0.001111031
0.005125999
0.001452446
0.001074791
0.001332283
0.001122475
0.002176285
0.006384850
0.000944138
0.000768661
0.000533104
0.001027107
0.005112648
0.001410484
0.001338005
0.000401497
0.000766754
0.001792908
0.001750946
0.001075745
0.000432014
0.001902580
0.001797676
0.000895500
0.001333237
0.003378868
0.003594398
0.002888680
0.005305290
0.000926018
0.001921654
0.001751900
0.001313210
0.001999855
0.000923157
0.006070137
0.001003265
0.006576538
0.001420021
0.001626015
0.001194000
0.000099182
0.005408287
0.001100540
0.000576019
0.001888275
0.002333641
0.002116203
0.001845360
0.000375748
0.001930237
0.001400948
0.001209259
0.000967026
0.000252724
0.000576019
0.000795364
0.001467705
0.001735687
0.001011848
0.001083374
0.001534462
0.001345634
0.001438141
0.002088547
0.000110626
0.001701355
0.001350403
0.000652313
0.002209663
0.000720978
0.002058983
0.004512787
0.000999451
0.000132561
0.001380920
0.002737045
0.003100395
0.000750542
0.001770020
0.001936913
0.001455307
0.001975060
0.000339508
0.002272606
0.006382942
0.000843048
0.002200127
0.004588127
0.003754616
0.001286507
0.002383232
0.002307892
0.005899429
0.001830101
0.002404213
0.000102997
0.001645088
0.001465797
0.000695229
0.007393837
0.003149986
0.001647949
0.002574921
0.001478195
0.003458023
0.002140999
0.001544952
0.001302719
0.001482010
0.001791000
0.002223969
0.000962257
0.001869202
0.001287460
0.001474380
0.000886917
0.001776695
0.000238419
0.002109528
0.001667023
0.004965782
0.001231194
0.001763344
0.000299454
0.001219749
0.000793457
0.001294136
0.001671791
0.002020836
0.001219749
0.001734734
0.000081062
0.003056526
0.002324104
0.002745628
0.001658440
0.001235008
0.006524086
0.000823021
0.001527786
0.001370430
0.001521111
0.001968384
0.001823425
0.000778198
0.000627518
0.001528740
0.001483917
0.001798630
0.000692368
0.001553535
0.001430511
0.024022102
0.012560844
0.000554085
0.013772011
0.001275063
0.001793861
0.010660172
0.029475212
0.004469872
0.030103683
0.000102997
0.012415886
0.000900269
0.027256966
0.023847580
0.001034737
0.001525879
0.001454353
0.027793884
0.013342857
0.002379417
0.001664162
0.002806664
0.026256561
0.010720253
0.000744820
0.023723602
0.004985809
0.031105042
0.012559891
0.000051498
0.002090454
0.027923584
0.004695892
0.024246216
0.001255035
0.000064850
0.010746002
0.025379181
0.009368896
0.020450592
0.015737534
0.002388000
0.011632919
0.029047012
0.020606995
0.001573563
0.001691818
0.031087875
0.021787643
0.002019882
0.022584915
0.003004074
0.029054642
0.014837265
0.002302170
0.032045364
0.001451492
0.001697540
0.030195236
0.001604080
0.022377014
0.004262924
0.001428604
0.023206711
0.021896362
0.002208710
0.000083923
0.001140594
0.024204254
0.015043259
0.001039505
0.000877380
0.028676987
0.014507294
0.000036240
0.034305573
0.002088547
0.032619476
0.010828018
0.030847549
0.030036926
0.012987137
0.001274109
0.000858307
0.001771927
0.018821716
0.005098343
0.027153015
0.000873566
0.002519608
0.024162292
0.029933929
0.002161026
0.000751495
0.004165649
0.017683029
0.001342773
0.028493881
0.001483917
0.028911591
0.005165100
0.001743317
0.001178741
0.021722794
0.028839111
0.017908096
0.001096725
0.001928329
0.002635956
0.000839233
0.001880646
0.001960754
0.002902985
0.001480103
0.000074387
0.001594543
0.001472473
0.000576019
0.000333786
0.000701904
0.000740051
0.002763748
0.002071381
0.001697540
0.003829956
0.001844406
0.001527786
0.001453400
0.001512527
0.003545761
0.001626968
0.001211166
0.002145767
0.000043869
0.000446320
0.006147385
0.002132416
0.001773834
0.000673294
0.003551483
0.006307602
0.002454758
0.000743866
0.000410080
0.001182556
0.001972198
0.000242233
0.001754761
0.000831604
0.002271652
0.001398087
0.000640869
0.002550125
0.001392365
0.001497269
0.000646591
0.002611160
0.001413345
0.000570297
0.002355576
0.001552582
0.001340866
0.001920700
0.001356125
0.001785278
0.001541138
0.000465393
0.001800537
0.000135422
0.001134872
0.000730515
0.000810623
0.001190186
0.000869751
0.002542496
0.001419067
0.000833511
0.002607346
0.002126694
0.000831604
0.004947662
0.001073837
0.001680374
0.002893448
0.001848221
0.001861572
0.000232697
0.001791000
0.001167297
0.000780106
0.002309799
0.000627518
0.002328873
0.001352310
0.004480362
0.007493973
0.000011444
0.002519608
0.007474899
0.001766205
0.005582809
0.001287460
0.002193451
0.002157211
0.002090454
0.001651764
0.000068665
0.002275467
0.001228333
0.001773834
0.000740051
0.002416611
0.003404617
0.003391266
0.001749039
0.000905991
0.000688553
0.001844406
0.001247406
0.000770569
0.001535416
0.001113892
0.001972198
0.007102966
0.001903534
0.001796722
0.001050949
0.001699448
0.000989914
0.002529144
0.001409531
0.000499725
0.001129150
0.001527786
0.001647949
0.000312805
0.003538132
0.001562119
0.001157761
0.000259399
0.000284195
0.002149582
0.001369476
0.001791000
0.005479813
0.000591278
0.001735687
0.001256943
0.000646591
0.001602173
0.000108719
0.001508713
0.001474380
0.001613617
0.002126694
0.001863480
0.001543045
0.001529694
0.002498627
0.002296448
0.002607346
0.001583099
0.002775192
0.001789093
0.002229691
0.001831055
0.001802444
0.001487732
0.000577927
0.001157761
0.000774384
0.001750946
0.001600266
0.005817413
0.004734039
0.002540588
0.002414703
0.000415802
0.001888275
0.001091003
0.001058578
0.001291275
0.000919342
0.004051208
0.001316071
0.001054764
0.001483917
0.001050949
0.002569199
0.001249313
0.001527786
0.000440598
0.001047134
0.001420975
0.001228333
0.002140045
0.001979828
0.001678467
0.001163483
0.003587723
0.002063751
0.001752853
0.000699997
0.000484467
0.000802994
0.001159668
0.001466751
0.002204895
0.001562119
0.001056671
0.001985550
0.001508713
0.000999451
0.002628326
0.002403259
0.001749039
0.001834869
0.001712799
0.001150131
0.002155304
0.000501633
0.001895905
0.001756668
0.002721786
0.001518250
0.002252579
0.001703262
0.002147675
0.001197815
0.001365662
0.000499725
0.001226425
0.000804901
0.000686646
0.004068375
0.002037048
0.001428604
0.000175476
0.002681732
0.002115250
0.001686096
0.000085831
0.001655579
0.001075745
0.001937866
0.000640869
0.001213074
0.001600266
0.001216888
0.002134323
0.002246857
0.001554489
0.001710892
0.004722595
0.002365112
0.001863480
0.001852036
0.000917435
0.002012253
0.001779556
0.002304077
0.006177902
0.001287460
0.005373001
0.001922607
0.001157761
0.001901627
0.002593994
0.000804901
0.000604630
0.001293182
0.001304626
0.001430511
0.001773834
0.001707077
0.001592636
0.000648499
0.002279282
0.001234055
0.001388550
0.002632141
0.005859375
0.001678467
0.002042770
0.001722336
0.002439499
0.000921249
0.000598907
0.001937866
0.001964569
0.006427765
0.001770020
0.001976013
0.001815796
0.000825882
0.002182007
0.001636505
0.001646042
0.004179001
0.001062393
0.002019882
0.001983643
0.002113342
0.001716614
0.000911713
0.004066467
0.001415253
0.001735687
0.001094818
0.000850677
0.002407074
0.001010895
0.002040863
0.001922607
0.002403259
0.003318787
0.001609802
0.001956940
0.001430511
0.002281189
0.001220703
0.006267548
0.001914978
0.002296448
0.002227783
0.001098633
0.002208710
0.001312256
0.002529144
0.001873016
0.002048492
0.002780914
0.002559662
0.001388550
0.002471924
0.001506805
0.006702423
0.000762939
0.002658844
0.001804352
0.000827789
0.001358032
0.000492096
0.000308990
0.002479553
0.001613617
0.005371094
0.000629425
0.001430511
0.000316620
0.002479553
0.002029419
0.002788544
0.001728058
0.001491547
0.002029419
0.001255035
0.001346588
0.001529694
0.001880646
0.001739502
0.000724792
0.001541138
0.001499176
0.001228333
0.001773834
0.000877380
0.000865936
0.001373291
0.000030518
0.002281189
0.002010345
0.002136230
0.002189636
0.002143860
0.001209259
0.001747131
0.002559662
0.000904083
0.002292633
0.000457764
0.001224518
0.001960754
0.001754761
0.002693176
0.002567291
0.000690460
0.001125336
0.001789093
0.002201080
0.005104065
0.001403809
0.002208710
0.000862122
0.000877380
0.000347137
0.000045776
0.002098083
0.000102997
0.006015778
0.001502991
0.001117706
0.001083374
0.002212524
0.011276245
0.001014709
0.002967834
0.002197266
0.002002716
0.001663208
0.000392914
0.003086090
0.002838135
0.001560211
0.001411438
0.002300262
0.003746033
0.002857208
0.002262115
0.001914978
0.002014160
0.003421783
0.002498627
0.003849030
0.000843048
0.002262115
0.001255035
0.002704620
0.000679016
0.000812531
0.001274109
0.000080109
0.000877380
0.000743866
0.000869751
0.000926971
0.001857758
0.001239777
0.002780914
0.002059937
0.000747681
0.000831604
0.000709534
0.001190186
0.000564575
0.002040863
0.001113892
0.001308441
0.000968933
0.001487732
0.000610352
0.000652313
0.001819611
0.000835419
0.001472473
0.001426697
0.000610352
0.002071381
0.000202179
0.001007080
0.002174377
0.002250671
0.000930786
0.002296448
0.002243042
0.001556396
0.001411438
0.000503540
0.005592346
0.000766754
0.001441956
0.001293182
0.006546021
0.001029968
0.001159668
0.000782013
0.000583649
0.001651764
0.002449036
0.002365112
0.001129150
0.001258850
0.003162384
0.000572205
0.002002716
0.002532959
0.001789093
0.000339508
0.001220703
0.000751495
0.001281738
0.003009796
0.001438141
0.000976562
0.000885010
0.002250671
0.000770569
0.002300262
0.000164032
0.004352570
0.000949860
0.002212524
0.001388550
0.000980377
0.001377106
0.002422333
0.001312256
0.000698090
0.002262115
0.001182556
0.001350403
0.000732422
0.001533508
0.001068115
0.000801086
0.002510071
0.001655579
0.001155853
0.001869202
0.000526428
0.001655579
0.005474091
0.001518250
0.000972748
0.000682831
0.001316071
0.001369476
0.001300812
0.000541687
0.001529694
0.000934601
0.002784729
0.000949860
0.002487183
0.001609802
0.002693176
0.002052307
0.002803802
0.000507355
0.001510620
0.004295349
0.001426697
0.001121521
0.001071930
0.001880646
0.000671387
0.000965118
0.000457764
0.001697540
0.001869202
0.002067566
0.001171112
0.002151489
0.000339508
0.000465393
0.000991821
0.000949860
0.000751495
0.000370026
0.001911163
0.000606537
0.001331329
0.001487732
0.000186920
0.000957489
0.001716614
0.001148224
0.000396729
0.000484467
0.001396179
0.000694275
0.000854492
0.000976562
0.000621796
0.001171112
0.001396179
0.001106262
0.001785278
0.001312256
0.001987457
0.003120422
0.001705170
0.002578735
0.000099182
0.001022339
0.006607056
0.001537323
0.004829407
0.000392914
0.002059937
0.005588531
0.000152588
0.001213074
0.002086639
0.000984192
0.001022339
0.002079010
0.000614166
0.000991821
0.001228333
0.005348206
0.001571655
0.001644135
0.000953674
0.000965118
0.001800537
0.001441956
0.002189636
0.002056122
0.002513885
0.001609802
0.002094269
0.002193451
0.001659393
0.011573792
0.000595093
0.002578735
0.029628754
0.006584167
0.010108948
0.027252197
0.018039703
0.001892090
0.001403809
0.029541016
0.019630432
0.001941681
0.000366211
0.017082214
0.016868591
0.001197815
0.013187408
0.001533508
0.001243591
0.022075653
0.001899719
0.030376434
0.013916016
0.019065857
0.026042938
0.024055481
0.029319763
0.007617950
0.002201080
0.001449585
0.000972748
0.023345947
0.014469147
0.021423340
0.011222839
0.012020111
0.002319336
0.021152496
0.024513245
0.000999451
0.028781891
0.018299103
0.000858307
0.032592773
0.018367767
0.001564026
0.001827240
0.023231506
0.025344849
0.003887177
0.030437469
0.001934052
0.016605377
0.028163910
0.032283783
0.017513275
0.002052307
0.002876282
0.020168304
0.002902985
0.001560211
0.001907349
0.030918121
0.002822876
0.001724243
0.025074005
0.004283905
0.000362396
0.000747681
0.025463104
0.012741089
0.001789093
0.000923157
0.033512115
0.012371063
0.000686646
0.029598236
0.000602722
0.001823425
0.028938293
0.001281738
0.028320312
0.025146484
0.002460480
0.002361298
0.000667572
0.001396179
0.030860901
0.021205902
0.001174927
0.027133942
0.001579285
0.027042389
0.001102448
0.001609802
0.001510620
0.030910492
0.001304626
0.001216888
0.014522552
0.001243591
0.001045227
0.001110077
0.029548645
0.023323059
0.002597809
0.001888275
0.001472473
0.030635834
0.009735107
0.001022339
0.001399994
0.001632690
0.000659943
0.001426697
0.006099701
0.001464844
0.002212524
0.001197815
0.001461029
0.001552582
0.000114441
0.001670837
0.001327515
0.001617432
0.000423431
0.000453949
0.001731873
0.000991821
0.001827240
0.002643585
0.003597260
0.001911163
0.004776001
0.001174927
0.001571655
0.000015259
0.001506805
0.002338409
0.001266479
0.002124786
0.003036499
0.001178741
0.001586914
0.001457214
0.001407623
0.001140594
0.002140045
0.001251221
0.005271912
0.001102448
0.000488281
0.005111694
0.000648499
0.002483368
0.001609802
0.001720428
0.001598358
0.001125336
0.000385284
0.002689362
0.000270844
0.001457214
0.002124786
0.002079010
0.001529694
0.006587982
0.000801086
0.000801086
0.001373291
0.001686096
0.000823975
0.001979828
0.000316620
0.001102448
0.001625061
0.001419067
0.001098633
0.002071381
0.001792908
0.002166748
0.000957489
0.000873566
0.002265930
0.002494812
0.001235962
0.003746033
0.001102448
0.000026703
0.002067566
0.001125336
0.001255035
0.001155853
0.001522064
0.001350403
0.001365662
0.001785278
0.002906799
0.000205994
0.001865387
0.001438141
0.000274658
0.002555847
0.001178741
0.000568390
0.000984192
0.001049042
0.000400543
0.002010345
0.002182007
0.006885529
0.000339508
0.001644135
0.001514435
0.001655579
0.001670837
0.000354767
0.001781464
0.000835419
0.001239777
0.001060486
0.002548218
0.000286102
0.001216888
0.001174927
0.001075745
0.001659393
0.003185272
0.001628876
0.000183105
0.001411438
0.006587982
0.001441956
0.001548767
0.002536774
0.001506805
0.001628876
0.000164032
0.001831055
0.000999451
0.002700806
0.006786346
0.001026154
0.002670288
0.002197266
0.000480652
0.001396179
0.001728058
0.000812531
0.000709534
0.001159668
0.000621796
0.001247406
0.001396179
0.000602722
0.001476288
0.000091553
0.000041962
0.002437592
0.001312256
0.000080109
0.001480103
0.001567841
0.000484467
0.002475739
0.003578186
0.001564026
0.001762390
0.007602692
0.001323700
0.001319885
0.002101898
0.000759125
0.002182007
0.001728058
0.000652313
0.000251770
0.002353668
0.000637054
0.000736237
0.007297516
0.002483368
0.000999451
0.001228333
0.003437042
0.002178192
0.001804352
0.000202179
0.002311707
0.002437592
0.001239777
0.002258301
0.001121521
0.002429962
0.000324249
0.002101898
0.002128601
0.000087738
0.002143860
0.002178192
0.001457214
0.000801086
0.002063751
0.002353668
0.000408173
0.001045227
0.005493164
0.001571655
0.000209808
0.001663208
0.002449036
0.001602173
0.000091553
0.001567841
0.000499725
0.003787994
0.002128601
0.002273560
0.001441956
0.000911713
0.000720978
0.000972748
0.001762390
0.000988007
0.002017975
0.000835419
0.000839233
0.000732422
0.000251770
0.002986908
0.002334595
0.001087189
0.000228882
0.001091003
0.000534058
0.002334595
0.002574921
0.000564575
0.000827789
0.001987457
0.001640320
0.002380371
0.001853943
0.000774384
0.001533508
0.000217438
0.000789642
0.000957489
0.001586914
0.000286102
0.000953674
0.002269745
0.001369476
0.000694275
0.004795074
0.000434875
0.000293732
0.000328064
0.001846313
0.001094818
0.001941681
0.001834869
0.001770020
0.001243591
0.002689362
0.002769470
0.000335693
0.001903534
0.000720978
0.001266479
0.000175476
0.000808716
0.001399994
0.001705170
0.001663208
0.002666473
0.000480652
0.001018524
0.001689911
0.001144409
0.000888824
0.000408173
0.001296997
0.002918243
0.002471924
0.001247406
0.000770569
0.002365112
0.002353668
0.002449036
0.000564575
0.002616882
0.001251221
0.002521515
0.002380371
0.001266479
0.002109528
0.007080078
0.002277374
0.001270294
0.000701904
0.001247406
0.001399994
0.000308990
0.001636505
0.000286102
0.001438141
0.001636505
0.001647949
0.001583099
0.000087738
0.001724243
0.002449036
0.001098633
0.001773834
0.002071381
0.000202179
0.000923157
0.001644135
0.006721497
0.001880646
0.001239777
0.001483917
0.001243591
0.001758575
0.004409790
0.000804901
0.000709534
0.000980377
0.002479553
0.001018524
0.001743317
0.001441956
0.001083374
0.001358032
0.006610870
0.001525879
0.000652313
0.000297546
0.003028870
0.002571106
0.001510620
0.000869751
0.002098083
0.001258850
0.002143860
0.003715515
0.001380920
0.001258850
0.002838135
0.001098633
0.001266479
0.002204895
0.002082825
0.000236511
0.004745483
0.007225037
0.001274109
0.002075195
0.000450134
0.001029968
0.001647949
0.001731873
0.002258301
0.001350403
0.001609802
0.003555298
0.001029968
0.002609253
0.002021790
0.002265930
0.002174377
0.001792908
0.005874634
0.000755310
0.005668640
0.001113892
0.001785278
0.005638123
0.002365112
0.000862122
0.002250671
0.000389099
0.001670837
0.001266479
0.002677917
0.003692627
0.002319336
0.000534058
0.000869751
0.001319885
0.000114441
0.001716614
0.002716064
0.001998901
0.001594543
0.000427246
0.000061035
0.003402710
0.000572205
0.000274658
0.000709534
0.000259399
0.000389099
0.002281189
0.002143860
0.002357483
0.002830505
0.001998901
0.001792908
0.002868652
0.006095886
0.001495361
0.001762390
0.001922607
0.001564026
0.002197266
0.001754761
0.001785278
0.001556396
0.000900269
0.000663757
0.002441406
0.001289368
0.001548767
0.000946045
0.003005981
0.001945496
0.001647949
0.002372742
0.001358032
0.001556396
0.001075745
0.001731873
0.003074646
0.006004333
0.001464844
0.000228882
0.001655579
0.000732422
0.001602173
0.001922607
0.004524231
0.001220703
0.002723694
0.001052856
0.001113892
0.000541687
0.001525879
0.002075195
0.001884460
0.002037048
0.001350403
0.000328064
0.000747681
0.000816345
0.002014160
0.001670837
0.001113892
0.000343323
0.000572205
0.000862122
0.000091553
0.000099182
0.002456665
0.001350403
0.002098083
0.001434326
0.000595093
0.002563477
0.000671387
0.000816345
0.001663208
0.000411987
0.001907349
0.000946045
0.001083374
0.000732422
0.001464844
0.001861572
0.001365662
0.001304626
0.003807068
0.000656128
0.000343323
0.002372742
0.003257751
0.001945496
0.001922607
0.001564026
0.001129150
0.003715515
0.001586914
0.001350403
0.001976013
0.004852295
0.000747681
0.001533508
0.001037598
0.002410889
0.003013611
0.001266479
0.001625061
0.001548767
0.002334595
0.001441956
0.002365112
0.002571106
0.002418518
0.001174927
0.002258301
0.001953125
0.002204895
0.006553650
0.001541138
0.001152039
0.002067566
0.001724243
0.001449585
0.001022339
0.002738953
0.003875732
0.000679016
0.001655579
0.007072449
0.001617432
0.001350403
0.002090454
0.000228882
0.001739502
0.001228333
0.000854492
0.001815796
0.000473022
0.000091553
0.005065918
0.000579834
0.001960754
0.002456665
0.001037598
0.001434326
0.000801086
0.001449585
0.001556396
0.001945496
0.001342773
0.000610352
0.001739502
0.005210876
0.001869202
0.001708984
0.003227234
0.001045227
0.002914429
0.003311157
0.002990723
0.006782532
0.001655579
0.006416321
0.003433228
0.000205994
0.003082275
0.002571106
0.001243591
0.002769470
0.001556396
0.000129700
0.000350952
0.001014709
0.000869751
0.000808716
0.002624512
0.000831604
0.000541687
0.004707336
0.002502441
0.002914429
0.004173279
0.000434875
0.001770020
0.002685547
0.002159119
0.006790161
0.002120972
0.027626038
0.006240845
0.001831055
0.028518677
0.008720398
0.001838684
0.015876770
0.026763916
0.001754761
0.028549194
0.014053345
0.001319885
0.000778198
0.032920837
0.000770569
0.028137207
0.026405334
0.017501831
0.001647949
0.000946045
0.027565002
0.026023865
0.001693726
0.000801086
0.002029419
0.032203674
0.003967285
0.000076294
0.001319885
0.027229309
0.024917603
0.010734558
0.031349182
0.011749268
0.031311035
0.001457214
0.026214600
0.011413574
0.021820068
0.030609131
0.002487183
0.002578735
0.001953125
0.026603699
0.030273438
0.001815796
0.000610352
0.031768799
0.014961243
0.001632690
0.026367188
0.002059937
0.024887085
0.001800537
0.019813538
0.002182007
0.020660400
0.026496887
0.031867981
0.008659363
0.001296997
0.000160217
0.026000977
0.006294250
0.002304077
0.009147644
0.023071289
0.002014160
0.031593323
0.007110596
0.030380249
0.000434875
0.029380798
0.010543823
0.001380920
0.022842407
0.023445129
0.001976013
0.015419006
0.034568787
0.002380371
0.024688721
0.027748108
0.006477356
0.001411438
0.001724243
0.006729126
0.000831604
0.021446228
0.001556396
0.002014160
0.008621216
0.033630371
0.012619019
0.000236511
0.001289368
0.000465393
0.026138306
0.009819031
0.000900269
0.002349854
0.003463745
0.029815674
0.014671326
0.002502441
0.001319885
0.002174377
0.002082825
0.000434875
0.002677917
0.001281738
0.003585815
0.001266479
0.001434326
0.001426697
0.000762939
0.001441956
0.000015259
0.001823425
0.001594543
0.000907898
0.005638123
0.002265930
0.000526428
0.001647949
0.002250671
0.001380920
0.002517700
0.002441406
0.001419067
0.005462646
0.000831604
0.000473022
0.006950378
0.002067566
0.000434875
0.001426697
0.002365112
0.001586914
0.002784729
0.002922058
0.001777649
0.001296997
0.003372192
0.002151489
0.000885010
0.000480652
0.001060486
0.000968933
0.002197266
0.001853943
0.002006531
0.001296997
0.000419617
0.001480103
0.001380920
0.000930786
0.001182556
0.001937866
0.004455566
0.000869751
0.002586365
0.002220154
0.002319336
0.001052856
0.001739502
0.001678467
0.001907349
0.002990723
0.001182556
0.000450134
0.001731873
0.001243591
0.001914978
0.006095886
0.000091553
0.002388000
0.001037598
0.000427246
0.000213623
0.001586914
0.003051758
0.001113892
0.000999451
0.000610352
0.001571655
0.001922607
0.005493164
0.001838684
0.001396179
0.001052856
0.001846313
0.001548767
0.001678467
0.002014160
0.005271912
0.001625061
0.002426147
0.001525879
0.001205444
0.002174377
0.001960754
0.000549316
0.001144409
0.000137329
0.000366211
0.002166748
0.001762390
0.001892090
0.005523682
0.002441406
0.001495361
0.002578735
0.000717163
0.001625061
0.001350403
0.002937317
0.001861572
0.000152588
0.000053406
0.000152588
0.001579285
0.001235962
0.001228333
0.001007080
0.006149292
0.000556946
0.000679016
0.003112793
0.002059937
0.001724243
0.002151489
0.002075195
0.001670837
0.002220154
0.001426697
0.001213074
0.003250122
0.001586914
0.003051758
0.001548767
0.000648499
0.000602722
0.001510620
0.002197266
0.001770020
0.001342773
0.000534058
0.001983643
0.002540588
0.002693176
0.000732422
0.006179810
0.002853394
0.001983643
0.001083374
0.000297546
0.000892639
0.001815796
0.004356384
0.000320435
0.001960754
0.002304077
0.001991272
0.001495361
0.001091003
0.002616882
0.000648499
0.001739502
0.001541138
0.001304626
0.002166748
0.002235413
0.001220703
0.000999451
0.002380371
0.002716064
0.002098083
0.001052856
0.001739502
0.000404358
0.001754761
0.002014160
0.005790710
0.001686096
0.001312256
0.000671387
0.001205444
0.002464294
0.000381470
0.000816345
0.002052307
0.000144958
0.000823975
0.002357483
0.001373291
0.001152039
0.001281738
0.000602722
0.000602722
0.001068115
0.003578186
0.000770569
0.005195618
0.002342224
0.002510071
0.000770569
0.005020142
0.002250671
0.001907349
0.000556946
0.001380920
0.001449585
0.001609802
0.001884460
0.003364563
0.001548767
0.000129700
0.001701355
0.001609802
0.000892639
0.002830505
0.003067017
0.001304626
0.001502991
0.001533508
0.000297546
0.001251221
0.001670837
0.002090454
0.001937866
0.001556396
0.001335144
0.001754761
0.002578735
0.001899719
0.001754761
0.000717163
0.001327515
0.001708984
0.001945496
0.001640320
0.002517700
0.005187988
0.001029968
0.002517700
0.000083923
0.000816345
