0.000011093
0.000280464
0.000402774
0.000340259
0.000310475
0.000500470
0.000459746
0.000501692
0.000370517
0.000438452
0.000650495
0.000497758
0.000507146
0.000510335
0.000691056
0.001920819
0.000484705
0.000509560
0.003590643
0.003192723
0.001497567
0.002094209
0.000644505
0.000938296
0.000517011
0.000458002
0.000449896
0.005083680
0.000432372
0.001449823
0.002162576
0.005029321
0.000588775
0.000458479
0.000969172
0.000947833
0.002786994
0.000951886
0.001049280
0.000796676
0.000440121
0.000430107
0.000788093
0.003159642
0.000831723
0.002667069
0.000857949
0.000475883
0.000415087
0.000514030
0.000540972
0.000511169
0.000494480
0.000812769
0.000513554
0.000807524
0.000599861
0.002637863
0.000479221
0.000563383
0.000728607
0.000598907
0.003830194
0.000480413
0.000767231
0.000581503
0.000406981
0.000584841
0.000494719
0.000679970
0.000429392
0.000430584
0.000837803
0.000461817
0.000490904
0.000977516
0.000962257
0.000615835
0.000943184
0.000908136
0.000487089
0.000475645
0.000435114
0.000851154
0.000524282
0.000498772
0.000968456
0.000499725
0.001993656
0.002910852
0.000421762
0.000584364
0.000895739
0.000942469
0.000475168
0.000764608
0.000570297
0.000361443
0.000684023
0.000445843
0.000618219
0.002568722
0.001956940
0.000575066
0.000444412
0.000827074
0.000517368
0.003912926
0.000708580
0.000673771
0.000636101
0.001390457
0.002064228
0.000394344
0.000817299
0.000585079
0.001992226
0.003926754
0.000601292
0.004992008
0.000727177
0.002563000
0.000446320
0.000979424
0.000773430
0.004425526
0.000846863
0.001199245
0.000505924
0.003905296
0.000778198
0.000483513
0.000466824
0.001796246
0.000776768
0.003168106
0.000453949
0.000514984
0.000893116
0.000494957
0.004712582
0.000454426
0.000753880
0.000381470
0.002192497
0.002958298
0.000566483
0.000565052
0.000857353
0.000960350
0.001597881
0.001300335
0.000519753
0.001442909
0.000485420
0.000596046
0.000409126
0.002981663
0.000457287
0.000447273
0.000442982
0.003320217
0.001624584
0.004217625
0.000399113
0.002221584
0.000702858
0.000613213
0.000366688
0.000987530
0.000916004
0.000471592
0.000716209
0.000964165
0.000828266
0.001691341
0.000962734
0.000892162
0.000730991
0.000426769
0.000416756
0.000484943
0.000936031
0.000433445
0.002806187
0.004451275
0.000991821
0.000932217
0.000687122
0.000904560
0.002786636
0.000860214
0.003233910
0.002338409
0.000573158
0.004672050
0.000853539
0.000576019
0.000519753
0.000552177
0.002174377
0.000437737
0.004163742
0.003442764
0.000869751
0.000688553
0.000885963
0.000551224
0.000576973
0.002821922
0.000545502
0.000501633
0.000500679
0.000749588
0.000513077
0.000874519
0.004823685
0.001244545
0.000741959
0.003433228
0.002383232
0.000942230
0.000640869
0.000433922
0.004513741
0.002070427
0.005064011
0.000479698
0.000408173
0.004178047
0.000495911
0.000888824
0.000480652
0.003639221
0.000883102
0.000488281
0.000761986
0.000409126
0.000731468
0.003603935
0.000537872
0.000937462
0.000465393
0.000701904
0.004131317
0.000639915
0.000891685
0.000897408
0.000796318
0.000858307
0.000818253
0.000646591
0.000522614
0.000662804
0.000525475
0.000507355
0.000401497
0.000398636
0.000846863
0.000418663
0.002456665
0.004127502
0.000466347
0.000561714
0.000721931
0.000777245
0.000550270
0.000939369
0.002638817
0.000512123
0.003428459
0.000853539
0.002245903
0.004761696
0.002154350
0.003175735
0.000511169
0.000547409
0.000617981
0.000951767
0.000423431
0.000418663
0.000774384
0.000409126
0.000964165
0.003006935
0.000428200
0.000490189
0.000740051
0.000526428
0.000850677
0.000870705
0.000652313
0.000577927
0.000749588
0.000986099
0.001199722
0.000595093
0.000494003
0.000959396
0.003880501
0.000506401
0.003351212
0.000457764
0.003538132
0.000894547
0.000535965
0.000555038
0.000779152
0.000821114
0.000804901
0.000582695
0.002389908
0.000929832
0.000656128
0.000622749
0.000501633
0.000464439
0.001009941
0.000520706
0.000794411
0.000543594
0.001497269
0.000658035
0.002877235
0.003376007
0.004252434
0.000412941
0.000603676
0.000582695
0.005003929
0.000515938
0.000392914
0.000507355
0.000952721
0.000370979
0.000965118
0.000840187
0.000487328
0.000411034
0.000761032
0.000543594
0.000505447
0.000767708
0.000376701
0.000514984
0.004210472
0.000488281
0.000478745
0.000423431
0.002366066
0.000989914
0.000924110
0.002020836
0.000459671
0.003705025
0.003366470
0.000650406
0.000925064
0.000406265
0.000915527
0.000429153
0.004646301
0.003550529
0.000494957
0.000470161
0.000850677
0.001434326
0.000966072
0.000699997
0.004830360
0.004861832
0.000723839
0.003818512
0.002630234
0.000896454
0.000521660
0.000718117
0.004322052
0.004137993
0.001609802
0.000560760
0.000622749
0.003475189
0.002534866
0.000923157
0.000539780
0.000661850
0.000432968
0.000429153
0.000448227
0.000915527
0.000867844
0.000904083
0.000566483
0.004989624
0.002475739
0.000690460
0.000698090
0.000558853
0.000705719
0.004503250
0.000680923
0.000665665
0.002790451
0.004228592
0.004577637
0.000957489
0.000740051
0.000381470
0.000432968
0.004560471
0.000894547
0.000631332
0.001249313
0.000963211
0.000659943
0.000476837
0.000890732
0.004627228
0.000381470
0.000465393
0.000453949
0.000854492
0.000486374
0.000885010
0.001811981
0.001630783
0.000848770
0.000949860
0.000452042
0.000986099
0.000783920
0.002120972
0.000835419
0.000883102
0.003637314
0.000892639
0.000856400
0.000522614
0.000818253
0.000923157
0.000490189
0.000463486
0.000862122
0.001432419
0.002178192
0.000913620
0.004539490
0.000709534
0.000925064
0.000482559
0.001369476
0.004131317
0.000885010
0.000448227
0.000509262
0.002225876
0.000423431
0.000631332
0.002609253
0.003862381
0.001319885
0.000539780
0.000993729
0.000522614
0.000442505
0.000495911
0.000802994
0.000450134
0.000597000
0.000505447
0.003423691
0.002681732
0.000444412
0.000503540
0.000473022
0.000373840
0.000421524
0.000850677
0.000541687
0.000808716
0.004508972
0.000463486
0.004468918
0.000692368
0.000484467
0.000490189
0.003179550
0.000511169
0.000553131
0.000797272
0.000474930
0.001007080
0.000434875
0.000473022
0.002962112
0.002988815
0.000932693
0.000516891
0.004503250
0.000543594
0.004055023
0.000926971
0.000770569
0.000898361
0.000465393
0.001262665
0.000989914
0.000801086
0.004541397
0.005813599
0.000549316
0.000801086
0.003295898
0.000627518
0.000993729
0.000432968
0.001991272
0.000532150
0.000513077
0.001695633
0.000473022
0.000846863
0.004375458
0.004064560
0.003013611
0.001150131
0.001741409
0.004571915
0.003414154
0.000452042
0.000659943
0.000360489
0.000476837
0.000392914
0.000368118
0.000646591
0.000457764
0.000553131
0.004520416
0.002260208
0.000560760
0.000511169
0.000684738
0.000503540
0.002330780
0.000576019
0.000446320
0.000562668
0.004238129
0.003187180
0.000879288
0.000482559
0.000619888
0.000440598
0.000757217
0.001043320
0.001586914
0.000459671
0.000532150
0.000978470
0.002593994
0.000583649
0.001476288
0.001087189
0.000551224
0.001045227
0.000499725
0.002279282
0.000411987
0.000837326
0.000467300
0.000881195
0.000444412
0.000968933
0.002738953
0.004953384
0.000902176
0.000476837
0.000881195
0.000457764
0.003578186
0.000778198
0.000452042
0.000909805
0.000431061
0.000526428
0.000991821
0.000843048
0.000467300
0.002782822
0.000528336
0.000539780
0.000576019
0.004341125
0.004266739
0.000717163
0.000528336
0.002149582
0.000843048
0.003562927
0.000846863
0.000488281
0.000646591
0.001861572
0.000530243
0.004386902
0.000946045
0.004667282
0.004438400
0.000856400
0.000453949
0.000421524
0.000436783
0.000823975
0.000562668
0.002550125
0.000616074
0.001150131
0.000926971
0.000532150
0.000612259
0.000795364
0.000835419
0.002218246
0.000480652
0.000471115
0.002622604
0.000446320
0.001033783
0.000478745
0.000375748
0.000797272
0.000621796
0.000545502
0.000520706
0.000429153
0.000831604
0.000400543
0.000858307
0.000785828
0.000705719
0.002304077
0.000440598
0.000381470
0.000917435
0.000473022
0.001552582
0.002132416
0.001007080
0.000574112
0.000549316
0.000549316
0.000864029
0.000429153
0.000816345
0.000925064
0.003877640
0.000593185
0.000370026
0.000505447
0.000535965
0.001218796
0.000955582
0.000476837
0.000806808
0.000463486
0.000934601
0.000576019
0.000625610
0.000436783
0.000442505
0.000646591
0.000478745
0.005830765
0.004528046
0.000490189
0.003107071
0.000469208
0.000576019
0.000888824
0.001348495
0.000436783
0.000478745
0.000858307
0.001758575
0.001695633
0.000522614
0.000518799
0.000894547
0.000949860
0.002897263
0.000432968
0.000524521
0.000511169
0.000686646
0.000499725
0.001239777
0.002668381
0.000698090
0.002922058
0.002124786
0.002357483
0.000524521
0.000602722
0.001726151
0.000852585
0.001274109
0.002344131
0.000492096
0.000486374
0.000621796
0.000917435
0.001649857
0.000513077
0.000463486
0.000902176
0.003032684
0.000516891
0.000503540
0.000879288
0.000398636
0.000875473
0.000511169
0.004747391
0.000959396
0.005023956
0.000875473
0.000474930
0.001131058
0.000679016
0.000534058
0.000503540
0.001550674
0.000835419
0.005086899
0.000499725
0.000539780
0.000898361
0.000545502
0.001237869
0.000812531
0.000936508
0.001298904
0.000551224
0.000879288
0.000585556
0.000959396
0.002412796
0.000757217
0.000457764
0.000494003
0.000823975
0.003437042
0.000497818
0.001401901
0.000431061
0.000480652
0.001909256
0.002410889
0.004917145
0.000823975
0.000507355
0.000522614
0.000877380
0.001773834
0.000823975
0.000381470
0.003440857
0.004844666
0.002517700
0.000553131
0.000869751
0.000411987
0.001434326
0.001194000
0.001426697
0.000881195
0.001022339
0.000347137
0.000453949
0.000476837
0.000442505
0.000465393
0.005023956
0.003768921
0.000514984
0.000736237
0.000499725
0.001907349
0.003116608
0.003261566
0.000545502
0.000862122
0.000961304
0.000965118
0.000709534
0.000553131
0.000988007
0.000988007
0.000503540
0.000450134
0.003253937
0.004943848
0.000598907
0.000808716
0.001575470
0.000701904
0.000606537
0.005615234
0.000492096
0.000576019
0.000522614
0.002258301
0.000625610
0.000438690
0.000938416
0.000690460
0.000774384
0.001716614
0.000453949
0.000473022
0.000701904
0.000923157
0.006668091
0.000438690
0.000564575
0.000812531
0.001838684
0.000946045
0.000919342
0.000476837
0.001720428
0.000686646
0.000896454
0.002044678
0.000804901
0.000686646
0.002555847
0.004142761
0.000396729
0.000408173
0.002780914
0.000446320
0.001346588
0.000949860
0.000957489
0.001411438
0.000461578
0.000938416
0.001094818
0.000549316
0.002944946
0.000854492
0.003913879
0.000892639
0.000713348
0.003902435
0.000488281
0.004104614
0.000843048
0.003780365
0.000507355
0.000469208
0.000411987
0.000934601
0.000507355
0.002269745
0.000495911
0.000621796
0.000507355
0.000568390
0.001686096
0.000442505
0.000469208
0.000839233
0.000583649
0.000614166
0.000667572
0.000415802
0.000476837
0.000595093
0.000518799
0.000434875
0.001911163
0.002597809
0.004589081
0.000572205
0.000892639
0.000560760
0.000396729
0.001796722
0.003379822
0.000469208
0.003562927
0.001548767
0.000881195
0.000793457
0.000576019
0.000858307
0.000488281
0.000473022
0.002437592
0.000484467
0.000507355
0.000633240
0.000392914
0.000617981
0.000717163
0.000465393
0.000808716
0.004795074
0.001399994
0.000560760
0.000942230
0.000659943
0.000484467
0.000431061
0.000629425
0.000598907
0.000396729
0.003219604
0.000530243
0.003349304
0.000518799
0.000377655
0.001811981
0.000839233
0.000396729
0.000919342
0.004550934
0.000652313
0.000820160
0.001190186
0.003704071
0.000762939
0.002025604
0.003253937
0.002681732
0.000869751
0.000423431
0.003242493
0.000442505
0.001049042
0.000556946
0.000667572
0.000640869
0.000995636
0.000850677
0.000484467
0.005001068
0.000598907
0.000396729
0.004604340
0.004444122
0.000633240
0.004566193
0.000511169
0.000675201
0.000911713
0.000484467
0.000492096
0.000782013
0.000625610
0.000984192
0.000534058
0.000888824
0.000869751
0.000507355
0.004623413
0.000473022
0.000423431
0.001628876
0.000553131
0.000980377
0.000518799
0.000541687
0.001865387
0.000549316
0.000949860
0.000816345
0.000415802
0.000782013
0.000507355
0.000438690
0.000564575
0.000713348
0.000469208
0.000423431
0.000621796
0.002964020
0.000476837
0.000892639
0.002498627
0.002727509
0.003616333
0.000530243
0.004047394
0.000579834
0.005107880
0.000793457
0.000900269
0.000564575
0.000560760
0.002178192
0.001167297
0.000568390
0.000667572
0.000495911
0.002723694
0.005073547
0.000495911
0.003555298
0.000419617
0.003173828
0.000808716
0.000431061
0.000904083
0.004512787
0.000526428
0.005207062
0.000976562
0.002906799
0.000652313
0.004783630
0.002159119
0.000881195
0.000617981
0.000911713
0.003555298
0.000980377
0.000480652
0.004600525
0.000556946
0.000476837
0.002834320
0.000701904
0.005493164
0.000942230
0.000953674
0.001468658
0.000492096
0.001255035
0.000476837
0.003387451
0.001499176
0.000473022
0.000740051
0.000484467
0.000518799
0.000595093
0.000469208
0.000480652
0.003475189
0.000904083
0.000469208
0.000514984
0.000404358
0.000576019
0.000396729
0.000972748
0.000461578
0.000450134
0.002254486
0.003871918
0.003688812
0.002998352
0.000892639
0.000511169
0.000434875
0.002990723
0.000953674
0.000400543
0.000888824
0.000476837
0.000450134
0.000541687
0.000545502
0.002319336
0.000690460
0.000885010
0.000560760
0.000537872
0.000549316
0.000476837
0.000476837
0.000461578
0.000492096
0.000568390
0.000862122
0.003143311
0.003871918
0.000434875
0.000694275
0.000766754
0.000530243
0.002998352
0.000804901
0.000659943
0.000911713
0.000705719
0.001335144
0.003311157
0.000526428
0.000408173
0.000885010
0.004096985
0.000457764
0.001995087
0.000911713
0.000507355
0.000640869
0.000892639
0.000465393
0.000537872
0.000896454
0.002361298
0.000747681
0.004863739
0.002395630
0.000457764
0.000858307
0.000789642
0.001712799
0.000743866
0.000602722
0.000953674
0.000450134
0.001022339
0.000625610
0.000823975
0.000961304
0.000808716
0.000930786
0.003559113
0.000469208
0.000892639
0.000640869
0.000514984
0.000572205
0.000999451
0.000476837
0.000820160
0.000648499
0.000949860
0.000553131
0.002243042
0.001026154
0.004268646
0.003471375
0.003860474
0.001094818
0.001045227
0.000938416
0.000484467
0.000926971
0.000518799
0.000499725
0.001758575
0.004215240
0.000888824
0.000587463
0.000652313
0.001132965
0.000972748
0.003284454
0.000560760
0.003253937
0.000873566
0.000572205
0.000518799
0.000442505
0.002311707
0.000843048
0.000556946
0.003047943
0.000873566
0.000511169
0.004161835
0.002029419
0.000461578
0.000389099
0.000549316
0.000858307
0.000541687
0.001411438
0.000667572
0.000820160
0.000400543
0.000511169
0.000404358
0.000518799
0.001575470
0.000431061
0.000392914
0.000465393
0.000644684
0.002292633
0.000831604
0.000465393
0.000488281
0.003299713
0.004619598
0.000419617
0.000446320
0.000461578
0.000476837
0.000614166
0.004020691
0.000473022
0.000495911
0.000537872
0.000522614
0.003078461
0.000553131
0.001007080
0.000564575
0.001049042
0.004871368
0.003532410
0.000640869
0.000442505
0.000358582
0.000396729
0.001033783
0.004966736
0.001533508
0.000785828
0.000865936
0.003929138
0.000492096
0.004600525
0.000438690
0.000656128
0.000461578
0.001457214
0.000747681
0.002891541
0.001003265
0.002220154
0.000377655
0.002681732
0.000663757
0.002986908
0.001537323
0.000469208
0.000499725
0.000770569
0.000911713
0.000431061
0.001815796
0.000450134
0.001796722
0.003181458
0.000919342
0.000556946
0.000453949
0.000526428
0.000694275
0.004169464
0.001091003
0.000808716
0.003604889
0.000461578
0.002578735
0.002849579
0.000564575
0.000846863
0.000476837
0.003723145
0.000766754
0.000480652
0.000469208
0.002872467
0.004806519
0.000656128
0.000934601
0.000404358
0.000507355
0.000736237
0.004981995
0.000488281
0.000637054
0.005485535
0.001796722
0.000514984
0.003242493
0.000782013
0.004272461
0.001495361
0.003929138
0.000442505
0.000389099
0.000484467
0.004737854
0.000499725
0.000431061
0.000854492
0.000553131
0.000949860
0.000732422
0.000522614
0.003532410
0.003520966
0.000434875
0.000991821
0.000446320
0.002632141
0.000934601
0.000949860
0.000419617
0.004333496
0.000480652
0.000610352
0.000492096
0.000637054
0.002529144
0.000556946
0.000724792
0.002037048
0.000457764
0.000518799
0.000640869
0.000961304
0.000919342
0.000526428
0.002738953
0.001182556
0.000476837
0.000381470
0.002384186
0.000461578
0.004459381
0.000709534
0.000606537
0.002277374
0.002929688
0.000972748
0.000480652
0.000553131
0.000492096
0.000919342
0.000778198
0.000610352
0.002353668
0.000835419
0.000972748
0.004535675
0.000843048
0.004806519
0.000434875
0.002883911
0.000461578
0.000892639
0.000457764
0.000541687
0.000572205
0.000438690
0.000598907
0.000553131
0.000965118
0.003269196
0.000839233
0.000442505
0.000373840
0.004981995
0.002479553
0.002868652
0.004184723
0.000923157
0.000812531
0.002105713
0.005424500
0.000492096
0.002872467
0.000381470
0.000419617
0.000579834
0.000556946
0.000892639
0.000793457
0.000881195
0.000915527
0.000431061
0.000495911
0.000431061
0.000728607
0.000888824
0.000614166
0.000900269
0.000625610
0.004539490
0.001003265
0.003273010
0.000633240
0.004161835
0.000484467
0.000545502
0.003051758
0.003623962
0.000591278
0.000877380
0.000484467
0.000514984
0.000595093
0.002201080
0.000869751
0.000812531
0.004901886
0.000610352
0.002361298
0.000862122
0.000484467
0.000549316
0.001243591
0.000545502
0.000915527
0.003124237
0.000762939
0.004207611
0.000694275
0.000473022
0.000587463
0.000984192
0.000411987
0.000858307
0.002613068
0.003284454
0.000484467
0.000907898
0.000835419
0.000469208
0.004844666
0.000556946
0.002193451
0.000617981
0.004173279
0.000957489
0.000438690
0.000831604
0.003952026
0.000919342
0.000919342
0.000820160
0.004631042
0.000968933
0.000518799
0.000446320
0.000484467
0.000667572
0.000930786
0.001956940
0.000892639
0.005779266
0.000988007
0.003261566
0.000564575
0.000434875
0.000705719
0.000942230
0.000492096
0.000446320
0.000530243
0.001636505
0.004962921
0.000488281
0.000873566
0.005054474
0.000453949
0.000553131
0.000560760
0.000759125
0.001380920
0.000541687
0.000560760
0.002227783
0.000659943
0.004531860
0.000480652
0.004734039
0.000713348
0.000957489
0.000999451
0.001003265
0.000984192
0.000453949
0.001041412
0.000556946
0.005050659
0.000453949
0.000850677
0.000530243
0.001827240
0.002861023
0.000705719
0.000350952
0.000381470
0.000534058
0.001907349
0.000408173
0.000438690
0.000450134
0.000804901
0.000553131
0.001461029
0.003391266
0.000507355
0.000888824
0.000705719
0.000537872
0.000881195
0.002426147
0.002368927
0.000579834
0.000480652
0.001152039
0.004516602
0.000396729
0.000801086
0.000785828
0.000480652
0.001846313
0.000511169
0.000495911
0.000915527
0.003738403
0.000465393
0.000495911
0.000473022
0.000495911
0.000892639
0.000907898
0.003593445
0.002449036
0.000999451
0.002838135
0.000396729
0.004348755
0.003211975
0.002098083
0.000877380
0.000579834
0.000816345
0.000984192
0.000541687
0.000495911
0.000572205
0.000961304
0.000755310
0.000450134
0.001930237
0.000907898
0.000381470
0.001121521
0.000885010
0.004379272
0.000427246
0.000556946
0.000350952
0.000900269
0.001335144
0.000984192
0.003028870
0.005897522
0.000831604
0.004043579
0.000457764
0.000862122
0.000915527
0.000846863
0.000534058
0.001724243
0.000778198
0.000526428
0.000953674
0.000907898
0.003318787
0.000579834
0.002525330
0.001998901
0.000885010
0.000885010
0.000778198
0.004234314
0.000846863
0.000534058
0.000610352
0.001449585
0.000816345
0.000511169
0.000877380
0.000465393
0.000511169
0.004447937
0.000518799
0.000907898
0.000633240
0.000541687
0.000602722
0.000518799
0.000961304
0.000625610
0.000869751
0.000907898
0.000541687
0.002044678
0.000511169
0.000526428
0.001045227
0.000679016
0.000640869
0.000396729
0.005119324
0.000633240
0.000900269
0.000404358
0.000457764
0.000495911
0.000968933
0.000442505
0.001693726
0.000373840
0.005355835
0.004188538
0.000984192
0.000938416
0.003509521
0.000549316
0.000923157
0.000411987
0.001861572
0.000411987
0.004837036
0.003273010
0.003715515
0.000442505
0.000450134
0.000747681
0.003341675
0.000694275
0.000610352
0.000877380
0.003089905
0.000869751
0.000679016
0.002029419
0.000473022
0.002845764
0.000442505
0.000495911
0.000549316
0.000465393
0.004806519
0.001525879
0.001327515
0.001502991
0.000465393
0.000984192
0.000915527
0.000740051
0.000495911
0.000892639
0.002159119
0.000450134
0.000938416
0.005065918
0.000694275
0.003646851
0.000419617
0.000526428
0.000854492
0.000389099
0.000488281
0.000831604
0.000915527
0.000511169
0.004592896
0.000427246
0.000831604
0.000968933
0.000839233
0.000450134
0.001022339
0.000427246
0.000450134
0.000907898
0.000457764
0.000793457
0.000953674
0.003211975
0.000465393
0.000747681
0.000938416
0.002250671
0.000526428
0.000595093
0.000701904
0.000579834
0.000686646
0.000404358
0.004272461
0.004394531
0.003585815
0.000495911
0.000915527
0.003974915
0.000617981
0.000526428
0.000495911
0.002304077
0.000770569
0.000610352
0.003852844
0.002624512
0.002433777
0.000549316
0.004043579
0.000671387
0.003089905
0.000946045
0.000526428
0.000869751
0.000633240
0.003028870
0.000442505
0.000907898
0.004837036
0.000900269
0.002555847
0.000839233
0.002441406
0.004798889
0.002662659
0.004432678
0.003280640
0.000396729
0.000549316
0.003242493
0.002693176
0.000457764
0.000488281
0.000495911
0.000564575
0.000831604
0.000869751
0.000869751
0.000503540
0.000411987
0.000808716
0.003379822
0.000854492
0.000846863
0.000465393
0.004707336
0.000465393
0.000854492
0.001029968
0.004287720
0.000930786
0.002937317
0.003601074
0.000747681
0.002182007
0.002456665
0.000900269
0.000854492
0.000419617
0.000778198
0.000984192
0.003326416
0.002479553
0.000648499
0.000892639
0.000885010
0.000434875
0.000511169
0.000595093
0.000549316
0.000885010
0.000831604
0.001350403
0.000740051
0.000434875
0.000991821
0.000541687
0.000732422
0.001617432
0.000900269
0.000549316
0.000923157
0.001007080
0.000907898
0.000808716
0.002357483
0.000877380
0.000617981
0.000396729
0.000946045
0.000793457
0.000869751
0.000907898
0.001052856
0.000480652
0.001838684
0.003959656
0.000785828
0.000831604
0.004806519
0.000457764
0.000740051
0.000701904
0.000488281
0.000495911
0.000442505
0.000427246
0.001052856
0.000915527
0.003631592
0.004089355
0.002746582
0.000617981
0.000801086
0.000511169
0.000427246
0.000808716
0.000396729
0.000938416
0.000381470
0.000679016
0.000411987
0.000511169
0.000511169
0.000396729
0.000396729
0.000442505
0.001922607
0.000411987
0.000740051
0.000427246
0.000854492
0.000534058
0.000892639
0.003074646
0.001205444
0.000823975
0.001464844
0.000656128
0.000457764
0.000503540
0.000762939
0.000625610
0.000823975
0.000442505
0.002006531
0.003822327
0.000801086
0.002021790
0.001029968
0.000846863
0.001792908
0.000984192
0.000686646
0.000480652
0.000495911
0.002250671
0.000617981
0.000503540
0.001510620
0.004188538
0.003067017
0.002235413
0.002830505
0.000663757
0.000564575
0.000656128
0.000923157
0.000717163
0.000389099
0.003189087
0.000625610
0.002143860
0.002990723
0.001304626
0.000587463
0.000511169
0.000518799
0.001007080
0.003433228
0.004592896
0.000442505
0.000495911
0.000755310
0.001327515
0.000938416
0.000427246
0.000854492
0.000434875
0.000465393
0.000488281
0.000511169
0.000480652
0.000457764
0.000473022
0.000686646
0.000480652
0.003517151
0.002906799
0.000389099
0.000770569
0.002319336
0.000701904
0.000923157
0.003692627
0.000869751
0.004333496
0.000434875
0.000389099
0.000846863
0.000457764
0.000549316
0.000312805
0.001274109
0.000595093
0.000549316
0.000534058
0.004211426
0.004905701
0.000801086
0.000465393
0.000404358
0.000465393
0.000457764
0.000617981
0.004875183
0.000511169
0.000488281
0.004760742
0.001525879
0.001396179
0.000465393
0.000892639
0.000640869
0.004112244
0.001617432
0.002349854
0.000762939
0.000335693
0.000518799
0.000389099
0.000694275
0.002929688
0.004173279
0.001823425
0.000923157
0.000473022
0.000793457
0.001373291
0.002151489
0.003669739
0.000564575
0.000534058
0.001037598
0.000503540
0.003875732
0.000465393
0.000732422
0.004959106
0.000938416
0.000556946
0.002189636
0.002281189
0.004722595
0.004875183
0.000869751
0.000953674
0.000556946
0.004646301
0.000503540
0.000511169
0.003509521
0.002952576
0.003211975
0.000663757
0.000801086
0.002502441
0.001228333
0.006538391
0.000984192
0.000915527
0.000572205
0.000556946
0.000816345
0.004844666
0.000839233
0.000411987
0.000473022
0.006698608
0.001708984
0.000953674
0.000457764
0.000846863
0.003067017
0.003089905
0.000503540
0.000465393
0.000793457
0.004631042
0.000617981
0.003959656
0.000617981
0.002273560
0.000526428
0.000526428
0.000488281
0.000991821
0.000846863
0.000473022
0.002731323
0.001457214
0.000465393
0.000816345
0.003982544
0.000503540
0.000923157
0.000633240
0.000518799
0.000579834
0.000335693
0.000717163
0.000999451
0.000518799
0.001029968
0.000518799
0.000480652
0.000793457
0.001670837
0.000617981
0.000564575
0.004516602
0.003532410
0.000503540
0.000976562
0.000495911
0.000495911
0.002021790
0.000610352
0.000930786
0.000579834
0.000740051
0.000450134
0.002571106
0.000419617
0.000915527
0.000984192
0.000968933
0.004798889
0.003234863
0.000518799
0.000572205
0.000762939
0.000473022
0.000694275
0.005119324
0.000579834
0.000450134
0.000427246
0.000541687
0.005142212
0.001899719
0.000450134
0.000511169
0.003852844
0.000434875
0.001144409
0.001060486
0.000518799
0.000846863
0.000480652
0.000686646
0.000480652
0.000480652
0.000946045
0.000572205
0.000724792
0.000587463
0.000610352
0.002014160
0.000526428
0.000457764
0.000816345
0.000633240
0.000595093
0.002243042
0.000984192
0.000579834
0.000640869
0.006515503
0.000434875
0.003028870
0.000862122
0.000480652
0.000572205
0.000526428
0.000404358
0.000007629
0.000000000
