0.000004352
0.000006656
0.000005536
0.000178900
0.000006816
0.000091644
0.000086159
0.000198778
0.000126049
0.000065371
0.000167057
0.000050277
0.000047699
0.000330716
0.000235111
0.000115201
0.000235140
0.000115052
0.000251085
0.000088006
0.002535999
0.000129759
0.000275195
0.000094831
0.000412554
0.000420213
0.000155181
0.000073045
0.000289708
0.000237465
0.000116825
0.000363886
0.000297785
0.000282109
0.000110686
0.000290751
0.000291288
0.000105977
0.000242054
0.000094235
0.000239193
0.000107050
0.000274658
0.000181019
0.000269413
0.000106156
0.005102038
0.000082672
0.000065565
0.000372350
0.000270784
0.004192889
0.000441909
0.000040174
0.000252843
0.000046194
0.000040710
0.000189781
0.000051856
0.000280261
0.000235081
0.000238776
0.000069499
0.000226974
0.000090837
0.000370145
0.000061393
0.000149727
0.000098467
0.000059247
0.000175238
0.000047445
0.000040174
0.000042677
0.000193000
0.000106812
0.000056386
0.000370979
0.000040174
0.000188947
0.000040174
0.000040054
0.000208974
0.000258088
0.000040412
0.000040174
0.003777146
0.000040174
0.000222445
0.000087380
0.000053287
0.000064135
0.000062823
0.000068784
0.000107527
0.000073195
0.000271082
0.000047088
0.000089526
0.000064611
0.000088453
0.007444263
0.000261426
0.000040174
0.000065804
0.000101328
0.001014709
0.000060320
0.000270605
0.000361919
0.000099421
0.000123501
0.000040054
0.000482082
0.000040293
0.000272274
0.000048637
0.000101089
0.000040293
0.000043869
0.000040054
0.000724077
0.000173092
0.000235319
0.000040054
0.000057459
0.000101089
0.000040054
0.000090599
0.000204563
0.000276089
0.001996517
0.000346661
0.000074148
0.000091076
0.000491142
0.001461506
0.000555754
0.000041723
0.000288486
0.000105619
0.000902414
0.000088692
0.000401974
0.000058651
0.000040054
0.002731800
0.000171900
0.000363588
0.000435591
0.000227213
0.004995346
0.000096321
0.000382185
0.000230789
0.000040293
0.005416870
0.000072002
0.000478268
0.000103951
0.000532866
0.001849413
0.000318050
0.000476599
0.000064611
0.000498533
0.000067472
0.000375748
0.000056744
0.000487089
0.000085115
0.002668619
0.000040054
0.000323772
0.000040293
0.000235558
0.000358343
0.000482082
0.000080109
0.000346422
0.000367165
0.000040293
0.000235796
0.001108170
0.000081301
0.000476122
0.003687382
0.000149250
0.001496553
0.000071764
0.000453949
0.000317812
0.000487566
0.000142336
0.000253916
0.000326395
0.000586748
0.000089169
0.000518322
0.000528574
0.000040293
0.003467083
0.000070095
0.000513077
0.000060558
0.000395060
0.003473282
0.000352383
0.000080585
0.000428200
0.000325203
0.002210140
0.000373363
0.000046253
0.000070095
0.000378132
0.003669262
0.000492573
0.000070572
0.000390530
0.000081539
0.005004406
0.000059128
0.000335693
0.000400543
0.000051498
0.000451088
0.000092506
0.000349998
0.000074863
0.000498295
0.000060081
0.000490189
0.000081062
0.000088692
0.000343323
0.003612518
0.001413345
0.000240803
0.000040531
0.000514030
0.004536152
0.000391006
0.000303268
0.000057220
0.000517368
0.004045963
0.000383854
0.000164509
0.000275135
0.000076294
0.001773834
0.000420570
0.000308990
0.000188828
0.000467300
0.000040054
0.000306606
0.000040054
0.000040054
0.000384331
0.001097679
0.000378609
0.000153065
0.000075340
0.000208378
0.002860546
0.000043392
0.000288486
0.000040054
0.000404835
0.000174999
0.000391483
0.000108719
0.000046253
0.000577927
0.000040054
0.000514507
0.000545025
0.000060081
0.000445843
0.000421524
0.000133514
0.000351429
0.000228882
0.000267506
0.000503063
0.000048161
0.001275539
0.000088215
0.000524521
0.000247955
0.000447750
0.000537872
0.000094891
0.000522614
0.001880646
0.000467777
0.000088692
0.000073910
0.000416279
0.004952431
0.000985146
0.000466824
0.000307083
0.000040054
0.004307270
0.000059128
0.000459671
0.000483513
0.000367641
0.000912666
0.000142097
0.000308514
0.000040054
0.000330448
0.004404068
0.000040054
0.000313282
0.000154018
0.001250744
0.003808498
0.000040531
0.001215458
0.000064373
0.000270844
0.000552177
0.000099182
0.000372887
0.000040054
0.000472069
0.000607491
0.000206470
0.000157356
0.000469685
0.000042439
0.002032280
0.000514507
0.000097275
0.000483990
0.000351906
0.000457764
0.000140190
0.000041962
0.000545502
0.000241280
0.001651764
0.000052452
0.000367641
0.000174522
0.000361919
0.000068188
0.000340939
0.000122070
0.000093937
0.000080585
0.001437187
0.000047207
0.000320911
0.000066757
0.000326157
0.003283024
0.000365734
0.000040054
0.000361919
0.000329018
0.000113487
0.000496387
0.000069141
0.000040054
0.001034737
0.000545502
0.000105858
0.000573635
0.000098705
0.000338554
0.000153065
0.000510693
0.000070572
0.000329018
0.000085831
0.000375271
0.000073910
0.000099182
0.000040531
0.000510216
0.000194550
0.000506878
0.000092030
0.001279831
0.000377178
0.000154018
0.000306606
0.000481129
0.000051975
0.000348568
0.000060081
0.000390530
0.000082016
0.000300407
0.000211716
0.001155853
0.000040054
0.001083851
0.000058651
0.000341892
0.002534866
0.000582695
0.000090599
0.000041008
0.000545502
0.000188828
0.000436783
0.000164032
0.000337601
0.000089645
0.002820015
0.000040054
0.000343323
0.000394821
0.000245094
0.001185417
0.000083923
0.000148773
0.000042915
0.000530243
0.000099182
0.000291824
0.000069618
0.000074387
0.000819206
0.004006386
0.000061035
0.000312805
0.000296593
0.000544548
0.000040054
0.000510216
0.000061035
0.000326157
0.000049591
0.000406265
0.000382423
0.000151634
0.000350952
0.000041962
0.000478745
0.000075340
0.000431061
0.000334740
0.000328064
0.000071526
0.000502586
0.000054359
0.000355721
0.000056267
0.002611160
0.000054359
0.000347137
0.000288010
0.000258446
0.001259804
0.000060081
0.000327110
0.000063896
0.000433922
0.000128746
0.000082016
0.000492096
0.000095367
0.001781464
0.000442505
0.000091553
0.000040054
0.000464439
0.000657082
0.000381470
0.000175476
0.000320435
0.000040054
0.000499725
0.000040054
0.000514984
0.000040054
0.000540733
0.002944946
0.000493050
0.000143051
0.000040054
0.000351906
0.000040054
0.000418663
0.000040054
0.000040054
0.000328064
0.000247002
0.000525475
0.000156403
0.000356674
0.000040054
0.002931595
0.000040054
0.000334740
0.000521660
0.000381470
0.003509521
0.000523567
0.000377655
0.000302315
0.000203133
0.000069618
0.000040054
0.000364304
0.000158310
0.000040054
0.000401497
0.000040054
0.000297546
0.000132561
0.000391006
0.000221252
0.000334740
0.000041008
0.000056267
0.000422478
0.000056267
0.000336647
0.000227928
0.000108719
0.000281334
0.000489235
0.000040054
0.000369072
0.000040054
0.000307083
0.000040054
0.002605438
0.000061035
0.000322342
0.000063896
0.000257492
0.000182152
0.000495911
0.000069618
0.000406265
0.000328064
0.004256248
0.000052452
0.000529289
0.000061035
0.000324249
0.001210213
0.000377655
0.000544548
0.000308990
0.000139236
0.003079414
0.000288963
0.000166893
0.000062943
0.000301361
0.004341125
0.000047684
0.000311852
0.000070572
0.000422478
0.005132675
0.000047684
0.000481606
0.000040054
0.000458717
0.001508713
0.000048637
0.000314713
0.000579834
0.000143051
0.000064850
0.000560760
0.000092506
0.000350952
0.000567436
0.002435684
0.000449181
0.000074387
0.000052452
0.000539780
0.002239227
0.000494003
0.000108719
0.000059128
0.000351906
0.000041962
0.000340462
0.000040054
0.000077248
0.000040054
0.001276016
0.000402451
0.000041008
0.000332832
0.000049591
0.001862526
0.000295639
0.000544548
0.000061989
0.000410080
0.000099182
0.000040054
0.000414848
0.000054359
0.000352859
0.000064850
0.000362396
0.000041008
0.000289917
0.001276016
0.005181313
0.000160217
0.000079155
0.000354767
0.000393867
0.000040054
0.000441551
0.000041008
0.000314713
0.000040054
0.000387192
0.000069618
0.001292229
0.000045776
0.000570297
0.000068665
0.000342369
0.000096321
0.000071526
0.000497818
0.004617691
0.000268936
0.000104904
0.000153542
0.000316620
0.001049995
0.000466347
0.000157356
0.000519753
0.000219345
0.004423141
0.000349045
0.000304222
0.000300407
0.000555992
0.000134468
0.000453949
0.000059128
0.000076294
0.000513077
0.000047684
0.000367165
0.000047684
0.000548363
0.000095367
0.003494263
0.000050545
0.000506401
0.000360489
0.000062943
0.004913330
0.000094414
0.000173569
0.000040054
0.000302315
0.003619194
0.000369072
0.000139236
0.000052452
0.000041008
0.000479698
0.000158310
0.000367165
0.000040054
0.000277519
0.000538826
0.000041008
0.000347137
0.000040054
0.000358582
0.001968384
0.000356674
0.000040054
0.000343323
0.000523567
0.003409386
0.000325203
0.000235558
0.000308990
0.000349045
0.000047684
0.000325203
0.000452042
0.000040054
0.000384331
0.002231598
0.000474930
0.000358582
0.000475883
0.000380516
0.000384331
0.000178337
0.000198364
0.000267982
0.000542641
0.000191689
0.000059128
0.000054359
0.000383377
0.000069618
0.000550270
0.000238419
0.000365257
0.000505447
0.000286102
0.003380775
0.000081062
0.000471115
0.000040054
0.000511169
0.002421379
0.000506401
0.000062943
0.000071526
0.000491142
0.000097275
0.000326157
0.000040054
0.000561714
0.000074387
0.000361443
0.003710747
0.000499725
0.000149727
0.001311302
0.000066757
0.004427910
0.000058174
0.000321388
0.000080109
0.000136375
0.000047684
0.000309944
0.000040054
0.000050545
0.000582695
0.004904747
0.000488281
0.000225067
0.000296593
0.000494003
0.039941788
0.002463341
0.000053406
0.000419617
0.057604790
0.000330925
0.000040054
0.061913490
0.000094414
0.000502586
0.056986809
0.000040054
0.000369072
0.023094177
0.024801254
0.000324249
0.000040054
0.057497025
0.000292778
0.000273705
0.057471275
0.000495911
0.000140190
0.058937073
0.000097275
0.000486374
0.059166908
0.000460625
0.000100136
0.054244041
0.000324249
0.000102043
0.058702469
0.000040054
0.000219345
0.055458069
0.000442505
0.000165939
0.057987213
0.000320435
0.000089645
0.039196014
0.009948730
0.000444412
0.015701294
0.034803391
0.000095367
0.000373840
0.059173584
0.000049591
0.000539780
0.057422638
0.000440598
0.000066757
0.055738449
0.000070572
0.000713348
0.052604675
0.000471115
0.000101089
0.055934906
0.000051498
0.000471115
0.020301819
0.032054901
0.000080109
0.000453949
0.058757782
0.000364304
0.000055313
0.054515839
0.000135422
0.000345230
0.054372787
0.000341415
0.000040054
0.059474945
0.000074387
0.000509262
0.054082870
0.000318527
0.000080109
0.059852600
0.000539780
0.000141144
0.052438736
0.000362396
0.000118256
0.006376266
0.044385910
0.000408173
0.000072479
0.056579590
0.000234604
0.000516891
0.003034592
0.049718857
0.000312805
0.020927429
0.030073166
0.000543594
0.000082016
0.058490753
0.000205994
0.000419617
0.057769775
0.000349045
0.000074387
0.057954788
0.000293732
0.000394821
0.000143051
0.049800873
0.000322342
0.000690460
0.057365417
0.000352859
0.014764786
0.035083771
0.000053406
0.000482559
0.056997299
0.000061035
0.000492096
0.054658890
0.000444412
0.000394821
0.004619598
0.046215057
0.000051498
0.000530243
0.054252625
0.000503540
0.000053406
0.060596466
0.000204086
0.000339508
0.000373840
0.056329727
0.001230240
0.002632141
0.049680710
0.000225067
0.000537872
0.003353119
0.000362396
0.000078201
0.000307083
0.000125885
0.000318527
0.000082016
0.004245758
0.000492096
0.000135422
0.000072479
0.000331879
0.000040054
0.000339508
0.000076294
0.000122070
0.000059128
0.000091553
0.000282288
0.000453949
0.003948212
0.000288010
0.000120163
0.000518799
0.000062943
0.000307083
0.000059128
0.004648209
0.000076294
0.000541687
0.000286102
0.000572205
0.000040054
0.000501633
0.002658844
0.000040054
0.000461578
0.000101089
0.000492096
0.000131607
0.000040054
0.001451492
0.000154495
0.000473022
0.000156403
0.000040054
0.000307083
0.000040054
0.005334854
0.000087738
0.000040054
0.000553131
0.000074387
0.000040054
0.003677368
0.000066757
0.000040054
0.000324249
0.000522614
0.000133514
0.000476837
0.002946854
0.000040054
0.000480652
0.000064850
0.000312805
0.000040054
0.005115509
0.000040054
0.000337601
0.000276566
0.000205994
0.000316620
0.000040054
0.004610062
0.000240326
0.000432968
0.000236511
0.000301361
0.000148773
0.000495911
0.000080109
0.000188828
0.000381470
0.000152588
0.000274658
0.000049591
0.000490189
0.000276566
0.000061035
0.000331879
0.000089645
0.000093460
0.000509262
0.000076294
0.004367828
0.000051498
0.000465393
0.000062943
0.000312805
0.000041962
0.000352859
0.000564575
0.000074387
0.000539780
0.000040054
0.000518799
0.000102997
0.000093460
0.000307083
0.000457764
0.000181198
0.000123978
0.000478745
0.000417709
0.000164032
0.000192642
0.001312256
0.000068665
0.000566483
0.000181198
0.000040054
0.000240326
0.000492096
0.000040054
0.000303268
0.000040054
0.000520706
0.000080109
0.000518799
0.000078201
0.000389099
0.000202179
0.000446320
0.000040054
0.000543594
0.000040054
0.000331879
0.000194550
0.000040054
0.000101089
0.000040054
0.000040054
0.000320435
0.000097275
0.001626968
0.000066757
0.000387192
0.000257492
0.000389099
0.000139236
0.000343323
0.003625870
0.000331879
0.000112534
0.000040054
0.000263214
0.000083923
0.000341415
0.004430771
0.000448227
0.001239777
0.000053406
0.000469208
0.000102997
0.000511169
0.000251770
0.000463486
0.000040054
0.000370026
0.000259399
0.000318527
0.000068665
0.000543594
0.000156403
0.000062943
0.000492096
0.000167847
0.000234604
0.000059128
0.002523422
0.000083923
0.000127792
0.000751495
0.000152588
0.000476837
0.000078201
0.000444412
0.000345230
0.000055313
0.000368118
0.000051498
0.000379562
0.000139236
0.000381470
0.000263214
0.000316620
0.000303268
0.000059128
0.000391006
0.000043869
0.000423431
0.000257492
0.000335693
0.000154495
0.000507355
0.000087738
0.000303268
0.000524521
0.000040054
0.000085831
0.000465393
0.000329971
0.000274658
0.000154495
0.005369186
0.000040054
0.000476837
0.000101089
0.000490189
0.000059128
0.000440598
0.003339767
0.000318527
0.000076294
0.000085831
0.000352859
0.000040054
0.000497818
0.001686096
0.000078201
0.000288010
0.000539780
0.000738144
0.000064850
0.000379562
0.000181198
0.000461578
0.000288010
0.000076294
0.000440598
0.000080109
0.000457764
0.000076294
0.000326157
0.000072479
0.000389099
0.000057220
0.000518799
0.000040054
0.000551224
0.000040054
0.000316620
0.000070572
0.000482559
0.000040054
0.000322342
0.000051498
0.000316620
0.000041962
0.000339508
0.000040054
0.000316620
0.000364304
0.000646591
0.001226425
0.000415802
0.000041962
0.000549316
0.000207901
0.000339508
0.000352859
0.000297546
0.000062943
0.000486374
0.000112534
0.000509262
0.000246048
0.000173569
0.002304077
0.000080109
0.000431061
0.000091553
0.000368118
0.000154495
0.000328064
0.000066757
0.000209808
0.000415802
0.000463486
0.000095367
0.000473022
0.000078201
0.000539780
0.000265121
0.000120163
0.000345230
0.000310898
0.000391006
0.003189087
0.000064850
0.000377655
0.000040054
0.000417709
0.000156403
0.000171661
0.001853943
0.000055313
0.000429153
0.000219345
0.000293732
0.000364304
0.003675461
0.000314713
0.000095367
0.000463486
0.000040054
0.000335693
0.000041962
0.000371933
0.000453949
0.000345230
0.000148773
0.000040054
0.000089645
0.000040054
0.000387192
0.000040054
0.000394821
0.000083923
0.000741959
0.000249863
0.002117157
0.000545502
0.000165939
0.000085831
0.000457764
0.002305984
0.000316620
0.000381470
0.000040054
0.000513077
0.002382278
0.000406265
0.000339508
0.000085831
0.000301361
0.002944946
0.000072479
0.000509262
0.000156403
0.000095367
0.001417160
0.000066757
0.000307083
0.000074387
0.000307083
0.000373840
0.000040054
0.001270294
0.000381470
0.000219345
0.002544403
0.000040054
0.000520706
0.000431061
0.000350952
0.003936768
0.000347137
0.000083923
0.000043869
0.000495911
0.003095627
0.000349045
0.000099182
0.000152588
0.000349045
0.000040054
0.000347137
0.000051498
0.000450134
0.000040054
0.000272751
0.004878998
0.000133514
0.000040054
0.000370026
0.000400543
0.000389099
0.000299454
0.000280380
0.000040054
0.000486374
0.000040054
0.000377655
0.000040054
0.000455856
0.000541687
0.000040054
0.001314163
0.000040054
0.000312805
0.000381470
0.001834869
0.001413345
0.000457764
0.000078201
0.000040054
0.000061035
0.000535965
0.000040054
0.000528336
0.000057220
0.002302170
0.000040054
0.000297546
0.000072479
0.000432968
0.002359390
0.000110626
0.000513077
0.000040054
0.000404358
0.000040054
0.000366211
0.000040054
0.000572205
0.000040054
0.004329681
0.000040054
0.000391006
0.000040054
0.000383377
0.000040054
0.000511169
0.000158310
0.000040054
0.000333786
0.000040054
0.000352859
0.000177383
0.000293732
0.000040054
0.001749039
0.000356674
0.000040054
0.000366211
0.000040054
0.004646301
0.000349045
0.000040054
0.000322342
0.000171661
0.001295090
0.000040054
0.000516891
0.000040054
0.000305176
0.000143051
0.000040054
0.000308990
0.000040054
0.000684738
0.005424500
0.000497818
0.000305176
0.000040054
0.000461578
0.002658844
0.000494003
0.000040054
0.000494003
0.000072479
0.004804611
0.000177383
0.000040054
0.000040054
0.000312805
0.000308990
0.000041962
0.000310898
0.000221252
0.000566483
0.000875473
0.000040054
0.000349045
0.000049591
0.000530243
0.002655029
0.000253677
0.000509262
0.000402451
0.000364304
0.003734589
0.000494003
0.000217438
0.000047684
0.000040054
0.001956940
0.000040054
0.000370026
0.000396729
0.000040054
0.003246307
0.000040054
0.000474930
0.000041962
0.000450134
0.001117706
0.000040054
0.000314713
0.000040054
0.000373840
0.000041962
0.000473022
0.000314713
0.000289917
0.000043869
0.000301361
0.000040054
0.000520706
0.000040054
0.000558853
0.000167847
0.000310898
0.000040054
0.000448227
0.000040054
0.000345230
0.000040054
0.000345230
0.000169754
0.000318527
0.000127792
0.000040054
0.000486374
0.000055313
0.000555038
0.000068665
0.001510620
0.000074387
0.000394821
0.000049591
0.000312805
0.003139496
0.000169754
0.000074387
0.000305176
0.000164032
0.003269196
0.000349045
0.000204086
0.000062943
0.000385284
0.003301620
0.000352859
0.000040054
0.000091553
0.000362396
0.000055313
0.000274658
0.000095367
0.000410080
0.000072479
0.004074097
0.000083923
0.000045776
0.000469208
0.000383377
0.002599716
0.000320435
0.000108719
0.000040054
0.000043869
0.001428604
0.000095367
0.000127792
0.000375748
0.000064850
0.004440308
0.000099182
0.000181198
0.000368118
0.000076294
0.003028870
0.000062943
0.000387192
0.000110626
0.000368118
0.000152588
0.000040054
0.000360489
0.000040054
0.000471115
0.003374100
0.000452042
0.000242233
0.000255585
0.000406265
0.001091003
0.000339508
0.000223160
0.000057220
0.000497818
0.000072479
0.000093460
0.000257492
0.000526428
0.000049591
0.000226974
0.000082016
0.000511169
0.000104904
0.000068665
0.000289917
0.000530243
0.000236511
0.000417709
0.000059128
0.000040054
0.000061035
0.001279831
0.000392914
0.000209808
0.003147125
0.000049591
0.000371933
0.000051498
0.000295639
0.001081467
0.000051498
0.000490189
0.000328064
0.000122070
0.004430771
0.000076294
0.000391006
0.000043869
0.000267029
0.000104904
0.000568390
0.000156403
0.000366211
0.000080109
0.005250931
0.000095367
0.000385284
0.000068665
0.000080109
0.000320435
0.000085831
0.000509262
0.000083923
0.000503540
0.005332947
0.000202179
0.000326157
0.000051498
0.000364304
0.000078201
0.000406265
0.000043869
0.000411987
0.000066757
0.000312805
0.000049591
0.000494003
0.000148773
0.000429153
0.000574112
0.000062943
0.000375748
0.000087738
0.000494003
0.000082016
0.000368118
0.000040054
0.000341415
0.000061035
0.000354767
0.002218246
0.000391006
0.000293732
0.000236511
0.000263214
0.004869461
0.000040054
0.000314713
0.000297546
0.000289917
0.004930496
0.000045776
0.000303268
0.000045776
0.001308441
0.003583908
0.000570297
0.000148773
0.000040054
0.000261307
0.000040054
0.001186371
0.000566483
0.000387192
0.000196457
0.000402451
0.000066757
0.000610352
0.000316620
0.000051498
0.000492096
0.000535965
0.000114441
0.000274658
0.000055313
0.002098083
0.000137329
0.000038147
0.000274658
0.000537872
0.002071381
0.000049591
0.001380920
0.000072479
0.000503540
0.004119873
0.000049591
0.000434875
0.000301361
0.000080109
0.000293732
0.000041962
0.000511169
0.000064850
0.000320435
0.001499176
0.000095367
0.000328064
0.000087738
0.000427246
0.000038147
0.000331879
0.000095367
0.000236511
0.000308990
0.001789093
0.001411438
0.000038147
0.000564575
0.000053406
0.002189636
0.000049591
0.000331879
0.000057220
0.000518799
0.000755310
0.000461578
0.000152588
0.000453949
0.000053406
0.000518799
0.000061035
0.000389099
0.000400543
0.000446320
0.000061035
0.000331879
0.000370026
0.000087738
0.000576019
0.000049591
0.000385284
0.000133514
0.000251770
0.000278473
0.000076294
0.000343323
0.000083923
0.000053406
0.000038147
0.001499176
0.000080109
0.000324249
0.000061035
0.000392914
0.000377655
0.000278473
0.000095367
0.000373840
0.000083923
0.000526428
0.000064850
0.000453949
0.000076294
0.000274658
0.000576019
0.000663757
0.000404358
0.000339508
0.000068665
0.000366211
0.000083923
0.000171661
0.000514984
0.000038147
0.000392914
0.000205994
0.000484467
0.000076294
0.000293732
0.000488281
0.000625610
0.000061035
0.000366211
0.000232697
0.000061035
0.001880646
0.000125885
0.000587463
0.000068665
0.000320435
0.000072479
0.000492096
0.000095367
0.000308990
0.000320435
0.004726410
0.000049591
0.000339508
0.000038147
0.000461578
0.005275726
0.000076294
0.000476837
0.000343323
0.000198364
0.002643585
0.000072479
0.000144958
0.000423431
0.000129700
0.001811981
0.000381470
0.000228882
0.000286102
0.000057220
0.005023956
0.000198364
0.000041962
0.000308990
0.000328064
0.005455017
0.000053406
0.000370026
0.000217438
0.000324249
0.002399445
0.000473022
0.000087738
0.000160217
0.000308990
0.000053406
0.000282288
0.000370026
0.000041962
0.001235962
0.000801086
0.000041962
0.000331879
0.000404358
0.001003265
0.004390717
0.000080109
0.000213623
0.000213623
0.000278473
0.000171661
0.000526428
0.000076294
0.000476837
0.000106812
0.000385284
0.000202179
0.000530243
0.000064850
0.000556946
0.000049591
0.000511169
0.000171661
0.000347137
0.000041962
0.002315521
0.000038147
0.000244141
0.000301361
0.000999451
0.000404358
0.000068665
0.000236511
0.000049591
0.000469208
0.004661560
0.000053406
0.000366211
0.000057220
0.000320435
0.003993988
0.000354767
0.000083923
0.001289368
0.000141144
0.001197815
0.000263214
0.000389099
0.000045776
0.000579834
0.001632690
0.000354767
0.000038147
0.000038147
0.000263214
0.003627777
0.000118256
0.000148773
0.000038147
0.001281738
0.002441406
0.000541687
0.000175476
0.000278473
0.000164032
0.004531860
0.000106812
0.000106812
0.000362396
0.000049591
0.001178741
0.000225067
0.000331879
0.000236511
0.000514984
0.001399994
0.000076294
0.000316620
0.000537872
0.000331879
0.003345490
0.000049591
0.000312805
0.000041962
0.000408173
0.002090454
0.001277924
0.000549316
0.000061035
0.000328064
0.000549316
0.000080109
0.000312805
0.000305176
0.000514984
0.000091553
0.000350952
0.000175476
0.000186920
0.000495911
0.004020691
0.000564575
0.000064850
0.000099182
0.000373840
0.002052307
0.000350952
0.000083923
0.000328064
0.000038147
0.000366211
0.000141144
0.000041962
0.000061035
0.000514984
0.004241943
0.000331879
0.000503540
0.000156403
0.000385284
0.000526428
0.000118256
0.000301361
0.000396729
0.000068665
0.000488281
0.000045776
0.000514984
0.000308990
0.000064850
0.000228882
0.000438690
0.000137329
0.001049042
0.000289917
0.000392914
0.000278473
0.000236511
0.000072479
0.000522614
0.004341125
0.000431061
0.000244141
0.000053406
0.000366211
0.004520416
0.000072479
0.000343323
0.000198364
0.000274658
0.003589630
0.000057220
0.000484467
0.000064850
0.000347137
0.000057220
0.000396729
0.000270844
0.000564575
0.000164032
0.000232697
0.001052856
0.000465393
0.000152588
0.000297546
0.000041962
0.000385284
0.000083923
0.000316620
0.000534058
0.000152588
0.000041962
0.000411987
0.000259399
0.000045776
0.000335693
0.000053406
0.000488281
0.000350952
0.000274658
0.002304077
0.000164032
0.000556946
0.000068665
0.000370026
0.000263214
0.000274658
0.000534058
0.000083923
0.000167847
0.000301361
0.000488281
0.000827789
0.000461578
0.000041962
0.000576019
0.000404358
0.000102997
0.000366211
0.000217438
0.000038147
0.000091553
0.000316620
0.000141144
0.000289917
0.002822876
0.000392914
0.000068665
0.000301361
0.000076294
0.001373291
0.000061035
0.000503540
0.000358582
0.000167847
0.004005432
0.000308990
0.000076294
0.000308990
0.000179291
0.003437042
0.000514984
0.000083923
0.000038147
0.000160217
0.003707886
0.000522614
0.000041962
0.000038147
0.000240326
0.005088806
0.000041962
0.000545502
0.000080109
0.000316620
0.000076294
0.000461578
0.000137329
0.000308990
0.000041962
0.001651764
0.000076294
0.000038147
0.000137329
0.000041962
0.000503540
0.000305176
0.000179291
0.000041962
0.000450134
0.000896454
0.000339508
0.000053406
0.000045776
0.000518799
0.002300262
0.000488281
0.000049591
0.000057220
0.000347137
0.000068665
0.000427246
0.000129700
0.000308990
0.000080109
0.000373840
0.000164032
0.000041962
0.000549316
0.000160217
0.001384735
0.000068665
0.000385284
0.000061035
0.000446320
0.004367828
0.000377655
0.000141144
0.000518799
0.000377655
0.000087738
0.000347137
0.000419617
0.000087738
0.000354767
0.004470825
0.000083923
0.000438690
0.000133514
0.000110626
0.000263214
0.000041962
0.000484467
0.000068665
0.000331879
0.002277374
0.000419617
0.000129700
0.000316620
0.000057220
0.000522614
0.000038147
0.000316620
0.000038147
0.000389099
0.000404358
0.000041962
0.000251770
0.000434875
0.000038147
0.003295898
0.000354767
0.000041962
0.000331879
0.000038147
0.004386902
0.000038147
0.000499725
0.000175476
0.000267029
0.001396179
0.000148773
0.000522614
0.000579834
0.000240326
0.002105713
0.000564575
0.000225067
0.000186920
0.000305176
0.000431061
0.000064850
0.000366211
0.000392914
0.000061035
0.000522614
0.004524231
0.000537872
0.000041962
0.000373840
0.000366211
0.000041962
0.000541687
0.000396729
0.000175476
0.000045776
0.000228882
0.000061035
0.001457214
0.000064850
0.000480652
0.000194550
0.000377655
0.000190735
0.000076294
0.000274658
0.000427246
0.000175476
0.000328064
0.000160217
0.000293732
0.000099182
0.000225067
0.000087738
0.000503540
0.000072479
0.000526428
0.000053406
0.000503540
0.000038147
0.000499725
0.002601624
0.000312805
0.000038147
0.000316620
0.000041962
0.004844666
0.000041962
0.000465393
0.000068665
0.000526428
0.002799988
0.000350952
0.001483917
0.000289917
0.000061035
0.000263214
0.000366211
0.000232697
0.000308990
0.000438690
0.001682281
0.000347137
0.000316620
0.000232697
0.000274658
0.004314423
0.000228882
0.000488281
0.000350952
0.000305176
0.001091003
0.000095367
0.000335693
0.000335693
0.000247955
0.000080109
0.000282288
0.000198364
0.000324249
0.000366211
0.000312805
0.000381470
0.000164032
0.000057220
0.000499725
0.000087738
0.000076294
0.000450134
0.000347137
0.000427246
0.000061035
0.000343323
0.004356384
0.000453949
0.000041962
0.000362396
0.004364014
0.000320435
0.000061035
0.000038147
0.000488281
0.000137329
0.000381470
0.000141144
0.000038147
0.000408173
0.000038147
0.000415802
0.000564575
0.000213623
0.000373840
0.000053406
0.001628876
0.000041962
0.000385284
0.000041962
0.000469208
0.002117157
0.000381470
0.000083923
0.000404358
0.000209808
0.000053406
0.000270844
0.000381470
0.000106812
0.000408173
0.001262665
0.000312805
0.000041962
0.000095367
0.000484467
0.000385284
0.000553131
0.000278473
0.000144958
0.000045776
0.000495911
0.000061035
0.000316620
0.000301361
0.000064850
0.000549316
0.000141144
0.000167847
0.000148773
0.000461578
0.002525330
0.000141144
0.000041962
0.000267029
0.000354767
0.002208710
0.000556946
0.000167847
0.000183105
0.000064850
0.000549316
0.000083923
0.000156403
0.000061035
0.000381470
0.002792358
0.000549316
0.000331879
0.000064850
0.000438690
0.014984131
0.039505005
0.000083923
0.006858826
0.044818878
0.000038147
0.000339508
0.052253723
0.000461578
0.000377655
0.057521820
0.000335693
0.000152588
0.056991577
0.000106812
0.000465393
0.059497833
0.000095367
0.000549316
0.054256439
0.000476837
0.000076294
0.024406433
0.025012970
0.000377655
0.000370026
0.060073853
0.000038147
0.003410339
0.050907135
0.000251770
0.000366211
0.050601959
0.000480652
0.000495911
0.002685547
0.051223755
0.000148773
0.000484467
0.060077667
0.000171661
0.000339508
0.013900757
0.035556793
0.000312805
0.000087738
0.059425354
0.000305176
0.000389099
0.007396698
0.046195984
0.000061035
0.000366211
0.059238434
0.000469208
0.000362396
0.000129700
0.055309296
0.000080109
0.000473022
0.060432434
0.000328064
0.000251770
0.014049530
0.039299011
0.000377655
0.000152588
0.059341431
0.000514984
0.000354767
0.061767578
0.000324249
0.000503540
0.058502197
0.000354767
0.000041962
0.023475647
0.025096893
0.000301361
0.000488281
0.026576996
0.025333405
0.000453949
0.002357483
0.050567627
0.000396729
0.000061035
0.059200287
0.000110626
0.000080109
0.027801514
0.020065308
0.000453949
0.014926910
0.031879425
0.000339508
0.000221252
0.008987427
0.041419983
0.000709534
0.000148773
0.054233551
0.000038147
0.000370026
0.020252228
0.032688141
0.000179291
0.000301361
0.058479309
0.000537872
0.000328064
0.057907104
0.000228882
0.000270844
0.057830811
0.000240326
0.000541687
0.061805725
0.000347137
0.000038147
0.060859680
0.000183105
0.000549316
0.056312561
0.000106812
0.000465393
0.057319641
0.000061035
0.000564575
0.020248413
0.031566620
0.000095367
0.000289917
0.052253723
0.000591278
0.000541687
0.020198822
0.031978607
0.000087738
0.000160217
0.055095673
0.000377655
0.000335693
0.056171417
0.000205994
0.000404358
0.061866760
0.000316620
0.000041962
0.000038147
0.000366211
0.000041962
0.000411987
0.000217438
0.000255585
0.000041962
0.000350952
0.000041962
0.000370026
0.000995636
0.000347137
0.000164032
0.000324249
0.000530243
0.000293732
0.000434875
0.000343323
0.000518799
0.000041962
0.004474640
0.000328064
0.000110626
0.000518799
0.000041962
0.000038147
0.000507355
0.000038147
0.000473022
0.000049591
0.000305176
0.000373840
0.000522614
0.003929138
0.000507355
0.000041962
0.000308990
0.000041962
0.000347137
0.000102997
0.000118256
0.000160217
0.000236511
0.000038147
0.000526428
0.000198364
0.000320435
0.000228882
0.000453949
0.000148773
0.000308990
0.000541687
0.000038147
0.000312805
0.001911163
0.000038147
0.000392914
0.000041962
0.000507355
0.000095367
0.000038147
0.003540039
0.000164032
0.000518799
0.000244141
0.000038147
0.000457764
0.000385284
0.000041962
0.000255585
0.000080109
0.000144958
0.000202179
0.000499725
0.000049591
0.001384735
0.000061035
0.000377655
0.000064850
0.000854492
0.000186920
0.000286102
0.000560760
0.000049591
0.000362396
0.000560760
0.000045776
0.000541687
0.000068665
0.000343323
0.001079559
0.000469208
0.000576019
0.000038147
0.000537872
0.000057220
0.000331879
0.004138947
0.000446320
0.000087738
0.000190735
0.000381470
0.000091553
0.000385284
0.000350952
0.000343323
0.000358582
0.000057220
0.000518799
0.000053406
0.000171661
0.000484467
0.000080109
0.000476837
0.000095367
0.000072479
0.000324249
0.000080109
0.000049591
0.000087738
0.000308990
0.000392914
0.000038147
0.000461578
0.000041962
0.000362396
0.000076294
0.000431061
0.000091553
0.000301361
0.000049591
0.002208710
0.000068665
0.000457764
0.000057220
0.000453949
0.000053406
0.000335693
0.001209259
0.000293732
0.000061035
0.000431061
0.000061035
0.000484467
0.000064850
0.000766754
0.000038147
0.000041962
0.000545502
0.000373840
0.000061035
0.000507355
0.000667572
0.000484467
0.000064850
0.000469208
0.000061035
0.000312805
0.000091553
0.000415802
0.000442505
0.000347137
0.000061035
0.000499725
0.000244141
0.000301361
0.004268646
0.000446320
0.000160217
0.000560760
0.000083923
0.000362396
0.000068665
0.004673004
0.000072479
0.000038147
0.000415802
0.000492096
0.000038147
0.000480652
0.000041962
0.000270844
0.000488281
0.000038147
0.000328064
0.000316620
0.000366211
0.000041962
0.000476837
0.000095367
0.000133514
0.000419617
0.000347137
0.000843048
0.000328064
0.000041962
0.001380920
0.000041962
0.000553131
0.001403809
0.001422882
0.000038147
0.000259399
0.000537872
0.000041962
0.000476837
0.000099182
0.000041962
0.000175476
0.000041962
0.000465393
0.000366211
0.000038147
0.000480652
0.000556946
0.000377655
0.000041962
0.000301361
0.000038147
0.000366211
0.000038147
0.001949310
0.000041962
0.000343323
0.000038147
0.000366211
0.000041962
0.000339508
0.004268646
0.000312805
0.000057220
0.000316620
0.000377655
0.000179291
0.000049591
0.000186920
0.000499725
0.000156403
0.000396729
0.000297546
0.000278473
0.000041962
0.000484467
0.000076294
0.000152588
0.000190735
0.000434875
0.000057220
0.000328064
0.000076294
0.000061035
0.000442505
0.000156403
0.000461578
0.000370026
0.002063751
0.000099182
0.000335693
0.000484467
0.000244141
0.000186920
0.000312805
0.004795074
0.000095367
0.000503540
0.000518799
0.000312805
0.000240326
0.000278473
0.004013062
0.000331879
0.000240326
0.000289917
0.000080109
0.000068665
0.000431061
0.000812531
0.000366211
0.000122070
0.000057220
0.000221252
0.000061035
0.000495911
0.000534058
0.000202179
0.000419617
0.002960205
0.000232697
0.000083923
0.000068665
0.000518799
0.002929688
0.000389099
0.000312805
0.000038147
0.000236511
0.000541687
0.000041962
0.000350952
0.000041962
0.000415802
0.000362396
0.000038147
0.000347137
0.000038147
0.000457764
0.000251770
0.000041962
0.000331879
0.000038147
0.000503540
0.005329132
0.000183105
0.000057220
0.000041962
0.000511169
0.002098083
0.000316620
0.000549316
0.000041962
0.000469208
0.000495911
0.000038147
0.000476837
0.000137329
0.000293732
0.000923157
0.000083923
0.000278473
0.000041962
0.000339508
0.000041962
0.000373840
0.000270844
0.000038147
0.000518799
0.000038147
0.000484467
0.000087738
0.000038147
0.000495911
0.000381470
0.000038147
0.000522614
0.000373840
0.000041962
0.000347137
0.001102448
0.000293732
0.000141144
0.000038147
0.000473022
0.002029419
0.000370026
0.000160217
0.000038147
0.000411987
0.000347137
0.000038147
0.000396729
0.000038147
0.000545502
0.000148773
0.000312805
0.000373840
0.000289917
0.000331879
0.000328064
0.000041962
0.000469208
0.001358032
0.000186920
0.005413055
0.000392914
0.000217438
0.000064850
0.000450134
0.004566193
0.000041962
0.000335693
0.000064850
0.000503540
0.001640320
0.000362396
0.000164032
0.000080109
0.000541687
0.000080109
0.000179291
0.000373840
0.000053406
0.000400543
0.000102997
0.000354767
0.000038147
0.000354767
0.000083923
0.005287170
0.000080109
0.000484467
0.000198364
0.000301361
0.001178741
0.000083923
0.000423431
0.000419617
0.000415802
0.005104065
0.000164032
0.000186920
0.000293732
0.000377655
0.000083923
0.000328064
0.000217438
0.000503540
0.000064850
0.000514984
0.000221252
0.000076294
0.000209808
0.000411987
0.000041962
0.000442505
0.000347137
0.000038147
0.000366211
0.000305176
0.000537872
0.000175476
0.000289917
0.000038147
0.002494812
0.000144958
0.000038147
0.000041962
0.000518799
0.000324249
0.000457764
0.000041962
0.000343323
0.000251770
0.000869751
0.000041962
0.000518799
0.000553131
0.000038147
0.000698090
0.000347137
0.000476837
0.000400543
0.001316071
0.001457214
0.000038147
0.000083923
0.000465393
0.000385284
0.000160217
0.000041962
0.000259399
0.000102997
0.000339508
0.000068665
0.000347137
0.000049591
0.000431061
0.000076294
0.000362396
0.000091553
0.000373840
0.000198364
0.000392914
0.000038147
0.000389099
0.000164032
0.000339508
0.000106812
0.001613617
0.000122070
0.000545502
0.000076294
0.000339508
0.000747681
0.000041962
0.000278473
0.000183105
0.000041962
0.000492096
0.000049591
0.000301361
0.000171661
0.000244141
0.000362396
0.000297546
0.000038147
0.000064850
0.000293732
0.002201080
0.000091553
0.000450134
0.000061035
0.000293732
0.003658295
0.000198364
0.000648499
0.000053406
0.001434326
0.000373840
0.000091553
0.000453949
0.000354767
0.000038147
0.000499725
0.000041962
0.000453949
0.000041962
0.000320435
0.000041962
0.001319885
0.000343323
0.000427246
0.000072479
0.000041962
0.004989624
0.000091553
0.000152588
0.000377655
0.000167847
0.000038147
0.000503540
0.000076294
0.000587463
0.000057220
0.001171112
0.000545502
0.000057220
0.000408173
0.000053406
0.000366211
0.003517151
0.000225067
0.000144958
0.000339508
0.000308990
0.000129700
0.000152588
0.000083923
0.000061035
0.001827240
0.000102997
0.000335693
0.000469208
0.000156403
0.000484467
0.000087738
0.000041962
0.000354767
0.000133514
0.004787445
0.000064850
0.000320435
0.000205994
0.000255585
0.000339508
0.000064850
0.000522614
0.000129700
0.000072479
0.000061035
0.000373840
0.000297546
0.000236511
0.000167847
0.004730225
0.000514984
0.000144958
0.000045776
0.000499725
0.002132416
0.000537872
0.000045776
0.000041962
0.000553131
0.000400543
0.000476837
0.000221252
0.000347137
0.000041962
0.000305176
0.000038147
0.000492096
0.000228882
0.000041962
0.000308990
0.000041962
0.000492096
0.000041962
0.000495911
0.000095367
0.000064850
0.000282288
0.000038147
0.001438141
0.000041962
0.000522614
0.000041962
0.000396729
0.000045776
0.000370026
0.002265930
0.000400543
0.000064850
0.000389099
0.000255585
0.003078461
0.000110626
0.000461578
0.000064850
0.000274658
0.000244141
0.000453949
0.000091553
0.000041962
0.000511169
0.000358582
0.000061035
0.000503540
0.000553131
0.000053406
0.000347137
0.000053406
0.000381470
0.000164032
0.000289917
0.000041962
0.000293732
0.000057220
0.000457764
0.000350952
0.000080109
0.000492096
0.000061035
0.000057220
0.000514984
0.000083923
0.001972198
0.000076294
0.000373840
0.000080109
0.000579834
0.000217438
0.000446320
0.000228882
0.000068665
0.000488281
0.000373840
0.000061035
0.000537872
0.000339508
0.000362396
0.000038147
0.000354767
0.000095367
0.000049591
0.000038147
0.000324249
0.000041962
0.000495911
0.000083923
0.000038147
0.000041962
0.000381470
0.000106812
0.000286102
0.000572205
0.003292084
0.000343323
0.000240326
0.000335693
0.000286102
0.003715515
0.000549316
0.000152588
0.000499725
0.000389099
0.000038147
0.000492096
0.000064850
0.000083923
0.000068665
0.000308990
0.000057220
0.000358582
0.000408173
0.000461578
0.001907349
0.000164032
0.000377655
0.000133514
0.000381470
0.001884460
0.000457764
0.000415802
0.000213623
0.000270844
0.004211426
0.000331879
0.000343323
0.000053406
0.000312805
0.000534058
0.000076294
0.000270844
0.000354767
0.000240326
0.002143860
0.000423431
0.000141144
0.000057220
0.001285553
0.003364563
0.000511169
0.000041962
0.000114441
0.000068665
0.003353119
0.000038147
0.000389099
0.000392914
0.000526428
0.003231049
0.000488281
0.000095367
0.000419617
0.000087738
0.000431061
0.000057220
0.000354767
0.000450134
0.000308990
0.003650665
0.000377655
0.000148773
0.000041962
0.000488281
0.003837585
0.000446320
0.000320435
0.000061035
0.000396729
0.002044678
0.000350952
0.000102997
0.000160217
0.000137329
0.002712250
0.000061035
0.000331879
0.000431061
0.000087738
0.003086090
0.000312805
0.000568390
0.000274658
0.000061035
0.004695892
0.000061035
0.000286102
0.000209808
0.000301361
0.000335693
0.000545502
0.000087738
0.000415802
0.000068665
0.003746033
0.000057220
0.000495911
0.000198364
0.000308990
0.002563477
0.000328064
0.000389099
0.000240326
0.000377655
0.000049591
0.000377655
0.000083923
0.000057220
0.000343323
0.000087738
0.004730225
0.000087738
0.001216888
0.000053406
0.000316620
0.000064850
0.000377655
0.000122070
0.000316620
0.000041962
0.000347137
0.000041962
0.000446320
0.000087738
0.000545502
0.000061035
0.000320435
0.000221252
0.000419617
0.000137329
0.000183105
0.000419617
0.000038147
0.000373840
0.000061035
0.004882812
0.000114441
0.000335693
0.000076294
0.000366211
0.002738953
0.000381470
0.000144958
0.000076294
0.000404358
0.001388550
0.000511169
0.000045776
0.000244141
0.000320435
0.001312256
0.000450134
0.000076294
0.000068665
0.000381470
0.003715515
0.000358582
0.000083923
0.000068665
0.000320435
0.002937317
0.000099182
0.000320435
0.000213623
0.000282288
0.003189087
0.000267029
0.000366211
0.000274658
0.000175476
0.003204346
0.000549316
0.000305176
0.000183105
0.000465393
0.002380371
0.000038147
0.000305176
0.000190735
0.000488281
0.000297546
0.000038147
0.000083923
0.000434875
0.000488281
0.003875732
0.000350952
0.000228882
0.000160217
0.000450134
0.004150391
0.000091553
0.000480652
0.000190735
0.000244141
0.005142212
0.000045776
0.000312805
0.000053406
0.000267029
0.000579834
0.000061035
0.000488281
0.000122070
0.000282288
0.000099182
0.000488281
0.000511169
0.000198364
0.000572205
0.002754211
0.000473022
0.000373840
0.000053406
0.000297546
0.000556946
0.000061035
0.000503540
0.000114441
0.000518799
0.000556946
0.000221252
0.000335693
0.000099182
0.000404358
0.000205994
0.000495911
0.000320435
0.000038147
0.000495911
0.000068665
0.000045776
0.000465393
0.000038147
0.000320435
0.000083923
0.000320435
0.000183105
0.000038147
0.000556946
0.000045776
0.000480652
0.000038147
0.000404358
0.000038147
0.000053406
0.000038147
0.000419617
0.000099182
0.000289917
0.000343323
0.000556946
0.000297546
0.000297546
0.000282288
0.000526428
0.000045776
0.000541687
0.000320435
0.000480652
0.000045776
0.000503540
0.000045776
0.000305176
0.000083923
0.000282288
0.000053406
0.000465393
0.000526428
0.000236511
0.000267029
0.000526428
0.000160217
0.000473022
0.000061035
0.000419617
0.000076294
0.000511169
0.000083923
0.000068665
0.000282288
0.000389099
0.000213623
0.000312805
0.000076294
0.000427246
0.000732422
0.000068665
0.000411987
0.000144958
0.000526428
0.000122070
0.000328064
0.000038147
0.000305176
0.000366211
0.003311157
0.000320435
0.000076294
0.000091553
0.000259399
0.005531311
0.000083923
0.000274658
0.000083923
0.000373840
0.004684448
0.000259399
0.000091553
0.000564575
0.000038147
0.000358582
0.000091553
0.000518799
0.000411987
0.000366211
0.000038147
0.000328064
0.000076294
0.000076294
0.000343323
0.002662659
0.000495911
0.000045776
0.000061035
0.000320435
0.002075195
0.000396729
0.000526428
0.000175476
0.000251770
0.002548218
0.000488281
0.000076294
0.000114441
0.000465393
0.001831055
0.000038147
0.000495911
0.000061035
0.000328064
0.002212524
0.000343323
0.000083923
0.000053406
0.000389099
0.002746582
0.000381470
0.000160217
0.000312805
0.000137329
0.000488281
0.000061035
0.000526428
0.000221252
0.000259399
0.002670288
0.000633240
0.000358582
0.000038147
0.001464844
0.000373840
0.000053406
0.000198364
0.000038147
0.000480652
0.000091553
0.000541687
0.000160217
0.000144958
0.000350952
0.000251770
0.000343323
0.000091553
0.000091553
0.000137329
0.000053406
0.000259399
0.000526428
0.000053406
0.000396729
0.000358582
0.000228882
0.000488281
0.000045776
0.000381470
0.003021240
0.000488281
0.000068665
0.000038147
0.000488281
0.000076294
0.000045776
0.000473022
0.000083923
0.000450134
0.000068665
0.000061035
0.000503540
0.000038147
0.000350952
0.000068665
0.000320435
0.000541687
0.000053406
0.000480652
0.003013611
0.000373840
0.000175476
0.000061035
0.000320435
0.002151489
0.000045776
0.000358582
0.000366211
0.000465393
0.002326965
0.000511169
0.000228882
0.000465393
0.000038147
0.000534058
0.000061035
0.000350952
0.000053406
0.000328064
0.000068665
0.000434875
0.000457764
0.000053406
0.000289917
0.001121521
0.000122070
0.001289368
0.000404358
0.000045776
0.001495361
0.000045776
0.000373840
0.000061035
0.000282288
0.000534058
0.000076294
0.000320435
0.000045776
0.000305176
0.000061035
0.000305176
0.000076294
0.000099182
0.000480652
0.001747131
0.000335693
0.000106812
0.000038147
0.000404358
0.001220703
0.000099182
0.000221252
0.000366211
0.000038147
0.000488281
0.000038147
0.000335693
0.000045776
0.000297546
0.000061035
0.000442505
0.000091553
0.000320435
0.000267029
0.000144958
0.002143860
0.000320435
0.000061035
0.000564575
0.000312805
0.001106262
0.000076294
0.000038147
0.000495911
0.000038147
0.000503540
0.000091553
0.000549316
0.000045776
0.000503540
0.000068665
0.000335693
0.000053406
0.000511169
0.000091553
0.000457764
0.000457764
0.000534058
0.000061035
0.000259399
0.000381470
0.000038147
0.000297546
0.000038147
0.000419617
0.000541687
0.000045776
0.000335693
0.000244141
0.000038147
0.000511169
0.000083923
0.000167847
0.000434875
0.000038147
0.000488281
0.000144958
0.000335693
0.000038147
0.000305176
0.002723694
0.000541687
0.000320435
0.000297546
0.000045776
0.000358582
0.000045776
0.000335693
0.000450134
0.000038147
0.000526428
0.000038147
0.000480652
0.000083923
0.000312805
0.000099182
0.000518799
0.000038147
0.000457764
0.000144958
0.000038147
0.001068115
0.000038147
0.000289917
0.000045776
0.000488281
0.000473022
0.000038147
0.001464844
0.000106812
0.000427246
0.000038147
0.000564575
0.000129700
0.000068665
0.000305176
0.000282288
0.000335693
0.000068665
0.000396729
0.000144958
0.000297546
0.000389099
0.000358582
0.000236511
0.001319885
0.000129700
0.000198364
0.000053406
0.000358582
0.000045776
0.000503540
0.000083923
0.000091553
0.000152588
0.000480652
0.000083923
0.000312805
0.000465393
0.000061035
0.000061035
0.000091553
0.000305176
0.000389099
0.000076294
0.000503540
0.004890442
0.000297546
0.000083923
0.000320435
0.000045776
0.000045776
0.000549316
0.000038147
0.000312805
0.000236511
0.000358582
0.000083923
0.000343323
0.000038147
0.000534058
0.001480103
0.000312805
0.000091553
0.000328064
0.000038147
0.004981995
0.000091553
0.000389099
0.000083923
0.000404358
0.000396729
0.000038147
0.000328064
0.000190735
0.000289917
0.002388000
0.000045776
0.000343323
0.000396729
0.000038147
0.000473022
0.000190735
0.000320435
0.000457764
0.000045776
0.000411987
0.000572205
0.000083923
0.001098633
0.000045776
0.000534058
0.000198364
0.000419617
0.000190735
0.000442505
0.000389099
0.000045776
0.000541687
0.000068665
0.000358582
0.000061035
0.000335693
0.000091553
0.001472473
0.000137329
0.000511169
0.002449036
0.000434875
0.000267029
0.000282288
0.000038147
0.000526428
0.000106812
0.000396729
0.000053406
0.000442505
0.002059937
0.000564575
0.000129700
0.000083923
0.000473022
0.002792358
0.000457764
0.000373840
0.000053406
0.000396729
0.000091553
0.000083923
0.000427246
0.000045776
0.000328064
0.000106812
0.000480652
0.000114441
0.000068665
0.000358582
0.000083923
0.000305176
0.000366211
0.000160217
0.000442505
0.000328064
0.052909851
0.000061035
0.000335693
0.021133423
0.031295776
0.000946045
0.000045776
0.060379028
0.000091553
0.000442505
0.054565430
0.000549316
0.000045776
0.055923462
0.000373840
0.000061035
0.062011719
0.000259399
0.000137329
0.054809570
0.000381470
0.000053406
0.060035706
0.000175476
0.000358582
0.057342529
0.000511169
0.000045776
0.061218262
0.000083923
0.000511169
0.058746338
0.000495911
0.006828308
0.044830322
0.000190735
0.000518799
0.052574158
0.000061035
0.000350952
0.060623169
0.000198364
0.000473022
0.058235168
0.000274658
0.000366211
0.016220093
0.030349731
0.000076294
0.000343323
0.051506042
0.000419617
0.000083923
0.055366516
0.000267029
0.000274658
0.060310364
0.000045776
0.000038147
0.058258057
0.000473022
0.000297546
0.056694031
0.000038147
0.000526428
0.027664185
0.021270752
0.000045776
0.000038147
0.057777405
0.000038147
0.000549316
0.058509827
0.000450134
0.000045776
0.059791565
0.000045776
0.000076294
0.056900024
0.000091553
0.018661499
0.027656555
0.000152588
0.000228882
0.060485840
0.000045776
0.000259399
0.055946350
0.000495911
0.000251770
0.059738159
0.000244141
0.000045776
0.054862976
0.000358582
0.000114441
0.060226440
0.000053406
0.000495911
0.000083923
0.055213928
0.000122070
0.000244141
0.054039001
0.000366211
0.000228882
0.023696899
0.028450012
0.000503540
0.000198364
0.052742004
0.000205994
0.000297546
0.012626648
0.036018372
0.000343323
0.000579834
0.022232056
0.030410767
0.000091553
0.000396729
0.052482605
0.000495911
0.000091553
0.053703308
0.000312805
0.000068665
0.057579041
0.000442505
0.001014709
0.058959961
0.000038147
0.000541687
0.025733948
0.022499084
0.000213623
0.000274658
0.054206848
0.000328064
0.000045776
0.059959412
0.000167847
0.000473022
0.000190735
0.000312805
0.000190735
0.000045776
0.000579834
0.000053406
0.003028870
0.000068665
0.000450134
0.000473022
0.000244141
0.000389099
0.000053406
0.001800537
0.000038147
0.000503540
0.000244141
0.000579834
0.000068665
0.000358582
0.000442505
0.000137329
0.000068665
0.000038147
0.000427246
0.000564575
0.000038147
0.001068115
0.000129700
0.000358582
0.000183105
0.000259399
0.000083923
0.000053406
0.000404358
0.000076294
0.000259399
0.000442505
0.000160217
0.000045776
0.000335693
0.000061035
0.000595093
0.000076294
0.000404358
0.000259399
0.001441956
0.000358582
0.000389099
0.000236511
0.000053406
0.000350952
0.000053406
0.000389099
0.000167847
0.000038147
0.000526428
0.000045776
0.000045776
0.000511169
0.000038147
0.005348206
0.000106812
0.000129700
0.000045776
0.000045776
0.000312805
0.000038147
0.001960754
0.000160217
0.000442505
0.000038147
0.000518799
0.000129700
0.004943848
0.000038147
0.000343323
0.000297546
0.000038147
0.000526428
0.000106812
0.000961304
0.000297546
0.000053406
0.000328064
0.000038147
0.000312805
0.000053406
0.004867554
0.000068665
0.000480652
0.000061035
0.000411987
0.000137329
0.000389099
0.000175476
0.000061035
0.000411987
0.000061035
0.000419617
0.000114441
0.000076294
0.000343323
0.000076294
0.000274658
0.000106812
0.000068665
0.000411987
0.004585266
0.000358582
0.000045776
0.000564575
0.000053406
0.000244141
0.000259399
0.004768372
0.000389099
0.000045776
0.000465393
0.000099182
0.000480652
0.000152588
0.003921509
0.000488281
0.000244141
0.000312805
0.000404358
0.000045776
0.000328064
0.002395630
0.001235962
0.000068665
0.000167847
0.000328064
0.000068665
0.001327515
0.000076294
0.000419617
0.000053406
0.000343323
0.000061035
0.000511169
0.002265930
0.000495911
0.000152588
0.000068665
0.000274658
0.000579834
0.000068665
0.005409241
0.000076294
0.000312805
0.000167847
0.000381470
0.000076294
0.000328064
0.003334045
0.000473022
0.000045776
0.000328064
0.000152588
0.000045776
0.000282288
0.004585266
0.000068665
0.000396729
0.000045776
0.000419617
0.000167847
0.000289917
0.000549316
0.000083923
0.000328064
0.000091553
0.001220703
0.000083923
0.000465393
0.000503540
0.000358582
0.000061035
0.000038147
0.000038147
0.000518799
0.000305176
0.000099182
0.000228882
0.000442505
0.000038147
0.000495911
0.000038147
0.000473022
0.002426147
0.000679016
0.000274658
0.000076294
0.000038147
0.000350952
0.000061035
0.000640869
0.000465393
0.000434875
0.000038147
0.000495911
0.000045776
0.000343323
0.000038147
0.000305176
0.000236511
0.000038147
0.000335693
0.000038147
0.000480652
0.000083923
0.000137329
0.000213623
0.000289917
0.000038147
0.000526428
0.000396729
0.000305176
0.000160217
0.000488281
0.000381470
0.000038147
0.000495911
0.000541687
0.000045776
0.001838684
0.000061035
0.000381470
0.000053406
0.000343323
0.000038147
0.000419617
0.000167847
0.000228882
0.000068665
0.000381470
0.000099182
0.000480652
0.000068665
0.005310059
0.000083923
0.000068665
0.000083923
0.000404358
0.000457764
0.002082825
0.000061035
0.000389099
0.000038147
0.000061035
0.000572205
0.000152588
0.000038147
0.000335693
0.000061035
0.000465393
0.000213623
0.000061035
0.000328064
0.000793457
0.000465393
0.000114441
0.000083923
0.000053406
0.000473022
0.000083923
0.000511169
0.000404358
0.000190735
0.000061035
0.000190735
0.000061035
0.000350952
0.000679016
0.000312805
0.000083923
0.000396729
0.000038147
0.000274658
0.000350952
0.005119324
0.000442505
0.000099182
0.000228882
0.000343323
0.000091553
0.003662109
0.000045776
0.000312805
0.000068665
0.000503540
0.000038147
0.000076294
0.002006531
0.000045776
0.000236511
0.000045776
0.000511169
0.000190735
0.000495911
0.001045227
0.000038147
0.000480652
0.000038147
0.000465393
0.000518799
0.000152588
0.004013062
0.000564575
0.000228882
0.000335693
0.000038147
0.000228882
0.000465393
0.000061035
0.000488281
0.000190735
0.000099182
0.000305176
0.000068665
0.000480652
0.000083923
0.000442505
0.000411987
0.000053406
0.000511169
0.000549316
0.000129700
0.000350952
0.002441406
0.000495911
0.000160217
0.000495911
0.000534058
0.000442505
0.000038147
0.000473022
0.000419617
0.000038147
0.002899170
0.000045776
0.000480652
0.000221252
0.000213623
0.000503540
0.000083923
0.000259399
0.000549316
0.000038147
0.000358582
0.000205994
0.000411987
0.000091553
0.000572205
0.000175476
0.000366211
0.000221252
0.000343323
0.000038147
0.000518799
0.000061035
0.000404358
0.000068665
0.000404358
0.001205444
0.000419617
0.000167847
0.000083923
0.000358582
0.000106812
0.000282288
0.000038147
0.000389099
0.000068665
0.000480652
0.000251770
0.000503540
0.000038147
0.001472473
0.000930786
0.000411987
0.000045776
0.000045776
0.000541687
0.000427246
0.000038147
0.000465393
0.000442505
0.000312805
0.000061035
0.004486084
0.000518799
0.000053406
0.000526428
0.000053406
0.000602722
0.000144958
0.000480652
0.000083923
0.000312805
0.000076294
0.000556946
0.000061035
0.000495911
0.000358582
0.000053406
0.000488281
0.000427246
0.000083923
0.000053406
0.003265381
0.000381470
0.000160217
0.000213623
0.000442505
0.001991272
0.000511169
0.000274658
0.000175476
0.000518799
0.002906799
0.000335693
0.000106812
0.000053406
0.000335693
0.001403809
0.000373840
0.000183105
0.000045776
0.000389099
0.000076294
0.000404358
0.000038147
0.000488281
0.000083923
0.004142761
0.000076294
0.000328064
0.000236511
0.000244141
0.001152039
0.000549316
0.000152588
0.000122070
0.000289917
0.005554199
0.000244141
0.000053406
0.000038147
0.000038147
0.005455017
0.000038147
0.000289917
0.000343323
0.000381470
0.000991821
0.000457764
0.000244141
0.000045776
0.000457764
0.000762939
0.001060486
0.000038147
0.000373840
0.000038147
0.005378723
0.000106812
0.000396729
0.000190735
0.000450134
0.000549316
0.000137329
0.000274658
0.000061035
0.000114441
0.000404358
0.000869751
0.000511169
0.000076294
0.000579834
0.000160217
0.000373840
0.000045776
0.000488281
0.000160217
0.000495911
0.000167847
0.000396729
0.000061035
0.000305176
0.000389099
0.000045776
0.000541687
0.000144958
0.000083923
0.000480652
0.000045776
0.000106812
0.000511169
0.000053406
0.000106812
0.000076294
0.000152588
0.000091553
0.000137329
0.000373840
0.000045776
0.000312805
0.000083923
0.000434875
0.000335693
0.003128052
0.000480652
0.000053406
0.000343323
0.000045776
0.000328064
0.000099182
0.000091553
0.000038147
0.000328064
0.000488281
0.000328064
0.000328064
0.000106812
0.000038147
0.000450134
0.000061035
0.000038147
0.000465393
0.000106812
0.000320435
0.000038147
0.000328064
0.000038147
0.000556946
0.000045776
0.000328064
0.000045776
0.000038147
0.001487732
0.000038147
0.000305176
0.000160217
0.000389099
0.000160217
0.000038147
0.000091553
0.000038147
0.000511169
0.000205994
0.000366211
0.000038147
0.000312805
0.000038147
0.000503540
0.001968384
0.000358582
0.000175476
0.000038147
0.000305176
0.004928589
0.000038147
0.001426697
0.000099182
0.000328064
0.000366211
0.000114441
0.000373840
0.000076294
0.000320435
0.001907349
0.000411987
0.000381470
0.000183105
0.001281738
0.003433228
0.000320435
0.000091553
0.000076294
0.000488281
0.004699707
0.000091553
0.000297546
0.000083923
0.000419617
0.002784729
0.000137329
0.000289917
0.000404358
0.000274658
0.003692627
0.000129700
0.000114441
0.000152588
0.000358582
0.000549316
0.000045776
0.000350952
0.000045776
0.000549316
0.000061035
0.000495911
0.000389099
0.000076294
0.000373840
0.003562927
0.000343323
0.000511169
0.000045776
0.000297546
0.000556946
0.000129700
0.000526428
0.000167847
0.000205994
0.000053406
0.000518799
0.000091553
0.000053406
0.000419617
0.000106812
0.000320435
0.000099182
0.000068665
0.000411987
0.000068665
0.000335693
0.000106812
0.000236511
0.000556946
0.000061035
0.000350952
0.000038147
0.000343323
0.000000000
0.000022888
