0.000803713
0.000494962
0.000562241
0.0006583820000000001
0.000623424
0.012871501999999998
0.013075969999999998
0.013519847
0.010577366000000001
0.013142854999999998
0.013571192
0.010905316
0.011934304
0.013163937
0.013842613
0.013780407999999997
0.011553248
0.011701708999999998
0.013042075
0.012592625
0.014103552
0.010933559
0.012072205999999999
0.013480905
0.013993654999999999
0.012388193
0.009177475000000001
0.012307210999999998
0.013534523
0.010162280999999999
0.010802617
0.012555792999999999
0.011847009
0.013064664
0.012758695
0.012637327
0.012953744
0.012297265
0.010649126
0.011565065
0.012984415000000001
0.013254467
0.013891396000000002
0.010976495000000001
0.011965146
0.013285751
0.018626916
0.010605937999999999
0.014008375000000002
0.012065697
0.012804440000000002
0.017733349
0.011232108000000001
0.010610445
0.011037033
0.012208555999999999
0.012493624000000002
0.010267824000000002
0.009638044999999998
0.013625193
0.012049681999999999
0.011618462
0.012349566
0.012332113999999998
0.011602959000000001
0.012713869000000001
0.013118105
0.011819054
0.011584328
0.011525988
0.011579268
0.012215518999999998
0.01263873
0.012092308999999999
0.012588902
0.013180074
0.012301929999999999
0.013153428000000002
0.012411321999999999
0.012581396999999998
0.012566712999999998
0.01257702
0.010848743000000001
0.013868538000000001
0.010929039
0.011428334
0.016864974999999997
0.01233713
0.011456875
0.013350812
0.01355025
0.010284729999999999
0.010688426000000001
0.011883969999999999
0.012378102000000002
0.012938187
0.012563592
0.013707925
0.013208859
0.013510877
0.011178816000000001
0.017940051
0.012174935999999999
0.011988254
0.011316495999999999
0.012433712999999999
0.013495683
0.013867159000000002
0.012295944999999999
0.014011274
0.010885607
0.010530273000000001
0.013019124000000002
0.010439931
0.011220788999999998
0.009618364
0.010252949999999999
0.010603336999999997
0.012424993999999998
0.012340677000000001
0.012001551999999999
0.014919039
0.012122809
0.012323144000000001
0.01159462
0.011922665000000002
0.013889439000000002
0.011187125
0.009239812
0.011881424
0.013108988
0.014842331
0.011911975000000002
0.013303794
0.010367887
0.014882030000000001
0.014229221999999996
0.011665877
0.010874428000000002
0.013183784999999998
0.011841730000000002
0.013300563000000001
0.012918817999999999
0.012090624999999999
0.012284553
0.012151983000000002
0.020999241
0.012991778999999998
0.011563345000000001
0.011901456999999999
0.012837277999999999
0.0181267
0.012493619
0.012213207000000002
0.014168018000000001
0.013023317000000003
0.018989848000000004
0.010086138000000001
0.011742692000000002
0.011069236
0.01112463
0.014452344
0.011758761999999999
0.011374077
0.009606957999999999
0.011975244000000001
0.01107474
0.013763263
0.012302902000000001
0.010344708000000001
0.013117594
0.015304302
0.013455098000000002
0.011813874000000002
0.013125782999999999
0.014780436000000001
0.012330515
0.011399238999999999
0.011635967
0.012002073
0.012543842999999999
0.012419476
0.013033481
0.014059017
0.012377715
0.013138077
0.016949411999999997
0.011986661
0.012595918000000001
0.011761883999999998
0.014049557999999998
0.013340318
0.011592359
0.01235411
0.011689093
0.012392941999999999
0.011833158000000002
0.011957780999999999
0.013393100000000002
0.014240965
0.012838063
0.016191426000000002
0.011614858
0.011275193
0.016087856
0.013070328999999999
0.016289085000000002
0.013701326
0.010288801
0.011927297
0.011867754999999999
0.015415418000000004
0.013228214
0.011622359
0.011670924000000001
0.012627099000000001
0.016920337
0.014021562000000001
0.010666387000000001
0.012800418
0.012083676
0.018738939
0.012971002
0.010363202
0.011580478000000002
0.013195338000000001
0.009642684
0.010708975000000003
0.012525913999999999
0.011185457000000001
0.013162912
0.012086385000000002
0.010277726000000001
0.010427727999999999
0.010757507000000001
0.012226129
0.013376866
0.013851666
0.012021919
0.011209884999999998
0.013152767000000001
0.017450226
0.011728043
0.012245190999999999
0.012242096000000001
0.013637205999999999
0.016956591000000003
0.013909586
0.011985952999999999
0.011912191999999999
0.012424101
0.014416825
0.011498167999999998
0.012505158
0.011100449
0.010858083000000001
0.0122127
0.011286514
0.009608936
0.011457501000000002
0.013885125
0.013566676000000001
0.012004648000000001
0.014175499000000001
0.013641341
0.013130192
0.016497739
0.013648547000000002
0.010193966000000002
0.012090276
0.013372255
0.013356021999999999
0.011098255000000001
0.012239780999999998
0.012196172
0.014331456000000001
0.013195633
0.011106271
0.01075659
0.013667011
0.011340555
0.012266068000000001
0.012001768000000001
0.013028634
0.012764091
0.010614718
0.012259678999999999
0.011123777999999999
0.013352783000000002
0.011757240999999998
0.011521875
0.010924277999999999
0.011634303
0.012637187
0.011494048
0.012632228
0.015788893
0.012515665
0.010934010000000001
0.014614463000000001
0.013135515999999998
0.015009182
0.013438064999999999
0.011510517000000001
0.009127255
0.01088026
0.016724852
0.011288687
0.012035051000000001
0.011925683999999999
0.012144366
0.013462403
0.013648026
0.01094089
0.012446052
0.011979531
0.016794249
0.011715044
0.011244628999999999
0.010999951
0.011069919
0.016021208000000002
0.010061717
0.013408396999999999
0.0122943
0.011108534
0.011666834999999999
0.011638598
0.016558586
0.008935001
0.014649043
0.014777578000000001
0.010782817
0.010773891000000002
0.013464498
0.012702731
0.013691544
0.012633508
0.013775797
0.011969514
0.010689421000000001
0.012322985000000002
0.013701864
0.010794765999999999
0.012398822
0.011890803000000002
0.014704664999999999
0.012304683
0.012672161999999999
0.011552364
0.012777346000000002
0.012293693
0.011874217000000001
0.012447696999999999
0.012075205
0.012502508
0.013686459
0.012616407999999997
0.009246332999999999
0.010925333
0.012474092
0.015493136000000001
0.011268369
0.012599617999999998
0.010416384
0.01104777
0.011955162
0.008985081999999998
0.010594824999999999
0.011087663000000001
0.012722378
0.013060284000000002
0.012506629
0.011802617999999999
0.014397357
0.011697102
0.013338689
0.014739513999999999
0.012956757999999999
0.013378832
0.013118827999999999
0.013192815
0.012350034000000001
0.011997494000000001
0.011869328
0.012999955
0.013009086000000001
0.013159778
0.009632474
0.015413696000000001
0.012854893
0.008446485
0.011914606999999999
0.012384158
0.012885742999999998
0.013552067
0.012693550999999999
0.011705188000000002
0.012024738
0.012395526999999998
0.012181813000000001
0.013420477000000002
0.013535116000000002
0.014373778
0.012748514
0.010905317
0.013536893999999999
0.011964799
0.01284749
0.011968593999999999
0.013727313
0.012185141999999998
0.010816143
0.012313233
0.010498832999999999
0.009528441
0.015488997999999997
0.01124735
0.012058784
0.012659970000000001
0.012101313
0.014362186999999997
0.012446684
0.012859689
0.014027946999999999
0.012246841000000001
0.010463481
0.012559701
0.013548596000000001
0.011167417999999998
0.011287861
0.016352112999999998
0.011657667999999998
0.01473656
0.012750438
0.013270707999999999
0.013003422
0.012358299
0.012011691000000001
0.013568905000000001
0.013241471000000001
0.014583753999999999
0.011611744999999998
0.010498458
0.012285872
0.012492086999999999
0.016942435
0.011138377999999999
0.014024052999999996
0.010808423000000001
0.011570495
0.011581071
0.012806782000000001
0.012277342999999998
0.013893421
0.012340139000000002
0.015139105
0.012178793
0.011524840000000001
0.012295602
0.014178597
0.013915292000000001
0.012356731
0.013210110000000002
0.012320259
0.013672878
0.014682707
0.010180170999999998
0.012468172999999999
0.012681878
0.014122426
0.012906141
0.015270713
0.011476097000000001
0.013157076
0.012799055
0.011562590000000001
0.011977073999999999
0.014262351000000001
0.012422585
0.011584912999999999
0.01265558
0.012588554999999998
0.012817681000000001
0.011908007
0.01636052
0.011203314999999998
0.012058627
0.012243420999999997
0.012725508
0.012090845999999999
0.011895531
0.012451755000000002
0.012217097
0.012490914
0.009743158
0.01249266
0.011577001
0.013798597
0.012514134
0.020451627
0.013550335
0.011688065000000001
0.012686101000000002
0.013873593
0.014827074
0.010441139
0.011828525000000001
0.011800281
0.011928425
0.012320541
0.011818581
0.009947715000000001
0.014427436000000002
0.015390064999999998
0.012110943999999998
0.014318245
0.011001166
0.010714811
0.011908675
0.010941745
0.011832658999999999
0.011975229
0.011931297
0.013910274
0.011054418
0.013092394
0.012494271
0.012919525
0.011522139
0.01290801
0.011501263999999999
0.013399394
0.013682360999999999
0.012916577
0.012260978
0.014918413
0.011321461000000001
0.011564772000000001
0.013044320000000002
0.0113708
0.013518691999999997
0.014541103000000001
0.010696686
0.013052343000000001
0.012273461
0.016626473
0.011978520999999999
0.01379612
0.012741735
0.012915755
0.013450152
0.011712142
0.012741109
0.012352431000000002
0.012023493000000001
0.016446009999999997
0.010953841
0.012629060000000001
0.013073778000000001
0.011246131000000001
0.017419548
0.012533617
0.013599801000000002
0.012591364
0.014122123
0.01835348
0.012808495000000001
0.013853899999999999
0.012557798000000002
0.013684338000000002
0.013774162999999999
0.012424941
0.014372603000000001
0.013813408999999999
0.012836747000000003
0.013463036
0.011407374
0.012269827
0.013321698
0.010730969
0.014745514000000001
0.013284784000000001
0.011763719999999998
0.012287002
0.011718733
0.014864830999999998
0.011574662
0.011494705999999999
0.011436113999999999
0.01279478
0.012148784999999999
0.01319585
0.01304661
0.014517215
0.010384557999999999
0.013499249
0.013956861000000001
0.01255099
0.009752005999999999
0.009833653000000001
0.013930175000000001
0.010784209
0.012568909999999999
0.01167655
0.013451098
0.011496876999999999
0.012093623999999997
0.013327536000000001
0.012545317
0.011139925
0.011022525
0.012655251
0.011408045
0.012185881
0.01305143
0.015985118
0.014346909
0.011290975
0.011748314
0.012982114999999999
0.011862934
0.01218782
0.011605462
0.013451662
0.013094131000000002
0.011890165
0.011049698
0.012666510999999998
0.011506043
0.012707833
0.013058453000000001
0.014888081000000001
0.010916736
0.010712107
0.012364767999999998
0.017372494
0.011474492
0.010322170999999998
0.014095390999999999
0.011423194999999999
0.013339088
0.011436787
0.011620913
0.017335052
0.011873136999999999
0.016344988000000005
0.012712751999999999
0.012301289
0.011064217
0.012905533
0.010232604
0.014151644
0.013777717999999998
0.013100836
0.012225373
0.013916261999999999
0.011172294
0.011604451000000002
0.01355698
0.010027860000000001
0.016180021000000003
0.011757151
0.00950237
0.011420976
0.011205285999999998
0.014560048999999999
0.010433293
0.012446906
0.012382489000000002
0.010561916
0.016003805000000003
0.012785198999999999
0.012348145
0.011487181999999999
0.010947359000000002
0.012805222
0.012382154000000001
0.011977764000000002
0.013125658
0.011475393
0.011451293
0.013599637
0.015763667000000002
0.010411122
0.012566792
0.015477843
0.012388989999999999
0.012606503
0.013698328999999999
0.011674281
0.016100590999999997
0.010985817
0.011523772
0.011022228999999998
0.013294597
0.012853328999999998
0.011453169999999997
0.01284647
0.012494421
0.009674171000000002
0.015171042999999999
0.012013813
0.012369858999999999
0.012266442
0.013031459
0.012322179
0.013483449000000002
0.010600173000000001
0.011493301000000001
0.012894651
0.012117501000000001
0.011947325000000002
0.012715904
0.014138516
0.013214977000000001
0.012426009000000002
0.012076676999999997
0.011657395000000001
0.012616503
0.013264082
0.016434213
0.010978230999999998
0.012199652
0.011788179999999999
0.009803953
0.014780477
0.012396636999999999
0.012847447
0.013863217
0.012380176
0.011274804999999999
0.013114397
0.012430078
0.011866615
0.012346707
0.013369295
0.013680446999999998
0.013500079
0.013020833
0.013819567
0.013991042999999998
0.017485170999999997
0.01193177
0.010864243999999999
0.012665402
0.011649880000000001
0.012555700999999999
0.011229504
0.010198762
0.011100047
0.013638343
0.017234580000000003
0.011887281000000001
0.012821266
0.013976614
0.010511947
0.052761406000000004
0.014234096000000002
0.011543036
0.012461942999999998
0.067417482
0.013374453
0.011295211000000001
0.075493927
0.009500516
0.012863805999999998
0.06808785
0.009677951
0.011144653
0.034738895
0.037334097
0.014656245000000002
0.009643024
0.071084584
0.013714821999999998
0.010622254999999997
0.071059518
0.011243545
0.010656766
0.073400275
0.010583343999999998
0.011768951
0.07001115799999999
0.013053501
0.013587593999999998
0.06473885199999999
0.011983811000000002
0.014770667
0.068826852
0.013047703
0.014148641
0.06895402700000001
0.010971729999999997
0.011964665
0.072468627
0.014159184
0.010644580999999998
0.051094416000000004
0.022763796000000003
0.012522333
0.027881939
0.04828833300000001
0.010283955000000001
0.012090443
0.07310982299999999
0.012790422999999999
0.012259129
0.07108162
0.013359407
0.013237018000000001
0.069615819
0.014476438000000001
0.013385669999999999
0.066759538
0.014413782
0.012857999000000002
0.06633295
0.011027368000000001
0.011328431
0.031312824
0.044302141999999996
0.013268007
0.014714487
0.06931208200000001
0.014026869
0.013104684
0.06843399
0.010187175000000001
0.014652612999999998
0.06562852
0.012004695000000001
0.012622346
0.06995971399999998
0.011455492
0.015125192999999999
0.06433839599999999
0.009824325
0.013830226
0.074702615
0.013432127
0.011680804
0.066313268
0.011409694
0.010968806000000001
0.019737262
0.057919333
0.010947588999999999
0.011343468000000002
0.067425891
0.010299576000000001
0.012089973
0.014799300999999999
0.06316955099999999
0.011833116000000001
0.033768705
0.04291797
0.011479969000000001
0.011403273
0.071485007
0.012839482
0.010399854
0.06841278700000002
0.013021383
0.010629299
0.06852262799999999
0.011779709999999999
0.011086155
0.01005675
0.063693865
0.013820863999999999
0.011965713000000001
0.07092045599999999
0.011877803
0.027511262
0.048346039
0.011346906
0.010924129000000001
0.071780086
0.009848135
0.015001315000000001
0.06833408800000002
0.011201753
0.013500485999999999
0.017501062
0.056447619
0.012639167
0.013303323999999998
0.064793052
0.012871854
0.013285205999999999
0.07123678400000001
0.011034184
0.011651813
0.010301641000000002
0.069973427
0.014292106
0.014388814
0.06303328600000001
0.013174315999999998
0.011193805000000001
0.016044729
0.014483582
0.012421935
0.009771644000000001
0.011699727
0.013782279
0.008720641
0.017191970999999997
0.014198328
0.011464199999999999
0.011420943
0.01290382
0.012301791999999999
0.016253577
0.013380412999999999
0.009924161
0.013256076
0.013291951000000002
0.010659947
0.012406077000000001
0.016960424
0.014015205999999999
0.013109164
0.01397238
0.008451433999999999
0.009794725
0.012064747
0.017557251
0.012526337000000002
0.013012457999999998
0.011173072000000001
0.012745964
0.012714501999999999
0.012038345
0.014839698
0.012217682
0.013866088
0.012971186
0.012218125
0.01178314
0.010600102
0.014348554
0.012465364999999999
0.013462225000000001
0.011601135000000002
0.012102189
0.011229068
0.010951604
0.018672972
0.011920618
0.012684095
0.014420574000000002
0.011595574999999999
0.012211242
0.017022061
0.008849705000000001
0.013410143000000001
0.013977539
0.011499358999999999
0.012124751999999999
0.011322365999999999
0.012455698999999999
0.013300816
0.011368592
0.011727292
0.013416412
0.013231725
0.015170761
0.011796576999999999
0.013083326000000001
0.013770421
0.013410216999999999
0.011644225
0.012236498000000002
0.014840148999999999
0.010417049
0.012295062
0.009898098000000001
0.010712130000000002
0.013074389
0.014641048
0.013065434
0.011018522000000001
0.011916268
0.011341028000000001
0.013476146
0.012771583
0.011111865
0.010679605000000002
0.013067984
0.013424941
0.012590019000000001
0.013469862999999999
0.013849916
0.013136197
0.017655978
0.013739244999999999
0.014611441
0.009160769
0.010680598
0.011423638000000002
0.009704582
0.012873683
0.012783355
0.014361143
0.012974191999999999
0.010978231000000001
0.011914668
0.012604174000000001
0.013556995
0.011193524
0.013348537
0.013490448
0.014078178000000002
0.011624344000000002
0.012256659
0.013292744
0.013352183999999998
0.012708737
0.014150338
0.011581870000000001
0.011941715
0.012714781
0.012017390999999999
0.012858929
0.012766485000000001
0.012543161
0.014480565
0.013560261
0.01142774
0.011121929999999999
0.013553122
0.013779870999999999
0.010653126
0.011871265
0.013506045
0.009412268
0.012079192999999998
0.010882746
0.012270624
0.012334438999999999
0.010159079
0.009748544000000001
0.018101419000000004
0.012109
0.014186815
0.013021811
0.011849268
0.012024512
0.010351115000000001
0.010697373999999999
0.011568937999999999
0.016192533
0.013773959
0.011827706
0.012202552
0.013531869
0.009906312000000002
0.011673518
0.013947859
0.012705497
0.014495482
0.013123862
0.014375228999999998
0.013239089999999998
0.014154183999999998
0.011951018
0.012849518
0.012239202000000001
0.014423187
0.010406555
0.012721841
0.01210894
0.011641689
0.010774887
0.013832629999999999
0.01101131
0.011637477000000002
0.014039134
0.013023153000000003
0.014233128
0.011803412000000001
0.012665098
0.014226299000000001
0.01033775
0.012174821
0.011336556999999999
0.012760731
0.012990901
0.01248778
0.013927697999999999
0.011204635
0.01307204
0.009193872
0.012695733
0.010868898
0.011556295999999999
0.013341634
0.013611566
0.011972388
0.011039226999999999
0.011280615
0.01242901
0.014450685999999999
0.013287539
0.011119386
0.014328497
0.012070353
0.011785542999999999
0.012567712000000002
0.013258596999999999
0.013528512999999997
0.012540985999999999
0.011541309
0.0126635
0.019206421
0.013674686000000002
0.011345503000000002
0.012501399000000002
0.014339010999999999
0.013254923
0.010623365999999999
0.013133639999999999
0.013776391
0.011537634000000001
0.012372290000000001
0.014265526000000002
0.013781906000000002
0.011632834
0.01428588
0.013217554999999997
0.014750804
0.014182239999999999
0.011726247000000002
0.012333109000000002
0.013586773999999998
0.012742778
0.011802629
0.015279966
0.012408056
0.015534712999999999
0.011599199999999999
0.010667788000000001
0.012686875
0.013884414000000001
0.012867906
0.013740029
0.013076218000000002
0.014040982
0.012946576
0.011514922
0.011067748
0.013755077000000001
0.012893154999999998
0.013957684999999997
0.012763206
0.011559725
0.011188232999999999
0.010704376
0.012292946999999999
0.012002787000000001
0.013835548
0.012911675999999999
0.012822166
0.013070825999999999
0.013489044
0.011431363
0.011714762
0.011556501
0.011670078
0.013354481999999999
0.013174183999999999
0.011398888999999999
0.012222928000000001
0.011476061
0.011560871999999998
0.014215903
0.012053692000000001
0.01247355
0.015736581
0.012642135
0.014088583999999998
0.010990313
0.013170471999999999
0.012704848
0.013392154
0.012245695
0.013447916999999998
0.013389357999999999
0.014105080999999998
0.013147527999999999
0.014257740999999999
0.013638528000000002
0.013716985999999997
0.013294896
0.013540285999999999
0.013041896000000002
0.013380107999999998
0.01152108
0.016531410999999996
0.013087551999999999
0.014459814999999999
0.013192184
0.011935089999999999
0.01243226
0.012671599
0.014251755000000001
0.013731011000000001
0.014168054000000001
0.011995666
0.013196128
0.013575882999999999
0.013445974000000001
0.013957198999999998
0.013376713
0.011868320999999998
0.014497957999999998
0.010956348
0.01087423
0.012750752
0.012772796999999999
0.011468733
0.011060729
0.011826647000000001
0.012898896
0.013052969
0.012420971
0.011549993000000001
0.014374369
0.013575278000000001
0.010766634999999998
0.012171394000000002
0.015153588999999999
0.012124496
0.009278325
0.012643294
0.013033426
0.014706611999999999
0.011079805
0.012120575000000001
0.012054080000000002
0.012254754
0.013716984
0.012945112999999998
0.012855151000000002
0.013146569
0.011522992000000001
0.015769149
0.010800251000000002
0.013428709
0.010283954000000001
0.011762696999999999
0.014183161
0.012826195
0.011325111
0.012092283
0.012666361999999999
0.011221846
0.011131482
0.013409896000000001
0.013610265
0.013064547
0.015067857999999998
0.010769965000000003
0.013544502000000002
0.012608340000000003
0.013084985999999998
0.016959111
0.010850822
0.012143847
0.013248511000000001
0.012175247
0.015490152
0.011082894000000001
0.011735005000000001
0.013497758
0.012229341000000001
0.011699957
0.013692702999999999
0.013144840999999999
0.011235865999999999
0.010065167000000002
0.011975963000000001
0.017442519
0.011624355999999999
0.012139468
0.013238548000000001
0.011721193000000001
0.012702603
0.011393146
0.01107287
0.013658165
0.012105725999999999
0.013258498
0.010966055000000002
0.012594189
0.015103046
0.010721065
0.013319515
0.013027405999999998
0.011302059
0.012782465
0.010367395
0.014124395999999999
0.013831167
0.013480106
0.010277674
0.011780441
0.012025396
0.013286484
0.012269928
0.014172484
0.014119581999999999
0.015240435
0.010356154000000001
0.01220209
0.012225189000000001
0.012403418999999999
0.014402334000000001
0.014846367999999999
0.013128082
0.011857062
0.012712042000000002
0.012591907
0.014240068
0.013085844999999999
0.011810065
0.010265147000000002
0.017287869999999997
0.011947303
0.010477183
0.011648943
0.011226824
0.015221028000000003
0.012966614000000001
0.013017523000000001
0.014160556999999999
0.012652820999999998
0.011900461000000001
0.014282994000000002
0.013339047000000001
0.010987905999999999
0.013189126999999998
0.014497947
0.010257644
0.010178396999999999
0.012233674999999998
0.010276952
0.017696813
0.013562702
0.012349923
0.010196553
0.014637832
0.0103062
0.012733320000000001
0.012077968
0.011041812000000002
0.011911278
0.012215546
0.009667515
0.013282730000000001
0.012541162000000002
0.010448261
0.019038371000000002
0.011932206
0.013158448000000001
0.012063971000000001
0.01279517
0.015535431
0.013374407
0.012024868999999999
0.012931573
0.012208252999999999
0.018256166
0.012293552000000001
0.012294922000000002
0.013882001000000001
0.014250070000000002
0.012978476000000001
0.011639578
0.012732552999999999
0.012456729
0.011013063000000002
0.013530751
0.012819608
0.012120501000000002
0.011389709000000001
0.011235048000000001
0.014991688999999999
0.011129972
0.012307381000000001
0.012700651000000002
0.010967921
0.015329948000000001
0.011505718999999998
0.012425604
0.013669976
0.013321320000000001
0.014050976
0.012898739000000001
0.013197424000000001
0.012962688000000002
0.01270329
0.015733735000000002
0.009933157000000001
0.013690346999999999
0.012903715
0.009968122000000001
0.01330955
0.012291986
0.010918344
0.013187954
0.013189761999999999
0.012493454999999999
0.01169886
0.012389905000000003
0.012814428
0.013397755
0.011544813
0.012828102999999999
0.011731287
0.0144436
0.012848655
0.009047612000000002
0.011788481000000002
0.010944025999999999
0.012413249
0.01088391
0.012748402999999998
0.012353140999999998
0.011463604
0.010788477
0.011609404
0.01347773
0.010038542000000001
0.012390135
0.013403057999999999
0.012912958
0.012270702000000001
0.013934785
0.013183244000000002
0.012048589
0.012660537000000001
0.013885721
0.015545295
0.013488481
0.013252365
0.013062799
0.010703830999999999
0.015939563
0.013151527
0.01196424
0.012169603999999999
0.012984748
0.016237341
0.011759464999999998
0.012356751000000001
0.01191464
0.013528595999999999
0.012329808
0.013486577
0.012658799
0.013807214
0.013203384
0.016669985999999998
0.012361835
0.013245287
0.011068774
0.011992647
0.015584724999999999
0.012193340000000002
0.013992358
0.011707057
0.01158461
0.015873897999999997
0.011733648000000001
0.011883718
0.012993368000000002
0.012073637
0.016393246
0.013732805
0.013356442000000001
0.009800447000000002
0.013888802
0.015266264
0.010396356
0.012528441
0.012432443000000001
0.013519628999999998
0.011379347000000001
0.012534001999999999
0.013809349
0.009854116
0.013044673
0.016609726000000002
0.011250755
0.014294639
0.012550905
0.013831352
0.013675169
0.012641451
0.011008253999999999
0.013337116000000001
0.011475274999999998
0.011446124
0.011583497
0.012073284
0.01224252
0.011643849
0.01376506
0.010119745999999999
0.011909383999999999
0.012680951
0.012304078000000001
0.009824230999999998
0.012609911
0.012571736
0.010771435
0.013876608999999998
0.013317211
0.010615066000000001
0.012747751
0.013701938999999998
0.013364371000000002
0.014929862
0.011729232000000001
0.011228819000000001
0.012195405
0.012456636
0.014326413
0.012984962
0.012288629
0.012524611000000001
0.011577278
0.013969893
0.011773404
0.012224061999999999
0.010087192000000002
0.010558814
0.013820376999999998
0.012758504999999998
0.011804172
0.012275986
0.012436406999999997
0.019300422
0.011450341000000001
0.011299131999999998
0.013075077
0.010880681
0.012425284000000002
0.012317520000000002
0.010881301999999999
0.010585836
0.013503101999999998
0.018616582
0.01067974
0.012806408999999998
0.012041693000000001
0.012487641
0.012094362999999999
0.013175328
0.011963374
0.011437145999999999
0.010048435000000001
0.011130415
0.01366587
0.010679595
0.012900816
0.014516747
0.012442838
0.011902488
0.013847123000000001
0.013189701000000002
0.011962122000000002
0.012325495
0.010719055
0.010553129999999999
0.013002897000000003
0.012097466999999997
0.010311293
0.014902531000000002
0.012689497000000001
0.010627841
0.011480442
0.01227586
0.017110985
0.011911768
0.013451371
0.012549221999999999
0.012784977
0.018392394000000003
0.012404073000000002
0.014073597
0.012170339
0.013926392999999999
0.016084686
0.011542316
0.011309706
0.010571563000000003
0.012208949
0.012687781
0.014116276
0.014145988000000002
0.012092561000000002
0.012218411
0.013428693999999998
0.010543563999999998
0.013603504
0.011929347
0.011890686999999999
0.013595471
0.013225638000000001
0.013228944000000001
0.013742886999999999
0.013133477
0.015186981
0.011297409000000001
0.011741133
0.013202187999999998
0.012554645000000001
0.014582968
0.014123430000000001
0.012137175000000002
0.013795912
0.011129776
0.016550378999999997
0.012240305000000002
0.013634473999999999
0.010159684
0.010583799000000001
0.012537286
0.011740196000000001
0.011215707
0.011442993000000002
0.013316268
0.014401153
0.011776094
0.012038001
0.012321964000000001
0.013588903000000003
0.012103187000000001
0.013937799
0.015666805
0.013494397999999998
0.013877373
0.013703780000000002
0.014996743000000002
0.013824778
0.011453007000000001
0.013227677999999998
0.015585634999999999
0.013110715000000002
0.011751164
0.01232159
0.014024864000000001
0.013574487
0.012089068
0.011437054
0.01337934
0.012984401999999999
0.010658738
0.014128245
0.013011268999999999
0.010990640999999999
0.012735946
0.013348453000000001
0.012474826999999999
0.014658493000000002
0.010963345
0.012872692
0.012744754
0.014264853000000001
0.010878721000000001
0.010994185
0.012175206000000001
0.010851652
0.011979830000000002
0.012949324
0.013247022
0.012473850000000002
0.011525556000000001
0.012091727000000002
0.013392580999999999
0.012139220000000003
0.013025503999999999
0.014161483
0.010991474000000001
0.011082834
0.013133463
0.012888229000000001
0.014383542000000001
0.011186630999999999
0.012687598
0.011121253999999999
0.013179742000000001
0.01305101
0.013351606000000002
0.012251796000000002
0.012296100999999999
0.011655123
0.011929888
0.010022197
0.013685762
0.010954999000000002
0.012989028000000001
0.016429724
0.012119751
0.010755321000000002
0.010800956
0.012448951
0.015335832
0.01353155
0.012774434
0.011165476
0.012837211
0.012076282
0.014995500000000002
0.014036542999999999
0.011927059999999998
0.011174723000000001
0.012471958000000002
0.011730810000000001
0.011214086999999998
0.011534985000000001
0.013176934000000001
0.012194087999999999
0.018351823
0.012204299999999998
0.013107926
0.011805785
0.013891959
0.017855374000000004
0.01233193
0.012387471999999998
0.013153857000000001
0.012619321
0.015029534999999998
0.012047492
0.011505961000000002
0.012744873
0.012729065
0.014542426
0.010979194
0.01369526
0.012470741
0.011645208
0.019004720000000003
0.010922723999999998
0.010934419000000003
0.012801289999999998
0.013048384
0.016469394999999998
0.014594856000000002
0.011948832000000001
0.013536575999999998
0.014362464
0.015067247
0.011798127000000002
0.013143482
0.012466267
0.010745395000000001
0.013078288999999998
0.010600715
0.009834994
0.013756356999999999
0.012498612000000001
0.013381053000000002
0.01279038
0.010001476999999998
0.010188645000000001
0.014445577000000001
0.017578294
0.010954292
0.011054803000000002
0.013311545
0.01065523
0.01353999
0.012976793
0.012201574
0.01453465
0.012734721999999999
0.010019881999999999
0.012877722999999999
0.013898075
0.010762161
0.012565197
0.011456686000000002
0.010808537999999998
0.014333415999999998
0.010060167
0.011863229000000001
0.016097516
0.012942067000000002
0.011621978
0.012233187
0.013522562
0.011842641
0.010755944
0.012208126
0.012389856
0.014725308
0.017971907
0.012610431999999998
0.013766959
0.012002500999999999
0.012867519999999999
0.016695735000000003
0.013886871
0.013026840000000001
0.012878831000000002
0.011205
0.015743754
0.012229414999999999
0.011630954999999998
0.012652407999999999
0.011704893
0.014335193
0.011292726
0.011676775
0.012074702
0.014133528
0.017170679
0.010288779000000001
0.014198096
0.013840902
0.011866271000000003
0.015467223000000002
0.011004733000000001
0.012420655
0.011236603
0.011789634
0.017139987
0.01401127
0.012936021
0.009908397
0.013665127000000003
0.013648813999999999
0.012469986
0.013774779
0.013537562000000001
0.01229834
0.018516440000000002
0.012926442
0.012878688
0.013636853
0.013047094
0.017663719999999997
0.012064006
0.012454093
0.011052959999999999
0.012536783
0.014184974999999999
0.012300446999999999
0.013212384000000002
0.012192295000000002
0.013286888
0.014362566
0.013037079
0.012862301999999999
0.012510373000000002
0.011727022
0.012237642
0.013400200000000001
0.013219936
0.012696786000000002
0.013342149999999999
0.017152129999999998
0.011161524999999999
0.010959803
0.011721486000000001
0.014193342999999999
0.014387082
0.012998219
0.014256084
0.011768277
0.011864816
0.014867715
0.013227736
0.013418799
0.016119634
0.011149824
0.013959583
0.014440996999999999
0.010882165999999999
0.011308953999999998
0.012491066000000002
0.012215832
0.011141924000000001
0.013044186000000001
0.013269158999999999
0.011431363
0.012944336
0.011905513
0.01079308
0.012143511000000001
0.009942137
0.01200492
0.013987470000000002
0.010971584999999999
0.011584157000000001
0.013262300000000001
0.010865152
0.011765220000000002
0.011743057
0.011203306000000001
0.012876332999999998
0.017609561000000003
0.010615282000000002
0.010708419
0.014595616
0.012544122999999999
0.013245527
0.011881169
0.014031601000000001
0.013403926
0.013198234
0.014084239
0.011678013
0.014280717
0.011476117
0.010380412000000002
0.01216654
0.013011314999999999
0.012474539
0.011095240999999999
0.012436571
0.01339081
0.011821860000000002
0.012847882
0.010494882
0.012250596
0.011926247000000001
0.011966758999999999
0.011657036999999999
0.013197608
0.014202329999999999
0.012247665
0.013192145
0.015190102
0.0106226
0.011657056999999998
0.013284027
0.012475934000000001
0.011289585999999999
0.013457348000000001
0.010855453999999999
0.014145685
0.013064177000000001
0.010874482000000001
0.012579785000000001
0.013006957999999999
0.012625408
0.010880685000000001
0.011648913999999998
0.012866171
0.012964149
0.010545227
0.012845944000000002
0.015434618
0.011386064000000001
0.011481096000000001
0.014103105
0.01216435
0.012251262
0.013110582
0.013464598
0.012679946999999999
0.012793065000000001
0.013184146
0.012355655
0.013652586
0.014023341000000002
0.010150405
0.013122717
0.013590556
0.012194092
0.013934975
0.013805599
0.012540365999999999
0.012574611000000001
0.011791931999999998
0.014673204000000004
0.013239081
0.011418676
0.012165721000000001
0.01242861
0.016711926
0.013670109000000001
0.011345519000000002
0.01308106
0.013548586
0.015936568999999998
0.010765245
0.011700572999999999
0.012695823999999998
0.012049591
0.018067924
0.012843545999999999
0.013598827999999999
0.011603994000000001
0.012173756999999999
0.012982654
0.013707750000000001
0.011530238
0.012782235
0.013271193999999998
0.014793019000000001
0.011275347
0.010474042000000001
0.01433842
0.014592253999999997
0.011278512999999999
0.012673346999999998
0.012630655999999999
0.011746110000000002
0.013280435
0.013790605999999999
0.012187332
0.010170872000000001
0.011720308
0.012992057999999999
0.014461105000000002
0.012942028
0.010088950999999999
0.010601581
0.013197351
0.011871572
0.013422149000000001
0.013656014
0.011109574000000002
0.013754674000000001
0.011767295
0.011843539
0.012047654
0.013936641000000001
0.013300326
0.014296099
0.010500494999999999
0.012839535
0.011383366
0.013355888000000002
0.017784335000000002
0.011000337
0.011045898
0.012365891999999998
0.012916918999999999
0.010126693
0.012912794999999998
0.011938648999999999
0.011304053000000001
0.012756296999999998
0.017661744999999996
0.011847903
0.012153679
0.012947386
0.010647405999999998
0.011466514999999998
0.012965869
0.01331133
0.013040899
0.011700976
0.015266505999999999
0.013235393
0.011913634
0.012471072
0.012515618
0.014880845
0.010693633999999999
0.012406138999999998
0.012806235000000001
0.011032454
0.012068291
0.010410178
0.010603768
0.011178359
0.010567111
0.01624447
0.01178339
0.010868005
0.011656384
0.010529907
0.017524738
0.012077079999999999
0.013041115
0.013145132
0.013236082000000001
0.013458897999999999
0.012444463
0.010723926
0.014439025
0.013602972000000001
0.014085341000000001
0.012957677
0.012469656
0.012268909
0.01072411
0.011507834
0.011672088000000002
0.013545893
0.010707353999999999
0.01013505
0.013337686
0.019237827
0.013419614
0.011303176
0.012741757000000001
0.013269455999999999
0.012129817999999999
0.012725796000000001
0.013883340999999999
0.01380764
0.013162285999999999
0.013901798
0.015714614000000002
0.013118935000000002
0.010608858999999998
0.01217347
0.011805485000000001
0.010457872
0.012117495000000002
0.012112880999999999
0.013072864
0.010655968
0.011709285
0.011665170999999998
0.012696227
0.014126749999999999
0.013080663999999999
0.012278681
0.013426228999999998
0.011640080000000002
0.01055887
0.012950514
0.011830015999999999
0.012833451000000001
0.012337527000000001
0.013108792000000001
0.015481101
0.013018782000000001
0.011570148
0.012725768000000002
0.012281194000000002
0.017264776
0.012051272
0.013688507999999999
0.012978459000000001
0.011758628
0.015775113
0.015241824
0.014852329000000001
0.012331659000000002
0.012557832000000001
0.016699131
0.013053177000000001
0.012108022
0.009933268
0.013320136000000002
0.018844414
0.012894728
0.012011192000000002
0.010645405
0.012634847
0.016837427999999998
0.010995300999999999
0.01378058
0.013097594
0.012521617
0.014279314999999999
0.013000662
0.010667264
0.011971933
0.013587826999999999
0.011647502
0.013583665
0.013098980999999999
0.011909962
0.012688141
0.014193593
0.011816119000000002
0.013350741
0.010494484000000002
0.013547316
0.014130259999999999
0.013196036
0.011548366999999999
0.011431743999999999
0.014653166
0.014624261000000001
0.009438736999999999
0.017806671999999996
0.014577472
0.009758261
0.013728996
0.018028936000000002
0.011533091999999998
0.01288044
0.012113896
0.011558503
0.011290396999999999
0.012894609999999999
0.011338737000000002
0.011809235
0.014614374
0.013600212
0.01148075
0.011639839999999999
0.013925275
0.012869681000000001
0.012046087
0.01479684
0.013080435
0.010305073
0.010666888
0.013344892999999998
0.014611153
0.012030866999999999
0.011652574
0.011794267999999998
0.014132850000000002
0.012742983000000001
0.013274839000000002
0.014220964
0.013084644
0.010915846
0.014175578
0.011809865
0.011956937
0.012652375
0.013917401
0.012254699
0.014605465
0.012148237999999999
0.011634960000000001
0.01324966
0.011934901000000001
0.010853527
0.011967704000000001
0.013665014000000001
0.013025899
0.01347055
0.015707618
0.012362546000000002
0.012357600000000002
0.013541185999999998
0.013990747999999999
0.013017308
0.011851027999999998
0.011522117
0.012686038
0.014505553
0.012525314000000001
0.013020273
0.013475119000000002
0.014442552
0.012233902999999999
0.010634563
0.012622555
0.013202615
0.009379082000000002
0.015199683
0.013322961000000001
0.011838937
0.012479226
0.013783285999999999
0.025446636
0.053669906
0.013920172
0.018289769
0.058515215
0.010949256
0.011643961000000001
0.06557525600000001
0.014391483000000002
0.011091598000000001
0.068112361
0.011657177000000001
0.010812447999999999
0.068036769
0.011430472
0.014085792
0.07344062600000001
0.013209220999999998
0.014493326
0.06762642
0.011296224
0.01261717
0.036222836
0.036793954
0.012057968
0.013931932999999999
0.07038111000000001
0.01270767
0.016123168
0.060758981000000004
0.013833231999999999
0.011815537
0.060792172000000005
0.011895664
0.013189918000000002
0.013368703999999999
0.06504145800000001
0.011066834000000001
0.011108939000000002
0.07366645800000002
0.011328748
0.009889568
0.026579474999999998
0.04837951
0.011676319000000001
0.012771150000000002
0.07266472699999998
0.011398913
0.011457525
0.019480829
0.058735431
0.010191484
0.012786353000000002
0.070123838
0.011378022
0.010906437000000003
0.012177588
0.06910429600000001
0.013447258000000002
0.011618175000000001
0.07133233300000001
0.01247476
0.01123679
0.025248103
0.05262801999999999
0.012485867999999999
0.009670827
0.072397614
0.013210686
0.012721871
0.07566250699999999
0.011372840000000002
0.012482138999999998
0.069225693
0.010780926000000001
0.011798058
0.036905085
0.034068412000000006
0.011712496
0.011483988
0.037918707999999995
0.03806962800000001
0.014238363
0.013816980000000001
0.064490112
0.014415138999999999
0.009763530999999999
0.07304564399999999
0.01295063
0.009340626999999999
0.04165699399999999
0.032467296
0.011125606000000001
0.027028655999999998
0.044912164000000004
0.011083382999999999
0.012907380999999999
0.02234845
0.051727001
0.01322941
0.014304742999999998
0.064959667
0.011458038
0.01176085
0.032295465999999995
0.045303486000000004
0.013188714000000002
0.010753348999999999
0.072422208
0.011992768
0.012302402000000004
0.06872366
0.011413297
0.014699457999999999
0.07105501900000001
0.011905443
0.011878388999999998
0.07519227499999999
0.010713556999999999
0.011147014
0.07472849000000001
0.011258566
0.013149959000000001
0.06920765400000001
0.010786454
0.01265838
0.06894352699999998
0.01068927
0.012416617999999999
0.032983492
0.04382951599999999
0.010359454
0.012391112999999999
0.063544752
0.010986068
0.012085676
0.032620924
0.045468523
0.01062647
0.013200004000000001
0.069325285
0.011532174
0.012481036999999999
0.070096427
0.011397420000000002
0.011247777000000002
0.075604175
0.011578952
0.011942030999999999
0.012516326999999999
0.013655525000000002
0.011729568999999999
0.011773585999999999
0.012495942999999997
0.01213461
0.011767896000000002
0.013583706
0.013332043000000002
0.010771326000000001
0.012416594
0.013727283
0.010334827
0.012198957000000002
0.012178367000000002
0.010948672000000001
0.012413954999999999
0.014005944000000001
0.014156248999999997
0.012951000999999998
0.017287692999999996
0.010733932000000002
0.0117698
0.012092090000000002
0.013768053999999998
0.013407654
0.01642623
0.011795617000000001
0.013101383999999999
0.013347842
0.010822218
0.012764962
0.014140467999999998
0.014840651000000002
0.013533318999999999
0.012574626
0.012881166
0.013162313
0.013659479
0.012277572
0.013544276
0.011482824
0.010485866
0.012862235
0.014203761
0.010624895999999998
0.010723157
0.012845508999999998
0.011313404999999999
0.010689163
0.010833312000000001
0.012992471
0.010908837000000001
0.013702291000000002
0.014290891000000002
0.012874222000000001
0.011090584999999998
0.010464530000000001
0.014085589999999999
0.013109548000000002
0.010896036
0.016319926000000002
0.010168151
0.012676567000000001
0.012065403
0.011643247999999998
0.010126011
0.013831788000000001
0.012172361
0.011276021
0.012893077
0.012307095
0.012974392999999999
0.010896858
0.011752897999999998
0.012285199
0.013572546000000001
0.010791624
0.009813407000000001
0.013543668
0.010611411
0.011461275
0.011640107
0.011210092000000001
0.01306737
0.012274003
0.010713553999999998
0.011906468
0.012442954999999999
0.013085659999999999
0.013714895999999999
0.014713865
0.013833014999999999
0.009650218
0.011646607000000002
0.013226787000000002
0.010886182
0.017437469999999997
0.013684557000000002
0.011347925
0.012554381
0.013591688000000001
0.010110382
0.013219167
0.012771991
0.013520811000000002
0.011725754
0.012517525
0.01179422
0.010869024
0.012383871
0.014470783000000001
0.012292345000000001
0.013963353
0.014448111000000001
0.013287755
0.013753935
0.013239320000000002
0.013980987999999998
0.01302697
0.010820527
0.012467713999999998
0.013408317999999999
0.013800873000000002
0.009992038000000002
0.011324813
0.013586796
0.014196309
0.009447396
0.013540385999999998
0.013342015999999998
0.015415229
0.012707659999999999
0.010833854
0.01161296
0.013478805
0.012320553000000001
0.013351692
0.014188143
0.014232613
0.013359416999999998
0.011387226
0.011032814000000002
0.014127672
0.010982343
0.012982819999999999
0.012607332
0.013074714
0.013003585000000002
0.011186917
0.012771278
0.013912518999999998
0.012982275
0.01384
0.012771073
0.011796948
0.013190859
0.013250801999999999
0.01312509
0.013417195
0.012697204
0.01136027
0.012701536
0.011005025
0.010711632
0.012531759999999998
0.017509349999999996
0.011166356
0.011565927
0.013572176
0.013575102
0.011587463
0.012318988000000001
0.018257058000000003
0.011404286999999999
0.013443126000000001
0.013440101000000001
0.015242352
0.011526521000000001
0.013131235000000002
0.011677522
0.013663927
0.014585451000000001
0.012697454999999998
0.011179613
0.014593839
0.011938941
0.012026425
0.013855229000000002
0.010248783999999999
0.013368882
0.011683839
0.013585268000000001
0.013342293
0.014003308
0.012728053999999999
0.012084467
0.011100387000000001
0.011435695999999999
0.013397835
0.01341387
0.010884893
0.012528728000000001
0.013597848000000001
0.012252355000000001
0.01415324
0.011130958
0.011288621999999998
0.010411904
0.012775335
0.011431957
0.013174861999999999
0.012678232000000001
0.013727713
0.013620816999999999
0.014080651
0.010205068
0.012289944
0.013362307
0.013359319000000001
0.012493045999999999
0.013760957999999998
0.011544324
0.012418321000000001
0.012871601999999998
0.011105410999999999
0.010928034
0.012747482999999999
0.016959509
0.013131051999999999
0.011013770999999999
0.012702152
0.013715234
0.011994897000000001
0.012920398999999999
0.012977581000000002
0.010575655
0.011898218000000002
0.014297392000000003
0.012339814999999999
0.013759258
0.013509698000000002
0.011543537
0.012688083000000001
0.011913792999999999
0.013042337000000001
0.014513253
0.011176348000000001
0.012061868000000002
0.012091933
0.01229571
0.012887209
0.013338607999999998
0.013174127999999998
0.012636532
0.015490306
0.011481113
0.012103873000000001
0.012989233
0.013299803000000002
0.013338533999999999
0.011263925000000001
0.018250228
0.011402992
0.0128214
0.015033241000000001
0.012050455
0.011895384
0.013220744
0.014630255000000002
0.013381414000000001
0.011707299
0.013296315000000001
0.011855923
0.012954400000000001
0.014452482999999999
0.014104645
0.010883125
0.013119262999999999
0.013374735
0.011212107
0.011949729999999999
0.013453951999999998
0.012839022
0.013149888000000002
0.012679804000000001
0.013341155
0.012363899
0.012930641
0.012419702
0.012798173
0.01622655
0.011005606
0.012188884999999998
0.010703061000000002
0.011091911
0.01267929
0.010892945
0.012046812
0.011441927000000001
0.01408711
0.010859572000000001
0.015706799
0.014167929
0.012536046
0.012044896000000001
0.012501588
0.011778693
0.013538334
0.013529555999999998
0.010992884999999999
0.018189949000000004
0.013838575999999998
0.01091149
0.011562852
0.0137306
0.013035732
0.012526379999999998
0.013382103
0.013413621
0.013760790999999998
0.011366883000000001
0.014351412
0.013011593000000002
0.011276135
0.014307315
0.014447642
0.011304941
0.011881606000000001
0.010873185
0.011559799999999999
0.011570517999999998
0.012407162000000003
0.010066554
0.014051771
0.012374848999999999
0.011266926
0.011454246999999999
0.01284252
0.01261955
0.011834207999999999
0.012721474000000002
0.011838267
0.014618094
0.011329441999999999
0.011830283
0.015143014
0.014155403
0.011707002999999999
0.010513983000000001
0.011332772999999999
0.012523818
0.014592015000000002
0.011188988
0.013498521999999999
0.01276424
0.013268074
0.013691091
0.011414437000000001
0.013651396
0.013170357000000002
0.01420404
0.010816441999999999
0.012314844
0.011901096
0.011294769000000001
0.012028063
0.012872802
0.01193127
0.011411508999999999
0.01322917
0.011806478
0.019290339
0.01156358
0.012453111
0.013127312
0.011231618
0.013946538999999999
0.012202393999999998
0.012317144999999998
0.009873951
0.011654973999999999
0.014620228999999998
0.011628603
0.013415127
0.012679349000000001
0.012527885999999998
0.012638876
0.011906629
0.01246508
0.012765059
0.013975187
0.012410321
0.010648300000000001
0.013617873
0.012467256
0.012059865999999999
0.018677568
0.013897831999999999
0.013534433
0.01236726
0.016226102
0.013856918
0.012892358
0.011891421
0.012704407000000001
0.013939255999999999
0.017878719
0.01385781
0.012172378
0.012882835000000002
0.013277727999999999
0.011414319000000001
0.012529749
0.011116894999999998
0.011521078
0.010161277
0.013767805
0.012490888
0.011558126000000002
0.013210084
0.01125334
0.010247793
0.013033302000000002
0.013874961000000002
0.014144002
0.012332355999999997
0.012273649999999999
0.013286254999999999
0.012205695
0.012445945000000002
0.011567675999999999
0.015587299
0.012856730999999998
0.012121667
0.012362261000000001
0.013680162
0.012543404
0.013332689000000002
0.011681579
0.012857158
0.013244631
0.014819000999999998
0.012259545
0.013610998000000001
0.013759548
0.013646334
0.012593505999999999
0.013854319999999998
0.011249537999999998
0.01185631
0.013900886000000001
0.014885886
0.011422367000000001
0.011858751
0.014489855
0.0142165
0.011895937999999998
0.012110988
0.012982318999999999
0.011581690999999998
0.013113003000000002
0.011219284999999999
0.012554594
0.012406753
0.013089429999999999
0.011801184000000001
0.013063141
0.012247257000000001
0.013620882999999999
0.012389920999999998
0.012970897999999998
0.013138612000000001
0.012895601
0.013835189000000001
0.012505137
0.011993683
0.014815731
0.013023281000000001
0.011802332
0.012377203
0.013967942
0.011687777
0.011645595999999998
0.012204112
0.011308068
0.01167464
0.01271006
0.013140494999999999
0.012816627999999998
0.012537573000000002
0.013131919000000002
0.010696676
0.012236585000000001
0.013231361
0.012622081
0.010441661999999997
0.015467965
0.013081737999999999
0.010414571000000001
0.012981053000000001
0.010879255999999999
0.015589831000000002
0.011356993
0.01253919
0.011799986000000002
0.013844020000000002
0.011791063
0.011382296
0.013751417
0.011341767
0.011586461
0.013016718
0.013349803
0.014967516
0.010375812000000002
0.01341566
0.012696484999999999
0.013826551
0.013924225999999998
0.013988728
0.012082856
0.012392633
0.015182227000000001
0.012343278999999999
0.012643624
0.013730986
0.012221778
0.012228181000000001
0.014023759
0.012572364
0.012751404000000001
0.012493305
0.013898127
0.010946652000000001
0.011638455
0.013641776999999999
0.013327116
0.011847568000000001
0.013978070000000002
0.011504345
0.011789724
0.012281402999999998
0.011840100000000003
0.012656612000000001
0.012535425000000001
0.010008646999999999
0.012732736
0.014937874000000002
0.013523699
0.013835060000000001
0.013833563
0.013529119000000001
0.014676373999999999
0.012210033
0.012680936
0.010882949999999999
0.015883986
0.017228605999999997
0.010224768
0.014016581
0.013898294000000002
0.010719423
0.012360575000000002
0.012672262000000002
0.010281373
0.012192408
0.011564139000000001
0.011977092
0.010071601999999999
0.012861499
0.012214481
0.013694437
0.018032344
0.013292708
0.013567310999999999
0.01394103
0.013925677999999999
0.014398873000000001
0.011302823
0.013248471999999999
0.012947683000000001
0.014084039
0.012675809000000001
0.014484434999999999
0.014068385000000001
0.012423138999999998
0.012488086
0.014867135
0.010297530000000001
0.012990721
0.012675558
0.012302946
0.011031681
0.010169072
0.012080192999999998
0.013225975999999999
0.014157354999999998
0.011812287000000001
0.012926724999999998
0.012136701
0.010414729999999999
0.012032665000000001
0.013679440000000001
0.011138035000000001
0.013267931000000002
0.014887032000000001
0.013566668
0.012173339
0.014532462000000001
0.011832744000000001
0.010348662
0.012931294
0.012980414
0.015580967000000001
0.011330151000000002
0.013727222
0.012000777
0.013522359000000001
0.01437864
0.011121052000000001
0.011303681999999999
0.012714917000000001
0.011415311000000001
0.01167284
0.011930733
0.013046203999999999
0.011774477
0.01233228
0.013274602
0.011065799
0.013767302
0.013697625
0.010465676
0.013008655000000001
0.013514146999999999
0.012311800000000001
0.013609442
0.013642458000000001
0.012935698000000002
0.012470295
0.012120598
0.013037140999999999
0.012680233
0.012132602000000001
0.015698079
0.013736100999999999
0.012715493999999999
0.011152579
0.013777530000000001
0.013540628999999998
0.012662316
0.012047654999999997
0.012155491
0.010950669000000001
0.012577146
0.008800358000000001
0.01184319
0.010734375
0.011938777
0.013965930000000001
0.011984064000000001
0.010506502
0.012635642
0.012016770000000001
0.011723667
0.011476443999999999
0.012662694
0.010468434
0.015734475
0.011897297
0.013686964000000001
0.01292565
0.011556199999999999
0.012679027
0.016481334
0.014276131
0.012540446
0.011802056
0.013236514999999999
0.016819902000000005
0.010829849999999999
0.012352282
0.013471539
0.011937149000000001
0.011897084
0.013263633000000002
0.010441289
0.013535755000000002
0.013525140000000001
0.010433510000000002
0.013647024
0.013487167
0.011969421
0.013699085
0.015774807
0.011799254
0.013290822999999998
0.013431139
0.011275377000000001
0.014338727000000002
0.012712501
0.01338058
0.012453124000000001
0.013673547
0.015345839000000002
0.010827502
0.013063595000000002
0.012513924000000003
0.011166098000000001
0.012643066
0.010537709999999999
0.012431694
0.013341720999999999
0.014080862999999999
0.014214679000000001
0.011809674000000001
0.012224153
0.012618403999999998
0.013086934000000001
0.016309785
0.013150923
0.012838548
0.012031178
0.009631658000000001
0.016529719
0.011616790999999998
0.011802726000000001
0.014078759000000001
0.012241386000000002
0.016580598000000002
0.013555163
0.011486631
0.012494475000000001
0.013958854
0.011490252999999999
0.012263577
0.013272758
0.012741672
0.011131284
0.014861132999999999
0.011457403
0.012563518000000001
0.011393914000000002
0.009451011999999998
0.017163493000000002
0.014269751
0.011784771
0.012341866
0.014162332000000003
0.018667619999999996
0.010561048
0.013257844000000001
0.012135770000000002
0.011978237999999999
0.015579086999999998
0.011385768000000001
0.012543961999999999
0.012779302000000001
0.011517972000000001
0.015767834
0.011274032
0.011995777999999999
0.011833751000000002
0.012426302
0.017552622999999996
0.011221077999999999
0.012394853
0.013620299999999998
0.012363322
0.012535649
0.012180584
0.011847806999999998
0.01429802
0.013366181
0.016383516
0.012265986
0.012611278
0.013032831000000002
0.011615234
0.01487372
0.013508068999999998
0.013621324
0.012521693
0.011241308000000002
0.011390881999999998
0.012592488
0.012322597
0.01365255
0.009380695000000001
0.011014118
0.01786035
0.011151677
0.01413036
0.013119609
0.011077602999999998
0.012511338000000002
0.014124493000000002
0.011829514000000001
0.014025789
0.012105676
0.014258427
0.014005772
0.012387695
0.012253547
0.013435702
0.012076127999999998
0.013093884
0.012764326999999999
0.012256594
0.012888237
0.01283399
0.009992861
0.011706573
0.013385404000000002
0.009383030999999998
0.018645012
0.013427378
0.013840298000000001
0.013238287
0.014177182
0.015223106
0.012999707999999999
0.010422987000000002
0.01002541
0.011747374
0.014178239000000002
0.010982678999999999
0.014078208
0.013553742000000002
0.010123891000000001
0.015132238000000001
0.010973785
0.013295383000000001
0.013717377999999999
0.011326777
0.016801999
0.011201850999999999
0.010005053
0.012128942
0.011734056999999999
0.016513675000000002
0.009302559
0.011804301000000003
0.011573011999999999
0.012986737
0.016454888
0.013065304000000002
0.011704283
0.012325286999999999
0.014115496
0.016161538
0.012874900000000002
0.011447315999999999
0.013160871
0.014006187
0.015294619
0.009480026000000003
0.013977015
0.012222402999999998
0.014149054
0.013451579
0.012343246
0.012884184
0.012340213
0.013414033999999998
0.017280332
0.011137551999999998
0.013549966999999998
0.014119387999999998
0.011089591000000001
0.018196168999999998
0.012209092999999999
0.011303503999999999
0.011195046
0.012481784000000001
0.015287947999999999
0.012473913
0.013757622999999998
0.011777857000000001
0.012720494
0.013388298
0.011729013
0.012132676
0.012882610999999999
0.012324834
0.012088403000000001
0.013512020999999999
0.013119257
0.012239778
0.012193514
0.014993890999999999
0.011311552999999998
0.014426569
0.013307176999999998
0.011711673000000002
0.014178043000000001
0.013022532000000002
0.012954621999999999
0.013091425000000002
0.008937862
0.011662552999999999
0.012584952000000002
0.010805392999999998
0.010879617
0.011639730000000001
0.014322936999999999
0.011370906
0.012328803999999999
0.011677783
0.012970182999999998
0.012171827999999997
0.011926746
0.012623579
0.014105680999999998
0.011726015999999999
0.012699415999999998
0.013506522
0.012171461
0.012811542
0.012027355
0.009290650999999999
0.012672165999999999
0.012558449999999997
0.009845891
0.011678933
0.013444913
0.008857134
0.012395651
0.011700501
0.013229692000000001
0.011208789
0.013666830999999999
0.013515787
0.010539341
0.011536571
0.013348214
0.012343339
0.014234535
0.011107416
0.012014599
0.014244034999999999
0.011909088
0.010189528
0.012565825999999999
0.012963675000000001
0.011541100000000002
0.011791153999999998
0.013590518
0.0115279
0.013591739
0.012617880000000001
0.01161659
0.013180778
0.013723904
0.013177548000000002
0.012220592
0.013120874000000001
0.021469569
0.012125533
0.008709747
0.013965448000000002
0.012081698000000002
0.011154566
0.013036982999999999
0.012769303000000001
0.011880496
0.013482026000000001
0.013450931
0.015829448
0.012838391
0.01426103
0.01284906
0.013827162
0.013306146999999999
0.010441374
0.012693022000000002
0.017042726999999997
0.011866767
0.011403308999999999
0.01379026
0.012325783000000002
0.018813691
0.012686286
0.010141977
0.013643242000000002
0.012728493
0.017615244
0.011105688999999997
0.012419591
0.014283395
0.010022277000000001
0.012716393
0.012102666
0.012565768
0.011559202999999999
0.011595392
0.010981842
0.012430016
0.013413327999999999
0.013436663
0.011887647000000001
0.01585143
0.012237545999999998
0.011739271999999999
0.012695445
0.010042152
0.013661377000000002
0.011619213
0.012148431
0.013220224999999999
0.013144989
0.013138219999999999
0.010829279000000002
0.012742765
0.012169486
0.013693426
0.014753556
0.012088694999999998
0.014218541999999999
0.012861815
0.009060717999999999
0.013775807000000001
0.012755775
0.012076488000000002
0.011407084
0.013882228
0.014377767999999999
0.011096262
0.012035966
0.013652807
0.013309324
0.0115439
0.011010742
0.013138839
0.012938243000000002
0.013916973
0.014180447999999998
0.010921103
0.017308025
0.013654794
0.013595620999999999
0.014052901
0.01279302
0.011947662
0.010746647
0.012188233000000001
0.010417023
0.012637836
0.013237652
0.01317165
0.016295048
0.012620893
0.012729923
0.011807469999999999
0.011834393
0.012378184
0.012222739
0.013967248
0.011379530999999998
0.010271674
0.011687818999999999
0.012796433999999999
0.012310250999999998
0.013552984000000002
0.012791344999999999
0.012236378000000001
0.015849764000000002
0.011644425
0.011856117999999999
0.012002933000000002
0.014052656
0.011364384
0.011884544
0.012486001000000002
0.01195077
0.013199200000000001
0.012287278
0.012294087
0.013916923
0.012352858
0.010561569000000002
0.011220593999999999
0.009531564
0.014164983
0.013626085000000001
0.01115904
0.016145532999999997
0.011507502000000001
0.010557579000000001
0.014634929
0.012832742999999999
0.015263823
0.011326251999999998
0.013133831999999998
0.011953453999999999
0.011809665
0.015055609000000001
0.011370133000000001
0.012202192999999998
0.011530398
0.010144935999999998
0.014440969
0.012704657
0.010070387000000002
0.012991099
0.014138083
0.009962848
0.01174663
0.010558939
0.013864970999999999
0.012844084000000002
0.014540870999999999
0.009885353999999999
0.015777675999999997
0.011317893
0.010774996
0.014648188000000001
0.011291419
0.013688063
0.013051410999999999
0.01405828
0.01175857
0.011787967
0.012862864000000002
0.009430614
0.013214987
0.012713392000000002
0.013678657
0.010573684
0.013384246
0.011785377
0.014678667
0.011538057000000001
0.011169457999999998
0.010795497000000001
0.012605622
0.013689404
0.011169267
0.012077665999999999
0.010820537
0.0141299
0.012635608000000001
0.012099104
0.010716305999999998
0.008897467
0.012974692000000001
0.012696486
0.011088716
0.014239017
0.011742967
0.01103806
0.013216255
0.014889165000000001
0.011148466999999999
0.011739178
0.013195845999999999
0.011592393
0.013497537
0.011977374000000002
0.012666348999999997
0.014731275
0.009956904
0.013327568
0.012823406999999998
0.013643426
0.010214840999999999
0.012639423
0.013261856
0.012272966
0.011819739
0.013361747
0.012441282000000001
0.013452855
0.011436469
0.012986892
0.01277046
0.013291936
0.011293862
0.010889129
0.012127974000000001
0.011611338
0.012220175000000002
0.012433278999999998
0.011437592999999998
0.013420026
0.012663494999999999
0.014506666000000001
0.014625401
0.011737292
0.011028677
0.013448188000000002
0.013503902
0.011552892999999998
0.011326875
0.013132022
0.012683673000000001
0.012634798000000001
0.01467738
0.013505435
0.012849015
0.013608247
0.013044255
0.010798829000000001
0.012233185
0.014173442000000001
0.01040691
0.011437824000000001
0.012869191999999998
0.010617508
0.011152454000000001
0.012126517
0.012987083
0.010867749999999999
0.013171244999999998
0.011863542999999999
0.013229082
0.016350378
0.011205932
0.013825102
0.013896103
0.013871707
0.009903987
0.012827117999999998
0.012611154
0.011830094000000001
0.013041938000000001
0.009914351999999998
0.011312254
0.012105142000000001
0.013558252000000002
0.012262028
0.012491803999999999
0.013296751
0.013744636999999999
0.013225194000000001
0.013231849
0.014673635
0.010644999
0.01180064
0.011986360000000001
0.012504251
0.010711265
0.012413384
0.013950333
0.011986824000000002
0.011067067
0.013322596000000003
0.012365314999999998
0.011974407000000003
0.013420208999999999
0.010313121
0.012208634000000001
0.015289437999999999
0.010920276
0.012804439
0.014503412
0.010753262
0.010320664
0.012046821999999999
0.013722348999999998
0.014723210000000002
0.010341441
0.011827896000000001
0.018393002999999998
0.010187674
0.011459333
0.014974004999999999
0.012858511999999999
0.012429635
0.013792330000000002
0.012621496999999999
0.013315139
0.012780091
0.010639436
0.010864888
0.01364311
0.011747284
0.011077384000000001
0.014875972
0.013726768
0.010257891
0.012686302000000002
0.012062706999999997
0.015364047
0.01298516
0.013720672
0.013628116000000001
0.010925265
0.014356281
0.013897706
0.010089497000000001
0.013228819999999999
0.014487228999999997
0.015191968000000004
0.012962445
0.013921405
0.010128088
0.011204544000000002
0.012614586
0.011101853
0.012739256999999999
0.011916131
0.010980848
0.012565991
0.013936152
0.013178688
0.011636866
0.012016029999999999
0.011161095000000001
0.013894123999999999
0.013186008
0.012302829
0.014005328000000001
0.012520042
0.011101068000000002
0.011814857
0.012056364
0.013083681
0.013227593000000001
0.014422791
0.013517851
0.012955409
0.012143612
0.013428645000000001
0.014429211999999999
0.013267772999999998
0.012639998999999999
0.011636244
0.0120508
0.013082451
0.010603841999999999
0.012530867000000003
0.011864134999999998
0.013775592
0.014780925
0.012442802
0.012542993
0.013080433999999998
0.013722022000000002
0.01449736
0.012441324
0.01261326
0.009206578
0.012242255
0.013245213
0.010399357000000001
0.012143505
0.010252128
0.011426729
0.011258276
0.012415106
0.013465983
0.013550247000000001
0.0106596
0.013317234999999998
0.010858103
0.012073302000000001
0.012942841
0.013967163000000001
0.010896424
0.064099279
0.012335265
0.011146759
0.032801107
0.044553084
0.012200714
0.011935371
0.07388725000000002
0.013700480999999999
0.013659504999999999
0.068476177
0.012684091
0.009623233
0.070146724
0.011522162999999998
0.009907278
0.07554829600000003
0.010770685
0.011336373
0.06915854
0.011301492
0.011395195
0.07388738299999999
0.013788265000000001
0.011264363
0.07131792300000002
0.012081630000000001
0.010493996
0.074566271
0.010417872
0.012783498
0.07232942499999999
0.013821291
0.018634844000000005
0.058409185
0.013309088000000002
0.014183344000000002
0.06326586000000001
0.012277643999999999
0.013336628000000001
0.07139625899999999
0.011032282000000001
0.013011746000000001
0.068825184
0.011298657
0.012438625999999998
0.02876144
0.043502162999999996
0.011168266999999999
0.013068748
0.06554940499999999
0.014250473999999999
0.011410656000000002
0.066617392
0.012851618
0.013162505
0.07074810499999999
0.011476633000000002
0.011510270000000001
0.068743203
0.011391626
0.009965047
0.06779591400000001
0.011605327
0.010911031
0.037912371
0.034416370999999994
0.013179601
0.009789256000000001
0.07155916999999998
0.010442774
0.013284978000000001
0.07228639399999999
0.010903501000000001
0.011843652
0.073981972
0.012582553000000002
0.010071343
0.069657567
0.015276481
0.031354223
0.040261961000000006
0.010567666
0.012814856000000001
0.073933705
0.013193765
0.011900994
0.066843436
0.014112943
0.013042225000000001
0.07048022
0.012791367000000001
0.013211353999999998
0.065220452
0.012681625
0.013699843000000001
0.071114493
0.009778468000000002
0.012170609000000002
0.012278273000000001
0.06550519
0.011568620000000002
0.012607828
0.064378532
0.01171355
0.011336186
0.034154104000000005
0.04181219399999999
0.011143168
0.011897447000000002
0.064066573
0.012312392
0.013026292000000002
0.025321459
0.049926968
0.014418888999999999
0.011766384999999999
0.032857365
0.043255941
0.012780691
0.01181982
0.065884761
0.011445761
0.012549513000000002
0.067079789
0.011182954
0.011611372
0.071838826
0.011543590000000001
0.01228891
0.069451344
0.010443521
0.011619787
0.037056284
0.035312451999999994
0.012548104999999999
0.013343184000000001
0.06764519399999999
0.014570549999999998
0.013487154
0.07046459599999998
0.010865332
0.01272825
0.011882420999999999
0.013647867
0.012121787
0.012197703
0.014098797
0.013662918000000001
0.016403437
0.013818295
0.013319063
0.010865133999999999
0.011000841
0.011841607
0.012367800000000002
0.014278009
0.012112619
0.011261787
0.012423564
0.013570927
0.018015750999999997
0.013599177
0.014397077000000003
0.011807185999999999
0.011608913
0.011597966999999999
0.011842464
0.014706285000000001
0.012246898
0.013395252
0.013275693
0.011742954
0.012804322000000002
0.010605533
0.011336247
0.011902187
0.010749522000000001
0.011478194
0.011090078
0.013354514
0.013797872000000001
0.009567777999999999
0.012382909000000001
0.013422806
0.014247796
0.013170483
0.011977727999999998
0.012714001
0.01425962
0.011644045
0.012971264
0.010503558999999999
0.014671047000000001
0.011771134
0.012297113000000002
0.013745511
0.012670316
0.012044489
0.013885044
0.011962907999999998
0.011562287000000001
0.013935811999999999
0.012743634
0.016180605
0.013582608
0.011202227
0.011990822
0.013071785
0.013643046
0.012671443
0.014659272000000001
0.011839770999999999
0.011148323
0.011236877000000001
0.013506984
0.012046956000000001
0.015529586999999997
0.012091962
0.012145391
0.013219984
0.012995580000000001
0.013832094999999999
0.012904422
0.013579869999999999
0.013472709000000001
0.012878753000000001
0.010729607999999998
0.012191957
0.013534112000000001
0.012507760000000001
0.020212898
0.012697658
0.011667821
0.012113307
0.013100839999999999
0.013188324
0.013939639
0.012755912999999999
0.012609470000000001
0.014476843
0.013344710000000001
0.011324071999999998
0.011222946000000003
0.012711102
0.010448873000000001
0.012135977000000001
0.013329844
0.00979916
0.013726568
0.014215637
0.01494809
0.013010595000000002
0.012969075
0.010880253
0.011871351
0.012861059999999999
0.012082197
0.017295343000000005
0.011836564
0.011607297
0.010792246
0.014275376999999999
0.011042455999999999
0.012118505
0.017758408999999996
0.010138507
0.011428943
0.011753223
0.012203281
0.010646157000000002
0.014019058999999999
0.01406276
0.013548881
0.012089772
0.023462732999999996
0.012327473999999998
0.012145315
0.013722538000000001
0.011208524000000001
0.012369825999999999
0.012475496
0.010104995
0.012066941
0.018351134
0.012593489
0.011689169000000001
0.010591056
0.012259152
0.010410214999999999
0.012403974000000002
0.01266739
0.019380674
0.013422123999999999
0.010506332
0.011833827
0.013116518000000002
0.013515016000000001
0.011425201999999999
0.016270845000000003
0.010590452
0.011998868
0.01375254
0.012422349
0.012861406
0.011385348999999998
0.017275352
0.012902442
0.011027649
0.011318369
0.011521407
0.012403047000000002
0.010915709
0.013785038000000001
0.013028617
0.012796316
0.011734825
0.013086853
0.012973064
0.011346199
0.013242334999999997
0.011780193999999999
0.012038579999999998
0.012012104
0.01277236
0.013181763999999999
0.010486469000000002
0.013171686000000002
0.012286373000000001
0.011752208
0.010853299
0.01269496
0.010233983
0.011345369999999999
0.013254262
0.010669878999999998
0.012636246
0.010761792000000001
0.009965626
0.012348708000000002
0.013218421999999999
0.012843282
0.013745216
0.01134965
0.010339235
0.011814992
0.010732234
0.010380193
0.01164973
0.012890544999999998
0.009624980000000002
0.011373261
0.013018734
0.009400687000000001
0.013847112
0.010936263000000002
0.012349091999999999
0.011696649000000002
0.012923898999999999
0.012494043
0.013888282000000002
0.013685937999999998
0.00986208
0.013652861999999998
0.014189193
0.011211625999999999
0.012659411
0.011178171
0.011892646
0.013183887
0.014324565999999999
0.012301458000000001
0.013963335
0.013534069
0.011065473000000001
0.012002424
0.011057526
0.010523724000000002
0.012540133
0.012247138000000001
0.011067917
0.012276241000000002
0.013576711
0.009146564000000003
0.018342076000000002
0.012280604
0.012212655999999999
0.013052507999999999
0.01273024
0.012878351000000001
0.01580798
0.012822143000000001
0.012707616
0.01305487
0.012899145
0.010870665
0.011867408999999999
0.012540596
0.009858322000000001
0.011995906999999998
0.014614632
0.011617520000000001
0.012229711
0.013524131
0.013578328
0.011235328
0.012567288999999999
0.013057176
0.012570609000000002
0.010600107999999999
0.012086283
0.012463511999999998
0.010001811000000001
0.012674867999999999
0.011675566
0.011768772999999998
0.012583790000000001
0.014013567
0.012938818
0.011514897
0.01016604
0.011875457999999998
0.012677496
0.012390776000000001
0.013210336
0.018868520999999996
0.011304373
0.012412158999999999
0.014413107
0.013648545
0.011440641
0.015910418
0.012244360000000001
0.011944577
0.011433647
0.012874084999999999
0.012643169999999999
0.012890315
0.014251993000000001
0.012231730000000001
0.010432068000000001
0.011892794
0.013381401
0.012257314999999998
0.010975602
0.013986100000000001
0.013061946999999999
0.011062167
0.012223869
0.011882365
0.010878912000000001
0.011712632999999998
0.016913255
0.011577982
0.011904347999999999
0.012482475000000002
0.012252066999999998
0.014224775000000002
0.013803028
0.010200944
0.013797137999999999
0.012071796000000001
0.00995798
0.011709227
0.014399061000000001
0.012364624
0.012718665
0.013828627
0.013547186000000001
0.013089224
0.011428900999999998
0.012705582
0.011008513999999999
0.014364980000000001
0.014848853999999998
0.013423830999999999
0.01174116
0.011953209000000003
0.013518434
0.014486775
0.009726919
0.012364033
0.013923451999999998
0.013116438999999999
0.015806570000000002
0.013535839
0.010423961
0.010942348000000003
0.011949535
0.011605367000000002
0.012995448
0.014173583
0.011174713
0.010474883
0.011851899
0.010825596
0.013220018
0.012563742999999999
0.011290118
0.012863076000000001
0.012224133
0.01162031
0.013740325999999999
0.014366577000000002
0.012762577999999998
0.01290965
0.012325530999999999
0.011859642
0.010850204
0.014818906
0.012238222
0.010180824000000002
0.011260555
0.010852510000000001
0.011343849
0.012407901
0.011371720999999998
0.011717630000000001
0.011253662999999997
0.013559933000000001
0.012047910000000002
0.012668005999999999
0.012326289
0.013319659
0.013433458999999998
0.012282961
0.011654602
0.011918106999999999
0.013759807
0.011228537
0.011312123000000002
0.013523755000000002
0.011512693
0.013708230999999998
0.010998848
0.016478754
0.013306396
0.013370046
0.011928863000000001
0.010178488000000001
0.012992373
0.010849718000000001
0.013280771
0.013118129
0.01220208
0.012251129
0.01338515
0.011303366000000002
0.012590628000000001
0.013558637000000002
0.012367974
0.010258801
0.011201948
0.012478081000000002
0.009663193
0.016055768
0.012285621999999998
0.012756386
0.012655116000000001
0.01097215
0.014115560999999999
0.012564287
0.013516624
0.010431704
0.011723944000000002
0.015114937
0.01086297
0.013631339000000001
0.012724896999999999
0.01139817
0.014522892999999999
0.011716402999999998
0.010498925000000003
0.013607917
0.012559190999999999
0.011500564999999999
0.013339710999999999
0.010229423999999999
0.011745101
0.011624959
0.017291473
0.012941534000000001
0.013030894
0.012356304000000002
0.010078575999999997
0.014036207
0.011424944000000001
0.010637667
0.011288862000000002
0.01266483
0.015890388000000002
0.012502160000000002
0.01178313
0.012713232
0.012213372
0.017529145000000003
0.010776188
0.011445104
0.010493136
0.010903661
0.013877669999999998
0.010743584999999998
0.012870162999999999
0.012662782000000001
0.013700624000000002
0.013810669000000001
0.01414001
0.010455014000000002
0.012921069999999998
0.012374830000000002
0.015682694
0.014028473000000001
0.012925236
0.012547181000000001
0.010491534
0.012674084
0.012900464000000002
0.013420071000000002
0.012991961
0.012983113
0.014423677000000001
0.014033574
0.011296968
0.013582092000000002
0.012978827999999998
0.011285452999999999
0.010133186000000002
0.013616421
0.012437998
0.014501117
0.013376519
0.012044235999999998
0.013937914000000001
0.011857029
0.011552152000000001
0.012683156999999999
0.01310111
0.010655807000000002
0.010307962
0.013355145
0.012266527000000001
0.010789429
0.013993359
0.008921434
0.010792815999999998
0.011629618
0.010149090999999999
0.012031747
0.012273689
0.012975912
0.010901892
0.012665464999999999
0.012401153000000002
0.011683669000000002
0.012978684
0.012922689
0.015876437
0.010898762
0.012007025000000001
0.012893008
0.012055892
0.010560238999999999
0.013154168
0.012164500000000002
0.012233125000000001
0.014182064
0.013148329
0.012070305
0.010960576000000001
0.012277277
0.012205501999999998
0.010654779
0.01216178
0.012320584
0.010566962999999999
0.011146324
0.012568615
0.011987558
0.012722323
0.01161362
0.013890274999999999
0.012752289
0.011855904
0.013449307
0.010782333000000002
0.012644775
0.010656018
0.011583119
0.013662166
0.012496446000000001
0.013239915000000001
0.012436581
0.013377608000000001
0.013130791
0.010961109
0.012538971999999999
0.013718451999999999
0.010462076
0.012103692
0.012531002
0.015955165
0.015851359000000002
0.011113589
0.011263733000000001
0.011030423999999999
0.01300506
0.015229315999999998
0.012231932
0.013102301
0.011543291
0.011835512
0.012274381999999999
0.011356549000000002
0.011873902
0.011318611000000003
0.011809022
0.012069425
0.011894795
0.013280531000000002
0.013254751
0.015271284999999999
0.015712791
0.010648297
0.012526741000000001
0.012811897
0.011944327000000001
0.017519456999999995
0.011952668999999999
0.012532802000000003
0.012553993
0.010743326
0.013736393999999999
0.013129843000000002
0.012208663
0.010976245999999999
0.012003055000000002
0.016429764000000003
0.011741938
0.013084336
0.012419122999999999
0.012049468999999998
0.013584959
0.012203182
0.010742985
0.013283645
0.01088728
0.010509475
0.013629145
0.013310247
0.012841498
0.017585488000000003
0.01655727
0.013988259
0.012644085000000001
0.012096252
0.013348625
0.013381027
0.012485991
0.011094857999999999
0.01161061
0.01202792
0.011903169
0.014386149
0.012405358
0.011989296
0.011368124999999998
0.014042889999999999
0.012602343
0.013224475999999999
0.013235702
0.012157698
0.012270280000000001
0.013480325999999997
0.012044459
0.013469833
0.01226739
0.011490258
0.0137698
0.014098183
0.012914143000000001
0.000342953
8.1023e-05
