0.000011093
0.000327106
0.000417450
0.000404959
0.000363939
0.000439309
0.000646740
0.000581324
0.000370517
0.000438422
0.001357526
0.000889838
0.000695854
0.000459462
0.000458479
0.001229286
0.000415683
0.000533402
0.004104853
0.002755582
0.002219439
0.000523984
0.000554025
0.000516772
0.000456870
0.000942111
0.000441909
0.000954509
0.000508904
0.001472950
0.001819968
0.004190683
0.000588775
0.000886559
0.000907898
0.000500917
0.001347661
0.000580311
0.001034737
0.000894070
0.000463963
0.000871181
0.000742555
0.001009583
0.000390053
0.002581120
0.001088262
0.000442505
0.000784397
0.000543356
0.000479698
0.000543833
0.000825882
0.000597000
0.000813246
0.000953436
0.000599861
0.002332687
0.000533342
0.000931501
0.000776052
0.000598669
0.004532576
0.000479221
0.000622272
0.000581503
0.000783205
0.000869989
0.000436306
0.000529766
0.000467062
0.000430584
0.001008272
0.000708818
0.000875950
0.000631332
0.000951529
0.000542641
0.000870943
0.000500917
0.001058817
0.000519514
0.000473022
0.000812531
0.000732183
0.003560066
0.001018763
0.000557899
0.000617981
0.000465631
0.000380278
0.000584364
0.000495672
0.000960827
0.000527859
0.000616312
0.000665426
0.000416517
0.000849247
0.000757933
0.000495911
0.002857447
0.001440287
0.000575304
0.000444412
0.000675678
0.000549793
0.004305363
0.000442982
0.000473976
0.000631809
0.000726700
0.000548363
0.000839233
0.000711441
0.000610352
0.001149178
0.003256798
0.000551701
0.001369476
0.000723839
0.002374172
0.000480652
0.000991344
0.002033710
0.004849911
0.000738621
0.000452518
0.000428677
0.002536297
0.000809669
0.000483513
0.000424862
0.000574112
0.000377655
0.003605366
0.000894070
0.000894070
0.000974655
0.000495911
0.004941463
0.000453472
0.000849247
0.000368595
0.000428677
0.000504971
0.000555038
0.003145695
0.000381947
0.000870228
0.002270699
0.001297474
0.000519276
0.004781723
0.000699043
0.000538349
0.000447273
0.002925396
0.000457764
0.003432751
0.000433445
0.003819942
0.001453876
0.001367569
0.000470638
0.000510216
0.000594139
0.000674725
0.000538349
0.000982761
0.000921249
0.000449181
0.001391411
0.000541687
0.000955582
0.002099514
0.000569344
0.000899315
0.000493526
0.000426769
0.000416756
0.000484943
0.000661850
0.000506401
0.003027439
0.000655174
0.000552177
0.000457764
0.000592709
0.000887871
0.003923416
0.000758171
0.001690865
0.002468109
0.000592232
0.004899025
0.000989914
0.000885963
0.000519753
0.000948906
0.002717018
0.000547409
0.004221916
0.003348351
0.000867844
0.000371933
0.000537872
0.000550270
0.000647545
0.000819206
0.000545502
0.000475883
0.003764153
0.000919342
0.000513077
0.001328468
0.003632545
0.001400948
0.000684738
0.000953674
0.002502441
0.000883102
0.000945091
0.000417709
0.004857063
0.001962662
0.004506111
0.000471115
0.000407219
0.004877090
0.000439644
0.000901222
0.000479698
0.003742218
0.000859261
0.000488281
0.000416756
0.000449181
0.004736900
0.003005981
0.000496864
0.002008438
0.000466347
0.000769615
0.004823685
0.000625610
0.000461578
0.000895500
0.000553131
0.000866890
0.000846863
0.000988960
0.000522614
0.000506401
0.000700951
0.000444412
0.000457764
0.000450134
0.000857353
0.000419617
0.003664970
0.004775047
0.000720024
0.000560760
0.000633240
0.000574112
0.000621796
0.000905037
0.002532005
0.000528336
0.003141403
0.000842094
0.002408028
0.004998207
0.004883766
0.004918098
0.000535965
0.000558853
0.000932693
0.000938416
0.001969337
0.000583649
0.000826836
0.000483513
0.000536919
0.001848221
0.000476837
0.000489235
0.000923157
0.004942894
0.000696182
0.000603676
0.000787735
0.000530243
0.000556946
0.001376152
0.001033783
0.000541687
0.000498772
0.000576973
0.003774643
0.001345634
0.005385399
0.000851631
0.004086494
0.000453949
0.000476837
0.000555038
0.000571251
0.000432014
0.000877380
0.000968933
0.001152039
0.000776291
0.000688553
0.000622749
0.000514030
0.000464439
0.000617027
0.000528336
0.000659943
0.000596046
0.000996590
0.001069069
0.002636909
0.001744270
0.005044937
0.000425339
0.000612259
0.000597954
0.000423431
0.000541687
0.000392914
0.000569344
0.000543594
0.000425339
0.000951767
0.000398636
0.000879288
0.000631332
0.000898361
0.000543594
0.000504494
0.000847816
0.000398636
0.004365921
0.002837181
0.000489235
0.000508308
0.000424385
0.004508972
0.000576019
0.000896454
0.001904488
0.000459671
0.003824234
0.000453949
0.000427246
0.001028061
0.000383377
0.000538826
0.000472069
0.004435539
0.003413200
0.002297401
0.000898361
0.000441551
0.000793457
0.000601768
0.001013756
0.000876427
0.000448227
0.000416756
0.000882149
0.001492500
0.001044273
0.001520157
0.000751495
0.000888824
0.000770569
0.001453400
0.000642776
0.000893593
0.003364563
0.001742363
0.000873566
0.001194000
0.000944138
0.000747681
0.004478455
0.000448227
0.000520706
0.000909805
0.000484467
0.000566483
0.000886917
0.000921249
0.000415802
0.000873566
0.000530243
0.000711441
0.000421524
0.000894547
0.000545502
0.002498627
0.003173828
0.005065918
0.000764847
0.000802994
0.000391006
0.000776291
0.004974365
0.000514984
0.002267838
0.000736237
0.004417419
0.000913620
0.000394821
0.000583649
0.000490189
0.000780106
0.000522614
0.005088806
0.000568390
0.000526428
0.004480362
0.004152298
0.000598907
0.000858307
0.002790451
0.003540039
0.000545502
0.000507355
0.000864029
0.000497818
0.000816345
0.003604889
0.000965118
0.000740051
0.002447128
0.000967026
0.003097534
0.002576828
0.004064560
0.000854492
0.000497818
0.000829697
0.000909805
0.004556656
0.001277924
0.000829697
0.000469208
0.002260208
0.003229141
0.002054214
0.000717163
0.000516891
0.005046844
0.000511169
0.000955582
0.003665924
0.004045486
0.000549316
0.000856400
0.000936508
0.000476837
0.000444412
0.000516891
0.000524521
0.002237320
0.000597000
0.000511169
0.003883362
0.000417709
0.001342773
0.002332687
0.000474930
0.002538681
0.000469208
0.000827789
0.000541687
0.000936508
0.004297256
0.000637054
0.000448227
0.000457764
0.000867844
0.001300812
0.000480652
0.000717163
0.003908157
0.002603531
0.000402451
0.000635147
0.000438690
0.001136780
0.000776291
0.000406265
0.000612259
0.000888824
0.001401901
0.000625610
0.000476837
0.000427246
0.004152298
0.000490189
0.000522614
0.000549316
0.002040863
0.001722336
0.000749588
0.000375748
0.003656387
0.004127502
0.003282547
0.000862122
0.000587463
0.000392914
0.004173279
0.003131866
0.000797272
0.001333237
0.000471115
0.000883102
0.000532150
0.000728607
0.000854492
0.000797272
0.000566483
0.000900269
0.000888824
0.000843048
0.000904083
0.003253937
0.002536774
0.000461578
0.000522614
0.000600815
0.000398636
0.000543594
0.003358841
0.000946045
0.001701355
0.000518799
0.002241135
0.000505447
0.000564575
0.000425339
0.000509262
0.001583099
0.003299713
0.000461578
0.000400543
0.000408173
0.000661850
0.000440598
0.000402451
0.000616074
0.000759125
0.000488281
0.000843048
0.001796722
0.002264023
0.000551224
0.000471115
0.000591278
0.000602722
0.001045227
0.000482559
0.000503540
0.000555038
0.000507355
0.000457764
0.002681732
0.000444412
0.000944138
0.002811432
0.004386902
0.000478745
0.000692368
0.000925064
0.000459671
0.003231049
0.000745773
0.000770569
0.000892639
0.000436783
0.000524521
0.001333237
0.000833511
0.000530243
0.001922607
0.002264023
0.000934601
0.000576019
0.004890442
0.003984451
0.000581741
0.000804901
0.000429153
0.000610352
0.001201630
0.000604630
0.000722885
0.000598907
0.001199722
0.000391006
0.004014969
0.000934601
0.004064560
0.004726410
0.000471115
0.000432968
0.000421524
0.000438690
0.000864029
0.000518799
0.002738953
0.000997543
0.000545502
0.002033234
0.004777908
0.000471115
0.004713058
0.000495911
0.002185822
0.000524521
0.000471115
0.001457214
0.000410080
0.001760483
0.000846863
0.000423431
0.000431061
0.000707626
0.000509262
0.000970840
0.000499725
0.000898361
0.000415802
0.000759125
0.000877380
0.000612259
0.001710892
0.000709534
0.001008987
0.000968933
0.000543594
0.001981735
0.002801895
0.000749588
0.003259659
0.000514984
0.000549316
0.000865936
0.000429153
0.000883102
0.000509262
0.000885010
0.003080368
0.000808716
0.000486374
0.000534058
0.000474930
0.000932693
0.000814438
0.000568390
0.000862122
0.000814438
0.000612259
0.000545502
0.000406265
0.000371933
0.000524521
0.000478745
0.005517960
0.004804611
0.000547409
0.004261017
0.000518799
0.000839233
0.000917435
0.001192093
0.000928879
0.000478745
0.000431061
0.001190186
0.002468109
0.000524521
0.002315521
0.000753403
0.000505447
0.001472473
0.000440598
0.000526428
0.000841141
0.000982285
0.000896454
0.000459671
0.002588272
0.000753403
0.003316879
0.000486374
0.000581741
0.004987717
0.000555038
0.003395081
0.001356125
0.000814438
0.002985001
0.000679016
0.000514984
0.000465393
0.000535965
0.002347946
0.000513077
0.000892639
0.000474930
0.001369476
0.000514984
0.000732422
0.000741959
0.000423431
0.000469208
0.000511169
0.004749298
0.000547409
0.000507355
0.000465393
0.000534058
0.001338959
0.000457764
0.000852585
0.000997543
0.001129150
0.002534866
0.005390167
0.000658035
0.000591278
0.000875473
0.000543594
0.000545502
0.000837326
0.000648499
0.000822067
0.000970840
0.000883102
0.001245499
0.000562668
0.002090454
0.000474930
0.000818253
0.000974655
0.000522614
0.004184723
0.000495911
0.001491547
0.000432968
0.000480652
0.002666473
0.000539780
0.004419327
0.000579834
0.000690460
0.000518799
0.000862122
0.000968933
0.002182007
0.000381470
0.003589630
0.004047394
0.002601624
0.000640869
0.000846863
0.001594543
0.002407074
0.001422882
0.001403809
0.000968933
0.001331329
0.000843048
0.000473022
0.004138947
0.001331329
0.000480652
0.004177094
0.003959656
0.000957489
0.004703522
0.000549316
0.001983643
0.004535675
0.003158569
0.000484467
0.000961304
0.000831604
0.001003265
0.000534058
0.000545502
0.000980377
0.000782013
0.000709534
0.000442505
0.005142212
0.002197266
0.000438690
0.000938416
0.001220703
0.004543304
0.000576019
0.004573822
0.000495911
0.000576019
0.000522614
0.001861572
0.000770569
0.003150940
0.000930786
0.000648499
0.000858307
0.001842499
0.000522614
0.000411987
0.000499725
0.003726959
0.000522614
0.000389099
0.000564575
0.000442505
0.001308441
0.000553131
0.000545502
0.000488281
0.000522614
0.000923157
0.000507355
0.004730225
0.000492096
0.000957489
0.002113342
0.003570557
0.000446320
0.000671387
0.003372192
0.001262665
0.001335144
0.000919342
0.000988007
0.001842499
0.000457764
0.000846863
0.000663757
0.000549316
0.003303528
0.002868652
0.003456116
0.000877380
0.000751495
0.004428864
0.000614166
0.000465393
0.000930786
0.003700256
0.000499725
0.000473022
0.000774384
0.000503540
0.000858307
0.000793457
0.000492096
0.000812531
0.000507355
0.000568390
0.001770020
0.000411987
0.001525879
0.000549316
0.000503540
0.001129150
0.000526428
0.000438690
0.002010345
0.000629425
0.000446320
0.000419617
0.002269745
0.000743866
0.000934601
0.000949860
0.000942230
0.000568390
0.000396729
0.001525879
0.003345490
0.003505707
0.002998352
0.000446320
0.000461578
0.000823975
0.000560760
0.000968933
0.000488281
0.000476837
0.002296448
0.000911713
0.000434875
0.000667572
0.004020691
0.000854492
0.000659943
0.000461578
0.000579834
0.004119873
0.003330231
0.000755310
0.000671387
0.000473022
0.000549316
0.000865936
0.000602722
0.000526428
0.000408173
0.003276825
0.004638672
0.004055023
0.003204346
0.000453949
0.001811981
0.000968933
0.002273560
0.000911713
0.004333496
0.000717163
0.000904083
0.001094818
0.003181458
0.001434326
0.001876831
0.003826141
0.002132416
0.000904083
0.000423431
0.003341675
0.004169464
0.000541687
0.000995636
0.004875183
0.000915527
0.000961304
0.000434875
0.000434875
0.000888824
0.000873566
0.000427246
0.001365662
0.004302979
0.000610352
0.003070831
0.000530243
0.000862122
0.000530243
0.000492096
0.000865936
0.000465393
0.000556946
0.001033783
0.000560760
0.000785828
0.000530243
0.000953674
0.004138947
0.000762939
0.000808716
0.001174927
0.004905701
0.004997253
0.000492096
0.000854492
0.000759125
0.000492096
0.000949860
0.000827789
0.000415802
0.000907898
0.000488281
0.000438690
0.000827789
0.004688263
0.000427246
0.000347137
0.000514984
0.002662659
0.000900269
0.000644684
0.003463745
0.002231598
0.002178192
0.000518799
0.004058838
0.000972748
0.000522614
0.000526428
0.000888824
0.000953674
0.000576019
0.000461578
0.000701904
0.000438690
0.000633240
0.000423431
0.002937317
0.004837036
0.000457764
0.003566742
0.000446320
0.002483368
0.000370026
0.000820160
0.000946045
0.004295349
0.003032684
0.004772186
0.000732422
0.000579834
0.000473022
0.004344940
0.000717163
0.000797272
0.000579834
0.000610352
0.003269196
0.000453949
0.000427246
0.001445770
0.000724792
0.000942230
0.002250671
0.000396729
0.005306244
0.001399994
0.000854492
0.000530243
0.000495911
0.001388550
0.000530243
0.003273010
0.001350403
0.000473022
0.000858307
0.000480652
0.000537872
0.000541687
0.000877380
0.000484467
0.004028320
0.001167297
0.000953674
0.000514984
0.000396729
0.000492096
0.000335693
0.000946045
0.000461578
0.000465393
0.002029419
0.004795074
0.004047394
0.002449036
0.000907898
0.000869751
0.000442505
0.003326416
0.001003265
0.000400543
0.000717163
0.000514984
0.000663757
0.000717163
0.004867554
0.000507355
0.000934601
0.004627228
0.004623413
0.004787445
0.000549316
0.003677368
0.003898621
0.000896454
0.000431061
0.000885010
0.000484467
0.000843048
0.000453949
0.000888824
0.000473022
0.004558563
0.000919342
0.001804352
0.004383087
0.000350952
0.004100800
0.000995636
0.000602722
0.000431061
0.000953674
0.002254486
0.000610352
0.000858307
0.000679016
0.000881195
0.000949860
0.000507355
0.000797272
0.004676819
0.003078461
0.000888824
0.000911713
0.000831604
0.000896454
0.004756927
0.002388000
0.000453949
0.000484467
0.000461578
0.004432678
0.000904083
0.000598907
0.000835419
0.004722595
0.000988007
0.003505707
0.002929688
0.000495911
0.000427246
0.000923157
0.000923157
0.000637054
0.000610352
0.000782013
0.000564575
0.000911713
0.000942230
0.000526428
0.001907349
0.000469208
0.002338409
0.004234314
0.000526428
0.000534058
0.000846863
0.000465393
0.003437042
0.001232147
0.000518799
0.000576019
0.000469208
0.000568390
0.000419617
0.000511169
0.000396729
0.000495911
0.003608704
0.000900269
0.000816345
0.000617981
0.000968933
0.002872467
0.000396729
0.002296448
0.003280640
0.000572205
0.004829407
0.004547119
0.000518799
0.000782013
0.000556946
0.000766754
0.000442505
0.000751495
0.000656128
0.000545502
0.001342773
0.003520966
0.000732422
0.000698090
0.000499725
0.001258850
0.000381470
0.003170013
0.000877380
0.000961304
0.000480652
0.000591278
0.000667572
0.004245758
0.000438690
0.000389099
0.001197815
0.003524780
0.000484467
0.000446320
0.000488281
0.002956390
0.000797272
0.000667572
0.000545502
0.000480652
0.000442505
0.000461578
0.000503540
0.002853394
0.001899719
0.000530243
0.000549316
0.002445221
0.004341125
0.004226685
0.003780365
0.000595093
0.000656128
0.000473022
0.000545502
0.002117157
0.001712799
0.000419617
0.000495911
0.000469208
0.000564575
0.000762939
0.000682831
0.004127502
0.002662659
0.006645203
0.003562927
0.000751495
0.001995087
0.001049042
0.000854492
0.002357483
0.000751495
0.001499176
0.000373840
0.000503540
0.000698090
0.000507355
0.004684448
0.002971649
0.002822876
0.000530243
0.000480652
0.000476837
0.001567841
0.000865936
0.004207611
0.003684998
0.000881195
0.000560760
0.002964020
0.003261566
0.000724792
0.000518799
0.000854492
0.000438690
0.000919342
0.002433777
0.001373291
0.001632690
0.004451752
0.000907898
0.000473022
0.000537872
0.000675201
0.000484467
0.000469208
0.000453949
0.000446320
0.004390717
0.001369476
0.003669739
0.000511169
0.000667572
0.004837036
0.000564575
0.000537872
0.005477905
0.002738953
0.000534058
0.002540588
0.000808716
0.003070831
0.004371643
0.000408173
0.000442505
0.000366211
0.000423431
0.000965118
0.000854492
0.000480652
0.000419617
0.000431061
0.000518799
0.000392914
0.000484467
0.003238678
0.003051758
0.000885010
0.000972748
0.000423431
0.002983093
0.000495911
0.001495361
0.000717163
0.003795624
0.000461578
0.000610352
0.000766754
0.003860474
0.003364563
0.002223969
0.000972748
0.002132416
0.000873566
0.000720978
0.000507355
0.003356934
0.000911713
0.000576019
0.001636505
0.001823425
0.000537872
0.000434875
0.004714966
0.000499725
0.004257202
0.000514984
0.000530243
0.002071381
0.003486633
0.000911713
0.000480652
0.002235413
0.000900269
0.000713348
0.000392914
0.000610352
0.000900269
0.000762939
0.000476837
0.004734039
0.000911713
0.002140045
0.000823975
0.002590179
0.000492096
0.000549316
0.000507355
0.002239227
0.000980377
0.000492096
0.000759125
0.005020142
0.000961304
0.002193451
0.000896454
0.000522614
0.000892639
0.004505157
0.003528595
0.000617981
0.003868103
0.000877380
0.002998352
0.001495361
0.005474091
0.000541687
0.002353668
0.000385284
0.000419617
0.000919342
0.001510620
0.004871368
0.000785828
0.000911713
0.000572205
0.000984192
0.000499725
0.000431061
0.001018524
0.000835419
0.000736237
0.001548767
0.000919342
0.003814697
0.000873566
0.002746582
0.000888824
0.004341125
0.000484467
0.000480652
0.002376556
0.000503540
0.000591278
0.000877380
0.000564575
0.000545502
0.000457764
0.000499725
0.000827789
0.000823975
0.000457764
0.000785828
0.001594543
0.000850677
0.001483917
0.000991821
0.001094818
0.000637054
0.000885010
0.002334595
0.000419617
0.004169464
0.000885010
0.000885010
0.000797272
0.001121521
0.000411987
0.000453949
0.002162933
0.004539490
0.001888275
0.000595093
0.000495911
0.000469208
0.002357483
0.000492096
0.002410889
0.000617981
0.004318237
0.000946045
0.000453949
0.000812531
0.003353119
0.000480652
0.000885010
0.003139496
0.003067017
0.000812531
0.000740051
0.000827789
0.000518799
0.001342773
0.003372192
0.000453949
0.000514984
0.003776550
0.000965118
0.003459930
0.000789642
0.000827789
0.000602722
0.001087189
0.003662109
0.000503540
0.000526428
0.001922607
0.005054474
0.000488281
0.002552032
0.004913330
0.000717163
0.000518799
0.000522614
0.000473022
0.000904083
0.000473022
0.000560760
0.003173828
0.000888824
0.004310608
0.000450134
0.004913330
0.000919342
0.000961304
0.000656128
0.000595093
0.000900269
0.000854492
0.001098633
0.000556946
0.004837036
0.000469208
0.001567841
0.001342773
0.001472473
0.000617981
0.000961304
0.000408173
0.000423431
0.000564575
0.001468658
0.000408173
0.000495911
0.005062103
0.000732422
0.000785828
0.000942230
0.004222870
0.000518799
0.000656128
0.000560760
0.000724792
0.000812531
0.000385284
0.000541687
0.000892639
0.000442505
0.001312256
0.000480652
0.000350952
0.000732422
0.000823975
0.000488281
0.000488281
0.000518799
0.000633240
0.000495911
0.000404358
0.000465393
0.000938416
0.000473022
0.000419617
0.000686646
0.000442505
0.004364014
0.001731873
0.000625610
0.001937866
0.000572205
0.003128052
0.005012512
0.001365662
0.001777649
0.001014709
0.000617981
0.000808716
0.000511169
0.000511169
0.000717163
0.000617981
0.000617981
0.000518799
0.002616882
0.000915527
0.000419617
0.004646301
0.000869751
0.004135132
0.000457764
0.000930786
0.000427246
0.000732422
0.003189087
0.000984192
0.002990723
0.004905701
0.000434875
0.003585815
0.003532410
0.000915527
0.000953674
0.000793457
0.000495911
0.001098633
0.000938416
0.000732422
0.000556946
0.000785828
0.003112793
0.000717163
0.002258301
0.001342773
0.000663757
0.000488281
0.000495911
0.000587463
0.000473022
0.000816345
0.000541687
0.001983643
0.000602722
0.000511169
0.000442505
0.000465393
0.000511169
0.003356934
0.001113892
0.000656128
0.000480652
0.000511169
0.000785828
0.000488281
0.000572205
0.000839233
0.000907898
0.000885010
0.000892639
0.001411438
0.000808716
0.000625610
0.000877380
0.001220703
0.000572205
0.000396729
0.004516602
0.000511169
0.001029968
0.000404358
0.000480652
0.000617981
0.000755310
0.000411987
0.001350403
0.000373840
0.004318237
0.002517700
0.000961304
0.000961304
0.004814148
0.004859924
0.000915527
0.000473022
0.002708435
0.000404358
0.004692078
0.002632141
0.004455566
0.000480652
0.000450134
0.000488281
0.002388000
0.000846863
0.002929688
0.000953674
0.002479553
0.000930786
0.001022339
0.001792908
0.003273010
0.002243042
0.000854492
0.000549316
0.001655579
0.001045227
0.003074646
0.001396179
0.000480652
0.001007080
0.000930786
0.004539490
0.000885010
0.000511169
0.000511169
0.000854492
0.002204895
0.000442505
0.000915527
0.005065918
0.000762939
0.004135132
0.000862122
0.000518799
0.000350952
0.000389099
0.000473022
0.000823975
0.000907898
0.000503540
0.004402161
0.000549316
0.000495911
0.000862122
0.000717163
0.000450134
0.000999451
0.000434875
0.004981995
0.001846313
0.000389099
0.000404358
0.000587463
0.004684448
0.000465393
0.000625610
0.000625610
0.003738403
0.000526428
0.006843567
0.000923157
0.001464844
0.000610352
0.001380920
0.003913879
0.000587463
0.003311157
0.000480652
0.000892639
0.000450134
0.000740051
0.001182556
0.000595093
0.000450134
0.000885010
0.000518799
0.003990173
0.002281189
0.000946045
0.000526428
0.000518799
0.000831604
0.000465393
0.000854492
0.000694275
0.000488281
0.000640869
0.004455566
0.000595093
0.002288818
0.003089905
0.000755310
0.000473022
0.000755310
0.001731873
0.004623413
0.003135681
0.000564575
0.004890442
0.000419617
0.000549316
0.003585815
0.002365112
0.000503540
0.004943848
0.000480652
0.005065918
0.000946045
0.000938416
0.000625610
0.000785828
0.000366211
0.000869751
0.003135681
0.000793457
0.000358582
0.000503540
0.004089355
0.000534058
0.000442505
0.001228333
0.004570007
0.000892639
0.004028320
0.003662109
0.000885010
0.000961304
0.000549316
0.000740051
0.000495911
0.000358582
0.000930786
0.000556946
0.003608704
0.001037598
0.000633240
0.000465393
0.000961304
0.000679016
0.000915527
0.000968933
0.001525879
0.000885010
0.000717163
0.002304077
0.000572205
0.001136780
0.000572205
0.000724792
0.000793457
0.000862122
0.000862122
0.000434875
0.001327515
0.001014709
0.003707886
0.000495911
0.001785278
0.000915527
0.000762939
0.000610352
0.000907898
0.001014709
0.002235413
0.002952576
0.000633240
0.000480652
0.000404358
0.000465393
0.000946045
0.000495911
0.005088806
0.000564575
0.000717163
0.000801086
0.000465393
0.000930786
0.001708984
0.000625610
0.001029968
0.000549316
0.000625610
0.000495911
0.000984192
0.000740051
0.000442505
0.000549316
0.000434875
0.000579834
0.000404358
0.000968933
0.003631592
0.000587463
0.000404358
0.000480652
0.002601624
0.001930237
0.000724792
0.000831604
0.000747681
0.000411987
0.000747681
0.000480652
0.000831604
0.000740051
0.000801086
0.000877380
0.000534058
0.000755310
0.005165100
0.000686646
0.005119324
0.001777649
0.000892639
0.000541687
0.002632141
0.004348755
0.000480652
0.000473022
0.000816345
0.000930786
0.000946045
0.000900269
0.001327515
0.000572205
0.002456665
0.003692627
0.000740051
0.000564575
0.000465393
0.003417969
0.000495911
0.000808716
0.000778198
0.000595093
0.000366211
0.000900269
0.004379272
0.001388550
0.000648499
0.000602722
0.000457764
0.000495911
0.004951477
0.000518799
0.000534058
0.001586914
0.000999451
0.000991821
0.000526428
0.000511169
0.002975464
0.000442505
0.000434875
0.000572205
0.000663757
0.001319885
0.000534058
0.000427246
0.000450134
0.000427246
0.000656128
0.000877380
0.000518799
0.000480652
0.000427246
0.000465393
0.000434875
0.002754211
0.004615784
0.000846863
0.000511169
0.004730225
0.000617981
0.004661560
0.003265381
0.000862122
0.004646301
0.000427246
0.002220154
0.003181458
0.000534058
0.000457764
0.000549316
0.000396729
0.001548767
0.000595093
0.000541687
0.000534058
0.003768921
0.002136230
0.000480652
0.004638672
0.000404358
0.000442505
0.000457764
0.000411987
0.000488281
0.004920959
0.000991821
0.003280640
0.000556946
0.000732422
0.000869751
0.004325867
0.000556946
0.000770569
0.002975464
0.000457764
0.000839233
0.000579834
0.001457214
0.000518799
0.000740051
0.000556946
0.000427246
0.000808716
0.001556396
0.003898621
0.000709534
0.001548767
0.000961304
0.003089905
0.000488281
0.002037048
0.000579834
0.002014160
0.004013062
0.000526428
0.004272461
0.000846863
0.000556946
0.000518799
0.002784729
0.002632141
0.004310608
0.004631042
0.000549316
0.000480652
0.000564575
0.003898621
0.000503540
0.000480652
0.004852295
0.001434326
0.003555298
0.000656128
0.000831604
0.003051758
0.002296448
0.005744934
0.000999451
0.000526428
0.000564575
0.000549316
0.000732422
0.002090454
0.000717163
0.000373840
0.000473022
0.000808716
0.001502991
0.000953674
0.000465393
0.000823975
0.001846313
0.002006531
0.003326416
0.000465393
0.004508972
0.004219055
0.000480652
0.004341125
0.000671387
0.004936218
0.000518799
0.000999451
0.001899719
0.001068115
0.000556946
0.000846863
0.001556396
0.000877380
0.000473022
0.000534058
0.004096985
0.000457764
0.000480652
0.000839233
0.000907898
0.001022339
0.000396729
0.000549316
0.001007080
0.000740051
0.000579834
0.000534058
0.000457764
0.000572205
0.001167297
0.000465393
0.000671387
0.000457764
0.004158020
0.000946045
0.002487183
0.000885010
0.003250122
0.002822876
0.000831604
0.000869751
0.000923157
0.000839233
0.000404358
0.001907349
0.001754761
0.000907898
0.000961304
0.000465393
0.004302979
0.003456116
0.000457764
0.000991821
0.000869751
0.002502441
0.005264282
0.004814148
0.000511169
0.000480652
0.000427246
0.000473022
0.000953674
0.002647400
0.000457764
0.000450134
0.003044128
0.000419617
0.001182556
0.004074097
0.000511169
0.001792908
0.000328064
0.000595093
0.002357483
0.000411987
0.001716614
0.005088806
0.000823975
0.000579834
0.000465393
0.002479553
0.000961304
0.003364563
0.000503540
0.003913879
0.000801086
0.002891541
0.000526428
0.000503540
0.000656128
0.006301880
0.000541687
0.002906799
0.000907898
0.000488281
0.002227783
0.000526428
0.000404358
0.000015259
0.000000000
