0.000471608
0.000022507
0.000062827
0.000074880
0.000219747
0.006212180
0.004074089
0.003584906
0.004032232
0.005884610
0.006133936
0.003569394
0.005492449
0.005305171
0.006174028
0.003995195
0.003514186
0.004655570
0.005647302
0.005800694
0.005109698
0.004297286
0.005667955
0.005680978
0.006233424
0.004873186
0.005802661
0.005142599
0.005832195
0.003542304
0.003515184
0.004613519
0.004700959
0.005460978
0.005651057
0.005696654
0.005690575
0.005486608
0.003485084
0.003495753
0.004784882
0.006215036
0.003863335
0.003507078
0.004670739
0.005366862
0.005921841
0.003537059
0.004660010
0.004741669
0.005651832
0.004644513
0.004353225
0.003509164
0.005126655
0.004668951
0.004736066
0.004072785
0.003532410
0.006218433
0.005705953
0.005111456
0.004771352
0.005474567
0.006187677
0.005737305
0.006186962
0.003823638
0.004034638
0.004170656
0.004886389
0.004596591
0.004968166
0.005681396
0.004586339
0.005680919
0.005710721
0.005059719
0.005029798
0.005698085
0.003551602
0.005378008
0.006201744
0.004598618
0.004611731
0.004635811
0.005096912
0.005168915
0.004587293
0.005841374
0.006121874
0.006151080
0.003524065
0.004847884
0.004612446
0.005633473
0.005954504
0.005709171
0.005466342
0.005849123
0.003508806
0.006227374
0.005989552
0.005091310
0.004545450
0.005292416
0.003603697
0.006629229
0.004714251
0.003615379
0.003551483
0.005712271
0.005096912
0.003530264
0.004122972
0.003515720
0.003490448
0.004130602
0.004597664
0.004901886
0.005369663
0.006542683
0.004028082
0.004095316
0.004991055
0.005159140
0.005686522
0.003521204
0.006209612
0.004116774
0.005057812
0.005102873
0.004193544
0.005737305
0.005677700
0.006145239
0.005216837
0.004024744
0.003569603
0.004612684
0.004381418
0.003666878
0.005021811
0.003553391
0.006244183
0.005227089
0.005131006
0.003521204
0.005099535
0.004075527
0.004630089
0.006207466
0.005041599
0.004185915
0.003898859
0.005528688
0.006152630
0.003525972
0.004350424
0.003526688
0.003984451
0.005190372
0.003600836
0.004619598
0.008029222
0.004649878
0.004551172
0.006115913
0.004909277
0.006033182
0.003719330
0.005669117
0.006175518
0.005599260
0.005610943
0.003531694
0.004564047
0.005143881
0.004446030
0.005132437
0.005720615
0.005103588
0.004786968
0.005685329
0.005150795
0.005413532
0.005357504
0.004150391
0.004047394
0.004325628
0.005686045
0.005108118
0.004035950
0.005153179
0.004061699
0.004630089
0.005693197
0.004599094
0.005753756
0.004651070
0.005812645
0.005359411
0.003651142
0.003551483
0.004032373
0.006262064
0.005999565
0.005877495
0.006069660
0.004042625
0.004627705
0.005009174
0.005157948
0.004612446
0.003883839
0.004978180
0.006233692
0.003563404
0.006209373
0.003496170
0.005114079
0.006204605
0.005692959
0.005863190
0.004166126
0.005696774
0.003503323
0.003581047
0.005152702
0.004558086
0.005112648
0.005359173
0.003964424
0.003843784
0.003595352
0.005656242
0.006070614
0.005098820
0.005144119
0.004966259
0.006196022
0.006222248
0.004047394
0.004595280
0.005143642
0.005846977
0.006215572
0.006209373
0.003546715
0.005198002
0.004639149
0.005697250
0.005220413
0.004777908
0.003552914
0.003539085
0.004327774
0.005068302
0.003949165
0.004534245
0.005774021
0.005719662
0.004624844
0.004054546
0.005749702
0.005707741
0.006579876
0.005715847
0.006295681
0.005119324
0.005226612
0.005215645
0.003923416
0.004035950
0.005303860
0.007252693
0.005095959
0.004052639
0.006195068
0.005136490
0.003932953
0.004723072
0.003585339
0.005611420
0.006244659
0.006059170
0.004577160
0.004080772
0.004113674
0.004984379
0.003576756
0.005706310
0.003581047
0.004437923
0.006161690
0.003540993
0.005661488
0.004619122
0.004099846
0.006193638
0.005051613
0.005740166
0.006114483
0.003517628
0.003569603
0.003488541
0.005784988
0.004280567
0.005180359
0.004030704
0.004609108
0.005497456
0.005713463
0.006172657
0.005719185
0.004435539
0.005104065
0.005141258
0.003560066
0.003427505
0.003962040
0.006000519
0.006207943
0.005324841
0.005113125
0.005716801
0.004062176
0.004071712
0.008170605
0.005696774
0.004036903
0.006093025
0.004368305
0.003880024
0.005167484
0.005321026
0.005335331
0.005081177
0.006155968
0.004071712
0.005750656
0.004968643
0.006217480
0.006103516
0.003535271
0.005725861
0.005117416
0.005489349
0.005717278
0.004258156
0.005146027
0.004315376
0.005280495
0.005748272
0.003525734
0.005124092
0.005418777
0.005356789
0.003539085
0.003513813
0.005128860
0.005273819
0.003605843
0.005111694
0.006218910
0.003554344
0.005137920
0.005692482
0.003534317
0.003562927
0.004576683
0.005236149
0.005725861
0.004086971
0.006160259
0.004564285
0.005665779
0.006186962
0.005399227
0.006206512
0.005811691
0.004055977
0.004580498
0.004572868
0.004574299
0.005113125
0.004214287
0.005550861
0.005911827
0.005719662
0.004063129
0.003450871
0.004591942
0.004953861
0.005052567
0.005570412
0.005717754
0.004629135
0.003603935
0.004911900
0.005015373
0.005099773
0.005245209
0.006157875
0.006143093
0.003519535
0.004641533
0.004025459
0.005092621
0.004627228
0.003776550
0.005116463
0.006182671
0.005115509
0.005920410
0.005223274
0.005348206
0.003528595
0.004619598
0.003498077
0.005025864
0.004868507
0.004591942
0.005732536
0.006148338
0.004978180
0.003508568
0.005152702
0.005971909
0.003646851
0.003484726
0.005180359
0.004613876
0.005746841
0.005723953
0.005771637
0.005096436
0.005727768
0.003591537
0.006217003
0.005688667
0.003495216
0.003474236
0.006148338
0.005461693
0.004590034
0.005152702
0.005711555
0.003581047
0.006176949
0.004032135
0.004608154
0.005169868
0.005168915
0.006140709
0.005707741
0.003567696
0.003499031
0.003428459
0.006183624
0.005725861
0.005132675
0.005116463
0.003596306
0.005691528
0.006174088
0.004569054
0.003556252
0.004372597
0.004610062
0.005101204
0.005713463
0.008043289
0.003961563
0.005006790
0.005192757
0.004596710
0.003535271
0.006100655
0.006253242
0.003917694
0.004153252
0.005169868
0.005727768
0.003515244
0.006053925
0.003535271
0.004603386
0.004492760
0.005829811
0.005266190
0.004061699
0.004566193
0.004796028
0.003552437
0.005423546
0.004024506
0.004594803
0.005106926
0.005333900
0.005725861
0.004021645
0.004316330
0.006781578
0.005146980
0.006225586
0.003947258
0.004313469
0.004639626
0.004906654
0.004160881
0.005151749
0.003594398
0.005800247
0.006219864
0.005699158
0.006195068
0.003486633
0.004314423
0.004658699
0.003646851
0.005233765
0.004158974
0.004864693
0.006184578
0.004034996
0.005136490
0.005665779
0.005681992
0.003538132
0.004327774
0.004641533
0.005694389
0.006197929
0.005667686
0.005040169
0.005538940
0.003523827
0.003578186
0.006002426
0.003546715
0.005323410
0.006235123
0.004045486
0.004593849
0.004392624
0.005159378
0.004642487
0.006177902
0.003833771
0.005496979
0.003504753
0.003668785
0.004662514
0.005915642
0.004007339
0.005190849
0.003528595
0.005239487
0.006388664
0.005123138
0.005656242
0.005022049
0.004352570
0.005262375
0.005659103
0.006188393
0.005659103
0.005617142
0.005688667
0.005251884
0.005498886
0.006165504
0.005896568
0.006247520
0.005723000
0.005568504
0.003557205
0.005236626
0.005908012
0.004191399
0.005661964
0.005471230
0.005133629
0.005040169
0.003973007
0.005673409
0.004062653
0.004046440
0.004021645
0.005155563
0.004619598
0.005360603
0.004627228
0.003521919
0.006172180
0.004653931
0.006214142
0.005439758
0.005687714
0.003531456
0.005372047
0.005753517
0.004605293
0.004076958
0.005127907
0.004283905
0.005723953
0.004703522
0.005101204
0.003585815
0.007072449
0.005082130
0.005745888
0.004521370
0.004565239
0.003867149
0.003491402
0.006171227
0.003506660
0.004654884
0.004606247
0.005399704
0.004262924
0.005386353
0.006592751
0.004031181
0.003885269
0.003556252
0.008066177
0.003553391
0.005706787
0.003551483
0.005893707
0.003498077
0.005559921
0.005566597
0.003504753
0.004056931
0.005512238
0.003520012
0.003585815
0.004018784
0.004202843
0.005532265
0.004611969
0.005429268
0.005719185
0.004452705
0.003500938
0.005181313
0.005699158
0.005846977
0.004064560
0.005776405
0.004347801
0.004057884
0.004842758
0.004020691
0.005658150
0.005827904
0.005163193
0.004588127
0.006122589
0.006201744
0.003557205
0.003601074
0.005932808
0.005167961
0.006167412
0.006166458
0.006215096
0.005181313
0.004112244
0.004050255
0.004579544
0.004355431
0.004294395
0.005709648
0.006172180
0.003502846
0.005076408
0.005725861
0.008190155
0.005698204
0.004799843
0.006113052
0.005421638
0.005423546
0.003485680
0.004773140
0.005704880
0.003604889
0.004066467
0.004075050
0.005700111
0.005674362
0.004949570
0.005246162
0.005066872
0.003513336
0.005675316
0.003587723
0.005249977
0.005127907
0.005682945
0.004635811
0.005688667
0.007396698
0.004364967
0.005125046
0.004633904
0.004603386
0.005689621
0.006242752
0.006228447
0.005500793
0.004839897
0.004752159
0.005654335
0.005480766
0.005319595
0.004636765
0.004633904
0.004539490
0.006213188
0.004924774
0.004878044
0.005490303
0.005857468
0.004597664
0.004031181
0.005932808
0.006229401
0.004606247
0.004807472
0.005546570
0.005711555
0.005369186
0.005532265
0.005358696
0.006161690
0.005700111
0.004796982
0.005681038
0.004921913
0.004533768
0.005684853
0.006227493
0.003504753
0.004644394
0.006009102
0.006140709
0.005707741
0.005743027
0.004066467
0.006175995
0.006211281
0.003584862
0.005148888
0.003544807
0.004319191
0.003540993
0.005167007
0.005305290
0.005304337
0.005913734
0.004065514
0.003563881
0.005150795
0.004018784
0.004098892
0.005245209
0.004053116
0.003503799
0.003535271
0.004607201
0.003845215
0.006156921
0.003996849
0.003522873
0.005977631
0.006259918
0.005910873
0.003495216
0.003774643
0.003491402
0.004508018
0.005865097
0.006235123
0.006175995
0.004817963
0.004238129
0.005876541
0.005100250
0.005744934
0.003860474
0.003551483
0.004596710
0.005998611
0.005647659
0.004573822
0.006151199
0.003507614
0.003622055
0.004039764
0.003429413
0.003772736
0.004625320
0.005840302
0.006093979
0.003919601
0.006177902
0.004146576
0.004613876
0.006214142
0.005290985
0.006183624
0.003515244
0.003543854
0.003669739
0.003797531
0.005159378
0.006156921
0.005943298
0.005756378
0.003538132
0.005577087
0.005989075
0.003578186
0.006210327
0.005952835
0.003576279
0.004774094
0.006254196
0.004024506
0.005626678
0.006208420
0.003536224
0.005147934
0.007820129
0.006254196
0.004825592
0.005733490
0.005701065
0.003604889
0.006204605
0.005659103
0.005712509
0.004024506
0.006231308
0.004272461
0.006069183
0.003952026
0.006006241
0.005109787
0.006158829
0.006105423
0.005712509
0.006286621
0.005306244
0.006175995
0.007951736
0.005138397
0.005119324
0.006160736
0.003519058
0.003534317
0.004573822
0.006044388
0.003725052
0.005718231
0.003572464
0.005647659
0.005939484
0.006153107
0.003553391
0.003499985
0.007949829
0.003536224
0.004144669
0.006221771
0.004055023
0.005186081
0.006048203
0.006221771
0.005926132
0.003995895
0.004024506
0.005126953
0.005674362
0.003585815
0.003625870
0.003618240
0.003572464
0.006229401
0.005739212
0.005109787
0.006130219
0.005640030
0.003566742
0.005344391
0.005697250
0.004661560
0.003484726
0.003498077
0.006139755
0.003650665
0.003589630
0.004589081
0.003524780
0.005672455
0.003616333
0.004581451
0.005580902
0.003541946
0.003534317
0.003505707
0.006086349
0.003942490
0.003509521
0.004688263
0.005170822
0.005678177
0.003717422
0.004722595
0.006042480
0.003534317
0.004617691
0.005483627
0.005107880
0.005859375
0.006198883
0.006105423
0.006271362
0.004598618
0.005554199
0.003477097
0.004043579
0.005128860
0.005521774
0.005102158
0.003505707
0.006134033
0.006237030
0.004318237
0.004629135
0.005434036
0.003599167
0.004623413
0.004053116
0.005111694
0.006231308
0.004600525
0.004587173
0.005279541
0.005134583
0.003543854
0.004066467
0.005249023
0.005746841
0.005685806
0.003559113
0.003494263
0.004081726
0.004022598
0.006217957
0.005861282
0.006153107
0.005008698
0.005161285
0.005365372
0.005210876
0.003570557
0.005279541
0.003616333
0.007162094
0.003479004
0.003606796
0.003458023
0.003583908
0.006198883
0.004596710
0.006179810
0.004009247
0.006196976
0.003690720
0.004816055
0.005689621
0.003582001
0.004148483
0.005140305
0.005168915
0.005638123
0.006143570
0.005725861
0.005310059
0.005405426
0.003623962
0.004608154
0.004848480
0.005744934
0.006210327
0.006223679
0.003595352
0.005819321
0.005702972
0.003562927
0.003692627
0.005121231
0.005792618
0.006206512
0.004598618
0.005161285
0.005741119
0.006156921
0.005689621
0.005887985
0.005598068
0.005411148
0.006059647
0.006206512
0.005701065
0.006223679
0.006931305
0.004871368
0.005683899
0.005439758
0.006483078
0.005647659
0.006227493
0.005672455
0.003559113
0.004703522
0.005689621
0.005203247
0.003904343
0.006170273
0.005111694
0.004556656
0.003513336
0.005243301
0.005594254
0.006242752
0.005506516
0.004623413
0.006223679
0.005994797
0.004079819
0.003582001
0.004634857
0.005218506
0.003536224
0.003684998
0.003759384
0.004062653
0.004972458
0.003488541
0.006216049
0.006219864
0.006240845
0.006219864
0.006202698
0.006269455
0.004093170
0.005689621
0.006214142
0.004623413
0.005447388
0.003517151
0.004076004
0.003543854
0.005718231
0.003534317
0.004451752
0.004344940
0.004564285
0.006187439
0.005901337
0.005187988
0.005552292
0.003593445
0.005939484
0.003576279
0.003496170
0.003599167
0.004261017
0.003555298
0.003911972
0.003490448
0.006263733
0.006212234
0.006179810
0.004583359
0.003536224
0.003911972
0.003505707
0.004081726
0.005065918
0.005729675
0.006223679
0.007354736
0.006195068
0.005691528
0.004131317
0.005092621
0.005662918
0.006099701
0.004329681
0.004608154
0.005214691
0.006967545
0.005107880
0.004674911
0.005687714
0.003974915
0.003488541
0.004596710
0.005485535
0.005716324
0.004053116
0.005104065
0.005781174
0.006080627
0.006242752
0.004617691
0.005254745
0.003524780
0.004648209
0.006233215
0.004608154
0.005226135
0.004034042
0.005218506
0.006200790
0.005685806
0.005100250
0.005697250
0.005105972
0.006822586
0.005109787
0.004028320
0.004173279
0.005937576
0.006252289
0.003595352
0.004512787
0.006200790
0.005657196
0.005695343
0.003927231
0.005109787
0.005180359
0.006065369
0.005210876
0.006217957
0.003799438
0.005792618
0.005096436
0.005672455
0.007120132
0.004085541
0.004859924
0.005762100
0.004657745
0.003503799
0.004821777
0.003465652
0.004264832
0.006254196
0.005996704
0.006204605
0.006158829
0.004262924
0.003582001
0.006124496
0.006210327
0.006231308
0.005298615
0.003522873
0.005180359
0.003562927
0.005113602
0.005178452
0.003967285
0.005687714
0.006185532
0.005304337
0.006166458
0.006231308
0.003799438
0.004648209
0.005701065
0.005073547
0.006105423
0.005661011
0.005550385
0.004695892
0.003700256
0.005136490
0.005069733
0.005884171
0.003917694
0.004623413
0.004072189
0.004507065
0.005016327
0.004018784
0.004623413
0.005458832
0.004669189
0.003566742
0.004280090
0.006160736
0.003437042
0.005708694
0.004844666
0.005971909
0.003639221
0.005388260
0.004089355
0.004140854
0.004888535
0.006177902
0.004106522
0.006191254
0.005722046
0.004587173
0.005596161
0.005643845
0.006231308
0.004592896
0.004625320
0.005084991
0.005149841
0.005094528
0.004882812
0.005111694
0.005615234
0.003540039
0.005611420
0.004604340
0.005765915
0.005502701
0.005113602
0.005094528
0.004070282
0.004619598
0.005149841
0.003477097
0.005945206
0.003547668
0.004440308
0.005126953
0.006162643
0.003559113
0.004301071
0.005693436
0.003934860
0.003456116
0.004962921
0.005632401
0.005722046
0.005695343
0.005859375
0.005731583
0.005233765
0.005067825
0.005655289
0.003866196
0.005239487
0.005592346
0.004034042
0.005146027
0.003503799
0.005237579
0.005529404
0.004013062
0.004611969
0.006149292
0.006177902
0.003503799
0.006277084
0.004514694
0.005722046
0.004766464
0.004673004
0.005779266
0.005094528
0.004653931
0.003547668
0.003509521
0.005746841
0.004341125
0.006029129
0.003688812
0.004289627
0.007715225
0.003784180
0.006072998
0.003479004
0.004627228
0.005172729
0.005649567
0.004590988
0.004827499
0.005664825
0.003435135
0.004041672
0.004608154
0.005655289
0.005224228
0.006202698
0.006160736
0.005186081
0.005710602
0.004615784
0.004022598
0.005094528
0.005117416
0.003755569
0.004745483
0.004329681
0.005741119
0.004613876
0.006195068
0.003540039
0.003973007
0.003564835
0.005733490
0.004642487
0.005771637
0.003538132
0.003519058
0.006229401
0.004968643
0.005659103
0.003490448
0.005500793
0.005187988
0.006219864
0.005184174
0.004568100
0.005689621
0.005096436
0.003553391
0.003513336
0.003536224
0.003541946
0.005220413
0.006002426
0.005659103
0.003555298
0.006225586
0.005758286
0.006198883
0.004037857
0.003973007
0.004486084
0.005125046
0.006179810
0.005393982
0.004772186
0.003570557
0.004074097
0.004323959
0.005580902
0.004419327
0.005123138
0.005687714
0.004966736
0.004127502
0.005182266
0.004579544
0.005651474
0.004888535
0.004703522
0.006202698
0.003561020
0.004922867
0.004652023
0.003538132
0.004949570
0.005830765
0.005737305
0.006193161
0.004373550
0.003574371
0.004192352
0.005508423
0.003547668
0.004631042
0.005960464
0.003475189
0.003643036
0.004188538
0.005149841
0.005695343
0.006187439
0.005743027
0.004808426
0.005538940
0.005710602
0.005205154
0.005771637
0.003479004
0.005079269
0.005725861
0.003482819
0.004089355
0.005178452
0.005844116
0.005815506
0.005147934
0.004583359
0.003456116
0.005090714
0.005140305
0.005413055
0.006042480
0.005138397
0.004028320
0.003511429
0.004600525
0.003711700
0.004564285
0.003547668
0.004590988
0.003620148
0.005159378
0.004653931
0.005970001
0.006227493
0.004600525
0.005689621
0.003520966
0.005290985
0.005701065
0.004583359
0.004945755
0.005086899
0.006195068
0.005027771
0.004619598
0.007785797
0.006198883
0.006145477
0.005107880
0.003742218
0.003547668
0.005615234
0.005504608
0.005374908
0.004756927
0.004766464
0.005138397
0.003448486
0.004632950
0.005092621
0.005640030
0.005664825
0.003564835
0.005134583
0.005672455
0.003631592
0.005655289
0.004821777
0.005655289
0.004037857
0.003965378
0.005935669
0.005640030
0.003496170
0.004362106
0.005182266
0.006235123
0.004568100
0.004299164
0.004831314
0.004220963
0.005495071
0.006158829
0.005756378
0.003482819
0.005653381
0.005172729
0.003620148
0.004812241
0.004554749
0.005689621
0.004377365
0.004997253
0.004045486
0.006134033
0.004623413
0.003622055
0.004608154
0.003995895
0.005685806
0.006177902
0.005489349
0.005319595
0.003492355
0.006177902
0.003551483
0.004413605
0.004045486
0.005117416
0.004650116
0.004203796
0.006183624
0.003673553
0.004583359
0.004846573
0.005697250
0.003496170
0.004634857
0.004604340
0.005929947
0.006172180
0.005771637
0.006202698
0.004577637
0.005771637
0.005950928
0.005695343
0.004455566
0.003488541
0.004608154
0.005737305
0.005710602
0.005674362
0.005140305
0.004728317
0.004634857
0.005683899
0.004079819
0.004673004
0.003522873
0.003551483
0.006206512
0.004024506
0.003578186
0.005128860
0.004501343
0.006252289
0.004037857
0.004066467
0.005243301
0.006126404
0.005121231
0.005123138
0.006237030
0.003751755
0.005136490
0.004070282
0.006175995
0.003499985
0.004793167
0.005327225
0.004619598
0.005767822
0.005012512
0.003501892
0.005706787
0.006252289
0.006212234
0.006139755
0.005542755
0.004100800
0.004091263
0.004554749
0.006155014
0.006206512
0.004644394
0.005186081
0.005617142
0.006191254
0.005157471
0.004590988
0.006202698
0.005668640
0.004920959
0.006078720
0.003479004
0.004684448
0.005140305
0.004634857
0.006101608
0.005123138
0.005693436
0.005678177
0.005111694
0.006235123
0.004629135
0.005134583
0.005649567
0.005926132
0.004451752
0.005445480
0.004610062
0.005153656
0.006225586
0.005725861
0.004297256
0.004573822
0.005596161
0.005723953
0.005096436
0.004470825
0.005105972
0.005498886
0.005912781
0.006212234
0.003700256
0.005720139
0.006092072
0.004360199
0.004055023
0.004718781
0.005416870
0.005432129
0.006217957
0.003643036
0.006202698
0.003520966
0.005729675
0.004722595
0.005908966
0.006160736
0.006008148
0.004043579
0.004562378
0.004077911
0.004016876
0.006004333
0.005565643
0.004364014
0.004760742
0.005168915
0.006183624
0.005088806
0.005970001
0.003623962
0.006141663
0.003459930
0.005699158
0.006095886
0.006198883
0.004455566
0.005641937
0.005241394
0.006172180
0.004039764
0.004394531
0.006278992
0.005260468
0.004642487
0.003570557
0.004596710
0.005130768
0.004085541
0.003501892
0.005714417
0.003467560
0.003669739
0.006183624
0.004261017
0.006275177
0.003940582
0.005149841
0.005165100
0.003513336
0.004055023
0.006175995
0.003543854
0.003498077
0.004451752
0.005599976
0.005096436
0.005134583
0.005970001
0.003616333
0.005084991
0.005130768
0.006099701
0.006229401
0.003490448
0.004051208
0.005744934
0.005683899
0.005985260
0.003524780
0.005428314
0.004005432
0.004787445
0.006233215
0.005107880
0.004371643
0.004577637
0.004058838
0.004871368
0.003673553
0.005512238
0.006206512
0.006217957
0.003730774
0.005119324
0.003585815
0.003494263
0.005306244
0.006225586
0.005443573
0.003582001
0.003597260
0.004821777
0.004634857
0.006202698
0.006195068
0.004035950
0.004219055
0.005119324
0.004631042
0.004375458
0.003498077
0.005615234
0.003623962
0.006233215
0.004978180
0.005958557
0.004627228
0.004962921
0.003707886
0.005065918
0.005184174
0.005268097
0.005344391
0.005126953
0.005195618
0.008178711
0.004600525
0.004898071
0.005649567
0.003631592
0.004062653
0.004623413
0.004653931
0.005786896
0.004627228
0.004596710
0.004901886
0.005626678
0.006237030
0.003715515
0.004615784
0.005832672
0.004291534
0.003776550
0.004608154
0.005210876
0.005702972
0.005809784
0.006168365
0.003490448
0.003494263
0.004280090
0.004596710
0.003486633
0.004066467
0.004570007
0.006210327
0.005435944
0.005191803
0.006244659
0.003475189
0.006137848
0.003566742
0.005115509
0.005607605
0.005107880
0.005435944
0.004661560
0.006156921
0.004776001
0.005683899
0.006248474
0.004329681
0.004604340
0.005867004
0.005592346
0.003520966
0.004455566
0.005123138
0.004680634
0.004619598
0.004570007
0.005161285
0.003528595
0.006214142
0.004940033
0.005485535
0.006023407
0.006191254
0.005081177
0.006076813
0.003498077
0.005168915
0.006187439
0.006149292
0.004779816
0.005130768
0.006164551
0.005195618
0.004478455
0.005607605
0.004650116
0.006275177
0.005691528
0.003547668
0.004993439
0.005058289
0.006031036
0.008102417
0.006187439
0.006225586
0.006137848
0.003479004
0.005672455
0.003562927
0.005699158
0.003490448
0.004623413
0.005725861
0.004032135
0.006233215
0.006195068
0.006233215
0.005226135
0.005393982
0.005687714
0.005981445
0.004070282
0.006221771
0.003490448
0.005062103
0.003658295
0.005924225
0.006069183
0.004600525
0.004611969
0.004009247
0.006248474
0.004985809
0.003723145
0.006206512
0.005481720
0.003601074
0.006061554
0.005977631
0.004959106
0.005092621
0.003536224
0.005107880
0.005653381
0.005130768
0.005435944
0.005725861
0.005668640
0.004104614
0.003559113
0.003623962
0.003585815
0.005519867
0.004917145
0.003608704
0.005668640
0.005043030
0.003604889
0.006263733
0.006137848
0.003654480
0.005706787
0.005573273
0.004020691
0.003490448
0.004089355
0.004295349
0.004196167
0.004589081
0.006332397
0.005031586
0.004592896
0.005672455
0.004390717
0.004562378
0.004653931
0.007850647
0.005729675
0.005664825
0.004207611
0.004467010
0.005783081
0.006164551
0.004558563
0.004859924
0.003646851
0.004917145
0.006214142
0.006187439
0.003536224
0.003517151
0.004253387
0.005748749
0.005172729
0.005756378
0.005729675
0.005668640
0.005981445
0.004642487
0.006023407
0.005115509
0.003833771
0.004299164
0.005088806
0.005546570
0.003513336
0.005153656
0.005985260
0.006179810
0.005115509
0.003547668
0.004573822
0.004505157
0.004650116
0.004051208
0.005561829
0.003620148
0.005130768
0.005657196
0.003498077
0.003562927
0.004531860
0.003681183
0.005447388
0.008075714
0.005805969
0.003986359
0.005123138
0.006210327
0.006160736
0.005107880
0.005355835
0.005039215
0.003501892
0.004394531
0.004585266
0.005142212
0.003883362
0.005187988
0.004013062
0.004051208
0.004623413
0.005317688
0.005073547
0.005676270
0.005374908
0.004070282
0.004962921
0.005084991
0.004035950
0.005748749
0.006187439
0.005069733
0.006217957
0.005111694
0.005756378
0.005729675
0.005352020
0.004032135
0.004390717
0.004753113
0.004638672
0.003719330
0.005359650
0.004634857
0.004272461
0.004070282
0.003879547
0.005798340
0.004344940
0.005107880
0.005287170
0.005638123
0.003536224
0.003452301
0.005100250
0.004837036
0.005107880
0.005176544
0.005100250
0.003791809
0.005088806
0.004199982
0.004585266
0.006004333
0.004745483
0.004615784
0.005657196
0.004608154
0.005722046
0.003723145
0.006229401
0.003818512
0.005149841
0.004482269
0.004066467
0.005714417
0.005153656
0.004089355
0.003540039
0.004627228
0.005386353
0.005096436
0.004920959
0.006198883
0.003501892
0.005084991
0.003746033
0.004066467
0.004116058
0.005954742
0.006202698
0.003509521
0.004623413
0.003471375
0.005847931
0.005683899
0.005702972
0.003524780
0.004028320
0.004592896
0.005725861
0.005226135
0.006252289
0.003536224
0.004085541
0.005744934
0.005680084
0.005115509
0.004623413
0.004074097
0.004615784
0.005889893
0.004650116
0.004077911
0.005168915
0.003501892
0.004032135
0.005153656
0.006065369
0.005512238
0.003471375
0.006134033
0.005161285
0.005710602
0.004604340
0.005336761
0.003997803
0.003501892
0.004737854
0.004829407
0.006195068
0.004211426
0.007366180
0.003532410
0.006195068
0.005779266
0.006069183
0.003509521
0.005794525
0.004356384
0.003505707
0.005336761
0.004646301
0.005119324
0.005149841
0.003681183
0.005165100
0.005065918
0.006183624
0.003910065
0.005519867
0.005168915
0.005661011
0.004570007
0.004932404
0.004478455
0.004249573
0.004600525
0.003803253
0.003482819
0.003677368
0.006015778
0.006439209
0.003444672
0.004592896
0.005077362
0.005657196
0.005031586
0.005527496
0.006237030
0.006217957
0.005123138
0.006217957
0.003524780
0.003677368
0.003532410
0.004611969
0.004264832
0.005424500
0.004646301
0.004837036
0.005130768
0.006202698
0.005538940
0.004753113
0.005172729
0.003585815
0.005664825
0.005081177
0.006053925
0.006221771
0.006252289
0.005653381
0.004623413
0.005134583
0.005126953
0.005821228
0.006008148
0.005180359
0.004493713
0.005065918
0.004722595
0.005176544
0.004749298
0.005699158
0.005332947
0.004020691
0.005500793
0.006359100
0.006050110
0.005722046
0.005138397
0.003662109
0.005664825
0.004261017
0.006134033
0.004016876
0.004928589
0.006237030
0.004661560
0.006221771
0.003551483
0.005699158
0.004070282
0.006011963
0.005458832
0.004974365
0.005847931
0.005435944
0.005695343
0.004085541
0.005607605
0.004623413
0.005668640
0.005729675
0.004642487
0.005428314
0.003726959
0.004024506
0.006179810
0.003490448
0.005134583
0.004329681
0.003803253
0.007629395
0.003448486
0.004016876
0.006072998
0.003669739
0.005153656
0.003967285
0.005638123
0.003532410
0.003688812
0.003574371
0.005256653
0.005187988
0.006225586
0.006214142
0.004791260
0.004550934
0.004650116
0.004051208
0.003932953
0.004322052
0.003780365
0.005653381
0.004604340
0.005073547
0.005310059
0.005687714
0.003505707
0.004302979
0.005249023
0.005073547
0.003608704
0.004482269
0.004066467
0.006164551
0.005149841
0.005878448
0.006195068
0.005348206
0.004055023
0.005672455
0.003536224
0.005702972
0.005115509
0.006202698
0.004600525
0.006210327
0.004611969
0.005146027
0.003585815
0.004077911
0.004642487
0.004585266
0.005527496
0.005695343
0.005138397
0.004379272
0.004325867
0.004158020
0.005359650
0.003547668
0.005184174
0.004596710
0.004085541
0.004043579
0.005126953
0.004673004
0.005455017
0.005943298
0.006183624
0.003841400
0.003765106
0.005153656
0.004947662
0.003448486
0.005058289
0.005119324
0.004657745
0.005054474
0.006046295
0.003845215
0.006038666
0.007678986
0.005001068
0.004047394
0.003543854
0.005748749
0.004608154
0.003528595
0.004081726
0.005073547
0.005733490
0.003562927
0.003890991
0.003864288
0.003604889
0.003578186
0.004398346
0.005657196
0.005180359
0.006214142
0.005943298
0.003807068
0.005554199
0.003570557
0.006248474
0.004600525
0.005096436
0.003883362
0.004383087
0.005599976
0.006221771
0.005016327
0.005981445
0.006187439
0.006233215
0.004096985
0.003776550
0.003475189
0.003551483
0.004215240
0.004661560
0.003562927
0.006175995
0.004116058
0.003509521
0.006202698
0.004192352
0.003505707
0.005115509
0.004001617
0.005702972
0.003505707
0.005661011
0.006248474
0.004886627
0.006248474
0.006217957
0.003849030
0.003555298
0.003635406
0.005554199
0.003513336
0.005668640
0.005126953
0.006240845
0.004653931
0.006187439
0.004375458
0.005401611
0.006187439
0.006217957
0.003986359
0.004024506
0.005714417
0.005744934
0.006080627
0.006179810
0.005702972
0.006206512
0.004608154
0.003585815
0.006107330
0.004165649
0.005329132
0.005722046
0.005878448
0.003673553
0.005611420
0.005691528
0.003597260
0.006202698
0.003643036
0.004634857
0.003898621
0.003669739
0.004962921
0.005283356
0.006217957
0.004451752
0.004825592
0.003742218
0.005031586
0.005775452
0.003704071
0.006187439
0.003532410
0.003574371
0.003528595
0.004661560
0.005893707
0.003635406
0.005348206
0.003551483
0.003887177
0.003517151
0.004676819
0.005123138
0.005729675
0.004127502
0.004997253
0.006198883
0.004009247
0.004035950
0.008369446
0.005680084
0.004646301
0.005996704
0.003952026
0.005680084
0.006004333
0.003543854
0.004905701
0.006198883
0.003505707
0.005546570
0.006149292
0.004154205
0.005821228
0.003608704
0.004673004
0.003780365
0.005714417
0.005062103
0.003566742
0.004909515
0.005062103
0.006217957
0.003517151
0.003868103
0.005134583
0.006191254
0.006198883
0.005668640
0.006107330
0.005985260
0.006198883
0.006195068
0.004394531
0.003486633
0.004348755
0.005073547
0.005531311
0.004608154
0.003578186
0.006114960
0.004035950
0.005157471
0.005104065
0.003486633
0.005084991
0.003517151
0.004554749
0.005706787
0.005676270
0.004348755
0.005081177
0.005687714
0.005973816
0.006229401
0.003749847
0.005928040
0.005683899
0.006263733
0.004062653
0.005687714
0.005249023
0.003814697
0.004405975
0.004657745
0.004100800
0.004096985
0.005401611
0.003509521
0.004047394
0.005355835
0.003551483
0.003639221
0.004642487
0.003471375
0.004615784
0.005954742
0.004943848
0.005477905
0.003479004
0.004238129
0.004627228
0.003501892
0.005386353
0.003452301
0.004650116
0.005073547
0.005725861
0.005626678
0.005695343
0.006202698
0.004508972
0.004611969
0.004619598
0.004058838
0.003585815
0.003650665
0.005100250
0.003559113
0.005077362
0.005168915
0.007625580
0.005008698
0.003528595
0.006221771
0.006160736
0.004142761
0.005191803
0.005817413
0.004112244
0.005233765
0.005527496
0.005939484
0.003482819
0.005641937
0.004070282
0.006015778
0.005699158
0.005481720
0.005970001
0.003803253
0.004646301
0.005661011
0.003864288
0.005153656
0.005962372
0.005661011
0.006206512
0.005962372
0.004024506
0.003547668
0.004859924
0.007259369
0.004638672
0.006210327
0.003890991
0.004665375
0.004299164
0.006626129
0.003520966
0.004585266
0.004562378
0.006187439
0.004070282
0.005092621
0.006530762
0.004848480
0.004596710
0.005176544
0.003631592
0.005050659
0.005687714
0.005123138
0.005966187
0.005661011
0.004268646
0.004711151
0.005676270
0.005138397
0.005538940
0.005798340
0.003795624
0.003524780
0.003494263
0.003501892
0.003528595
0.004085541
0.004833221
0.003559113
0.005130768
0.004035950
0.004611969
0.005661011
0.005115509
0.005550385
0.007884979
0.003582001
0.004051208
0.005126953
0.005828857
0.004650116
0.005657196
0.006244659
0.005115509
0.003658295
0.006004333
0.005802155
0.003707886
0.003635406
0.003578186
0.004348755
0.006019592
0.005744934
0.004245758
0.005123138
0.005435944
0.005104065
0.004039764
0.006248474
0.007072449
0.005989075
0.003517151
0.004680634
0.005138397
0.004810333
0.005760193
0.005104065
0.004600525
0.006011963
0.006160736
0.003826141
0.004554749
0.005722046
0.004085541
0.005146027
0.005641937
0.005710602
0.005226135
0.004783630
0.005149841
0.006050110
0.005687714
0.003704071
0.003479004
0.003570557
0.004596710
0.005882263
0.004058838
0.004554749
0.005447388
0.004020691
0.004653931
0.004043579
0.003547668
0.004226685
0.005184174
0.005752563
0.003540039
0.003547668
0.004016876
0.004589081
0.005512238
0.005855560
0.004039764
0.004543304
0.005676270
0.003513336
0.004291534
0.003532410
0.005161285
0.005477905
0.003494263
0.006198883
0.003826141
0.005466461
0.005607605
0.004455566
0.004028320
0.004787445
0.005119324
0.006042480
0.005413055
0.006214142
0.005699158
0.006160736
0.005149841
0.005695343
0.003551483
0.003566742
0.003559113
0.004520416
0.004482269
0.005115509
0.003486633
0.005668640
0.005718231
0.005050659
0.005264282
0.003562927
0.003948212
0.005123138
0.005126953
0.003669739
0.005104065
0.005332947
0.003551483
0.005664825
0.005916595
0.005680084
0.004318237
0.004070282
0.004589081
0.005954742
0.003551483
0.004665375
0.004398346
0.005378723
0.005100250
0.005916595
0.006252289
0.005748749
0.004398346
0.004192352
0.005153656
0.003547668
0.003746033
0.005161285
0.005931854
0.005149841
0.004924774
0.004631042
0.004520416
0.004707336
0.005744934
0.004478455
0.006183624
0.003818512
0.004028320
0.003910065
0.004077911
0.004314423
0.003585815
0.004596710
0.003982544
0.005805969
0.003723145
0.008052826
0.006229401
0.005687714
0.004470825
0.004611969
0.004917145
0.005695343
0.005996704
0.003467560
0.005443573
0.006134033
0.003566742
0.004070282
0.004081726
0.005542755
0.005138397
0.005649567
0.004981995
0.003768921
0.004489899
0.003517151
0.004650116
0.003780365
0.003551483
0.006069183
0.003505707
0.004337311
0.003585815
0.004226685
0.003505707
0.005115509
0.005966187
0.006057739
0.004520416
0.004699707
0.003578186
0.004787445
0.006248474
0.004123688
0.004684448
0.005149841
0.004055023
0.004413605
0.004142761
0.007579803
0.005237579
0.004184723
0.005851746
0.006195068
0.004486084
0.005905151
0.003486633
0.005153656
0.005287170
0.005706787
0.005939484
0.005699158
0.003761292
0.005710602
0.006191254
0.003707886
0.004066467
0.004085541
0.004589081
0.003829956
0.005664825
0.006027222
0.003620148
0.004596710
0.005104065
0.006237030
0.003925323
0.005001068
0.006015778
0.003536224
0.005702972
0.004119873
0.004425049
0.006103516
0.004070282
0.005725861
0.004280090
0.005760193
0.005699158
0.004631042
0.004600525
0.004909515
0.005695343
0.005134583
0.006175995
0.005058289
0.005897522
0.003479004
0.005104065
0.004611969
0.006229401
0.005615234
0.005851746
0.005161285
0.008090973
0.005664825
0.005764008
0.003490448
0.003501892
0.005619049
0.005081177
0.004047394
0.004062653
0.004165649
0.005733490
0.005023956
0.003818512
0.003498077
0.004604340
0.006191254
0.005535126
0.004688263
0.004756927
0.005104065
0.003532410
0.003547668
0.005084991
0.006160736
0.006053925
0.003459930
0.005107880
0.005657196
0.006187439
0.004592896
0.005615234
0.005233765
0.004898071
0.005161285
0.005798340
0.006225586
0.005310059
0.005363464
0.005107880
0.005683899
0.005088806
0.007900238
0.005016327
0.005626678
0.004043579
0.005569458
0.005027771
0.005683899
0.003486633
0.005081177
0.006164551
0.005630493
0.004661560
0.005374908
0.005786896
0.006168365
0.005371094
0.004665375
0.005508423
0.005111694
0.004581451
0.004051208
0.005187988
0.004467010
0.005058289
0.004570007
0.005985260
0.004974365
0.005176544
0.004611969
0.006008148
0.005187988
0.004756927
0.004016876
0.004615784
0.004154205
0.005672455
0.006130219
0.004264832
0.004669189
0.006221771
0.006008148
0.004875183
0.004802704
0.006210327
0.003742218
0.005043030
0.005088806
0.003540039
0.004600525
0.005584717
0.003524780
0.004531860
0.005718231
0.005084991
0.005699158
0.005264282
0.005668640
0.007781982
0.004951477
0.003513336
0.005123138
0.004055023
0.005004883
0.005065918
0.005676270
0.004604340
0.004379272
0.005836487
0.003540039
0.008155823
0.003532410
0.005725861
0.003566742
0.004055023
0.005687714
0.004653931
0.005462646
0.006011963
0.006126404
0.004573822
0.005126953
0.005832672
0.004611969
0.005031586
0.005920410
0.005149841
0.005104065
0.005657196
0.006118774
0.004684448
0.004467010
0.005264282
0.003860474
0.004020691
0.005844116
0.005516052
0.004009247
0.006252289
0.003509521
0.003547668
0.005130768
0.005207062
0.004936218
0.004676819
0.006183624
0.005226135
0.005374908
0.005672455
0.005710602
0.006168365
0.005615234
0.005268097
0.005069733
0.005081177
0.005718231
0.003917694
0.005588531
0.003589630
0.005847931
0.005970001
0.007656097
0.004634857
0.005367279
0.005237579
0.005653381
0.003562927
0.004062653
0.006164551
0.005310059
0.004119873
0.006221771
0.005989075
0.005683899
0.003765106
0.005691528
0.005710602
0.004573822
0.003528595
0.005687714
0.006183624
0.006080627
0.005149841
0.003776550
0.006202698
0.005943298
0.005702972
0.006229401
0.003444672
0.005317688
0.004333496
0.005107880
0.003543854
0.003551483
0.005092621
0.005691528
0.006217957
0.005092621
0.006179810
0.004116058
0.006229401
0.004562378
0.006092072
0.003540039
0.006206512
0.006206512
0.006084442
0.004661560
0.005554199
0.004596710
0.003551483
0.005512238
0.005119324
0.003639221
0.004531860
0.005733490
0.004642487
0.005184174
0.003684998
0.005073547
0.004039764
0.005096436
0.005989075
0.004070282
0.004619598
0.005538940
0.003684998
0.004520416
0.005107880
0.004089355
0.005699158
0.005664825
0.005687714
0.005676270
0.005577087
0.004615784
0.006156921
0.006183624
0.005104065
0.004608154
0.005832672
0.005447388
0.004554749
0.005134583
0.006168365
0.003757477
0.005104065
0.004669189
0.004016876
0.003852844
0.004631042
0.004661560
0.004924774
0.005706787
0.004604340
0.003532410
0.004623413
0.003608704
0.003513336
0.003883362
0.004611969
0.003837585
0.004867554
0.004009247
0.005191803
0.004638672
0.004604340
0.006210327
0.003662109
0.004627228
0.005931854
0.005294800
0.003761292
0.005119324
0.005722046
0.005771637
0.005397797
0.003967285
0.005260468
0.005653381
0.005748749
0.004604340
0.005413055
0.004192352
0.004783630
0.005126953
0.005710602
0.005744934
0.005722046
0.003505707
0.003524780
0.005714417
0.004959106
0.005634308
0.005092621
0.004871368
0.006050110
0.005588531
0.003490448
0.005813599
0.004554749
0.005157471
0.005119324
0.006114960
0.003547668
0.003551483
0.005664825
0.005577087
0.003498077
0.004024506
0.003711700
0.005138397
0.005016327
0.006206512
0.004970551
0.004627228
0.004985809
0.004474640
0.004577637
0.005718231
0.005168915
0.005119324
0.004787445
0.005668640
0.005554199
0.004634857
0.005050659
0.006046295
0.005134583
0.005729675
0.005081177
0.004993439
0.005401611
0.005661011
0.004634857
0.004600525
0.005130768
0.004966736
0.003498077
0.003849030
0.004528046
0.004840851
0.003684998
0.003562927
0.006122589
0.005741119
0.004905701
0.006183624
0.003890991
0.005123138
0.004150391
0.005863190
0.005294800
0.004688263
0.006381989
0.004451752
0.004009247
0.004615784
0.004158020
0.005187988
0.003513336
0.004138947
0.004196167
0.005157471
0.005138397
0.003517151
0.004634857
0.006214142
0.004051208
0.004909515
0.004756927
0.004024506
0.003536224
0.003826141
0.005096436
0.005161285
0.005149841
0.005054474
0.003810883
0.005496979
0.005077362
0.005569458
0.005611420
0.003471375
0.004589081
0.005817413
0.004634857
0.005443573
0.003593445
0.006076813
0.005737305
0.004604340
0.005401611
0.005561829
0.003536224
0.005195618
0.003536224
0.004039764
0.006000519
0.005672455
0.003479004
0.006031036
0.005153656
0.004486084
0.004848480
0.005157471
0.005661011
0.004981995
0.005081177
0.005653381
0.005165100
0.003547668
0.004615784
0.005119324
0.006065369
0.005752563
0.005691528
0.005844116
0.006149292
0.006187439
0.005668640
0.004051208
0.003509521
0.005889893
0.003570557
0.005310059
0.004302979
0.006240845
0.005691528
0.006233215
0.006454468
0.003540039
0.005699158
0.003540039
0.005722046
0.005813599
0.006080627
0.005104065
0.006576538
0.006172180
0.004165649
0.005134583
0.004119873
0.004837036
0.004585266
0.005645752
0.006248474
0.005668640
0.004226685
0.006278992
0.005256653
0.004478455
0.004020691
0.005531311
0.005714417
0.005538940
0.005531311
0.005722046
0.005088806
0.003555298
0.005027771
0.005699158
0.006278992
0.004615784
0.005722046
0.006111145
0.006134033
0.005287170
0.005706787
0.006156921
0.005706787
0.003479004
0.005714417
0.004516602
0.005279541
0.005836487
0.005691528
0.006202698
0.004623413
0.005699158
0.005271912
0.004600525
0.005302429
0.004608154
0.005134583
0.005058289
0.005432129
0.005706787
0.005706787
0.003578186
0.005157471
0.003524780
0.006164551
0.006011963
0.005409241
0.005714417
0.005271912
0.005699158
0.005142212
0.006217957
0.004737854
0.004951477
0.005744934
0.003631592
0.003562927
0.006172180
0.003570557
0.004104614
0.004074097
0.006111145
0.003509521
0.003982544
0.005317688
0.006149292
0.004585266
0.005096436
0.005661011
0.004653931
0.005691528
0.003761292
0.003677368
0.005218506
0.004936218
0.003532410
0.008033752
0.006179810
0.003562927
0.006248474
0.003829956
0.005943298
0.004570007
0.005157471
0.006187439
0.003524780
0.004020691
0.005439758
0.005157471
0.005966187
0.004592896
0.004028320
0.005722046
0.004203796
0.003807068
0.004066467
0.005760193
0.004318237
0.004615784
0.005737305
0.003562927
0.005775452
0.006195068
0.004692078
0.005149841
0.005729675
0.006172180
0.004280090
0.005027771
0.006179810
0.004249573
0.004875183
0.005729675
0.004104614
0.004417419
0.005111694
0.005661011
0.004486084
0.005050659
0.005111694
0.007881165
0.004814148
0.006042480
0.005355835
0.005889893
0.005928040
0.003524780
0.005104065
0.006187439
0.003791809
0.005149841
0.004013062
0.004592896
0.005409241
0.005821228
0.006256104
0.005691528
0.005119324
0.003578186
0.004089355
0.004989624
0.004066467
0.005760193
0.005126953
0.005622864
0.005043030
0.004364014
0.005073547
0.003486633
0.004524231
0.003837585
0.005691528
0.004592896
0.005599976
0.004875183
0.004821777
0.005119324
0.006210327
0.004585266
0.004310608
0.005172729
0.005149841
0.005432129
0.004074097
0.003562927
0.005043030
0.005661011
0.006210327
0.005058289
0.005714417
0.003868103
0.005683899
0.003700256
0.005500793
0.005508423
0.004585266
0.005149841
0.006217957
0.004356384
0.003547668
0.006057739
0.006057739
0.005088806
0.004554749
0.004035950
0.005302429
0.005668640
0.004066467
0.004623413
0.003456116
0.004859924
0.005149841
0.005668640
0.006072998
0.005157471
0.004425049
0.003540039
0.004646301
0.003738403
0.005187988
0.003845215
0.005828857
0.003692627
0.005096436
0.005287170
0.005149841
0.004180908
0.004592896
0.005691528
0.006149292
0.003471375
0.003471375
0.005294800
0.004936218
0.004249573
0.006057739
0.005439758
0.004180908
0.006034851
0.003547668
0.004699707
0.005905151
0.005844116
0.003517151
0.005271912
0.005111694
0.004241943
0.005264282
0.005699158
0.005134583
0.005630493
0.005210876
0.003532410
0.003456116
0.005615234
0.006179810
0.006248474
0.003616333
0.005149841
0.003479004
0.003845215
0.003524780
0.005088806
0.006233215
0.003463745
0.005111694
0.005096436
0.004058838
0.005691528
0.006225586
0.005577087
0.003860474
0.004020691
0.003639221
0.005661011
0.006179810
0.005630493
0.003753662
0.005401611
0.004074097
0.004058838
0.003768921
0.004951477
0.006065369
0.003547668
0.003540039
0.004577637
0.003494263
0.005851746
0.003471375
0.005691528
0.004989624
0.005691528
0.004081726
0.004035950
0.005119324
0.005920410
0.005538940
0.005020142
0.008148193
0.006172180
0.005699158
0.004013062
0.005126953
0.004043579
0.006118774
0.006019592
0.005592346
0.005111694
0.007575989
0.005714417
0.005737305
0.005836487
0.005615234
0.004585266
0.006149292
0.003471375
0.005119324
0.005119324
0.003555298
0.003509521
0.004043579
0.004074097
0.006217957
0.005180359
0.004631042
0.004638672
0.005447388
0.004592896
0.005661011
0.005577087
0.005126953
0.003486633
0.003509521
0.005134583
0.005134583
0.005867004
0.005661011
0.004562378
0.005676270
0.004035950
0.004470825
0.005683899
0.005104065
0.005104065
0.003967285
0.005111694
0.004852295
0.006256104
0.004592896
0.006179810
0.003593445
0.005409241
0.005661011
0.006057739
0.005134583
0.005920410
0.005912781
0.007568359
0.003585815
0.005661011
0.004600525
0.005699158
0.006011963
0.004142761
0.004035950
0.003898621
0.006156921
0.004447937
0.005867004
0.006187439
0.005134583
0.005996704
0.006233215
0.003471375
0.004653931
0.005767822
0.003562927
0.004074097
0.003555298
0.003471375
0.004623413
0.004020691
0.005088806
0.004142761
0.006912231
0.004699707
0.005157471
0.003593445
0.004394531
0.005424500
0.005943298
0.006233215
0.006103516
0.003540039
0.004295349
0.004013062
0.005798340
0.003440857
0.004127502
0.005012512
0.005699158
0.004737854
0.005142212
0.005294800
0.006469727
0.006263733
0.006141663
0.003494263
0.003585815
0.004600525
0.004005432
0.005111694
0.003578186
0.004081726
0.003585815
0.004661560
0.004058838
0.003616333
0.005683899
0.003860474
0.004089355
0.003898621
0.004005432
0.003532410
0.004272461
0.005294800
0.004295349
0.006217957
0.006126404
0.005035400
0.005714417
0.003509521
0.003723145
0.003669739
0.005699158
0.003829956
0.004447937
0.003547668
0.005744934
0.005996704
0.005447388
0.003623962
0.004035950
0.005645752
0.005889893
0.006233215
0.004905701
0.005157471
0.006072998
0.003532410
0.004013062
0.006156921
0.004661560
0.004516602
0.004058838
0.005683899
0.006103516
0.006164551
0.003532410
0.006210327
0.003753662
0.003570557
0.005683899
0.003501892
0.005645752
0.005722046
0.005813599
0.003501892
0.003494263
0.004661560
0.004669189
0.005050659
0.003540039
0.004608154
0.005134583
0.006225586
0.003952026
0.004577637
0.004638672
0.004402161
0.006217957
0.005554199
0.006225586
0.003707886
0.004409790
0.005310059
0.004585266
0.004623413
0.005760193
0.006141663
0.003532410
0.004516602
0.004020691
0.004638672
0.003684998
0.004562378
0.005477905
0.005943298
0.004203796
0.005569458
0.005813599
0.005714417
0.004615784
0.005119324
0.005752563
0.005744934
0.005683899
0.005119324
0.005859375
0.003730774
0.004623413
0.004951477
0.005653381
0.005493164
0.004219055
0.003677368
0.005737305
0.004074097
0.003540039
0.004211426
0.003570557
0.005157471
0.005737305
0.006179810
0.003585815
0.005706787
0.006233215
0.004226685
0.005798340
0.003959656
0.003730774
0.004074097
0.003540039
0.004127502
0.003944397
0.003532410
0.004837036
0.006011963
0.006217957
0.003776550
0.004287720
0.006065369
0.005111694
0.003570557
0.006202698
0.003837585
0.004135132
0.006202698
0.005638123
0.005477905
0.005836487
0.004020691
0.004608154
0.006187439
0.005760193
0.005966187
0.006179810
0.005271912
0.003585815
0.006195068
0.003578186
0.005577087
0.006225586
0.004035950
0.003585815
0.006233215
0.004020691
0.005683899
0.006179810
0.005676270
0.003929138
0.006225586
0.004066467
0.003486633
0.006172180
0.004035950
0.006187439
0.006263733
0.003562927
0.005134583
0.006164551
0.004684448
0.005920410
0.005699158
0.003692627
0.004623413
0.006225586
0.003807068
0.005378723
0.006202698
0.005805969
0.005279541
0.006225586
0.003677368
0.003456116
0.005897522
0.005752563
0.003562927
0.006240845
0.003562927
0.005043030
0.006164551
0.004013062
0.004608154
0.003990173
0.004425049
0.003524780
0.006019592
0.004783630
0.005599976
0.004600525
0.003585815
0.003555298
0.006172180
0.003967285
0.006179810
0.006179810
0.004432678
0.004623413
0.006172180
0.005920410
0.006217957
0.006210327
0.006263733
0.003562927
0.006187439
0.003501892
0.005165100
0.005554199
0.005775452
0.006256104
0.004051208
0.006370544
0.006202698
0.004302979
0.003623962
0.005363464
0.005661011
0.004051208
0.005218506
0.006111145
0.005447388
0.004554749
0.005165100
0.004554749
0.006057739
0.004058838
0.003517151
0.006217957
0.004096985
0.005157471
0.006256104
0.006172180
0.004020691
0.006225586
0.006156921
0.004051208
0.006271362
0.004867554
0.004165649
0.003562927
0.003456116
0.003463745
0.006195068
0.006164551
0.003601074
0.006210327
0.006240845
0.003593445
0.005104065
0.005691528
0.003784180
0.003479004
0.005104065
0.005195618
0.006164551
0.005409241
0.005378723
0.006187439
0.005950928
0.005088806
0.005355835
0.005920410
0.006202698
0.006202698
0.003601074
0.004730225
0.004798889
0.004615784
0.006179810
0.006202698
0.006011963
0.003555298
0.003509521
0.006317139
0.003669739
0.003929138
0.003631592
0.003517151
0.003486633
0.004524231
0.005561829
0.005195618
0.005661011
0.003501892
0.005119324
0.005134583
0.005134583
0.006240845
0.006240845
0.006065369
0.003974915
0.005783081
0.005432129
0.005851746
0.004165649
0.005661011
0.005844116
0.005523682
0.005676270
0.003730774
0.003997803
0.005462646
0.005378723
0.003524780
0.005111694
0.005737305
0.006225586
0.005134583
0.003677368
0.005172729
0.005752563
0.004043579
0.005172729
0.005104065
0.004394531
0.006263733
0.003646851
0.006217957
0.005737305
0.003562927
0.004760742
0.005416870
0.005493164
0.004348755
0.004623413
0.005577087
0.006065369
0.003509521
0.004577637
0.005172729
0.005699158
0.005706787
0.005302429
0.004615784
0.005088806
0.004432678
0.004585266
0.005531311
0.003578186
0.003555298
0.004608154
0.005180359
0.005226135
0.004211426
0.005187988
0.003807068
0.004745483
0.004051208
0.004592896
0.005126953
0.004058838
0.003562927
0.003990173
0.003555298
0.005668640
0.006217957
0.004524231
0.005081177
0.004608154
0.006217957
0.003578186
0.005180359
0.003898621
0.004486084
0.005706787
0.005668640
0.005012512
0.005111694
0.003692627
0.005157471
0.005813599
0.004066467
0.003768921
0.005714417
0.003532410
0.005645752
0.005134583
0.006240845
0.005981445
0.004058838
0.005920410
0.005104065
0.005706787
0.004402161
0.004058838
0.003486633
0.005722046
0.003509521
0.004676819
0.003509521
0.004867554
0.005088806
0.006095886
0.004661560
0.003540039
0.005950928
0.004653931
0.004089355
0.005096436
0.003654480
0.005134583
0.005493164
0.003944397
0.004333496
0.005630493
0.003715515
0.005218506
0.005653381
0.005058289
0.004592896
0.005729675
0.005821228
0.006248474
0.005073547
0.005691528
0.005928040
0.003936768
0.005241394
0.006050110
0.005805969
0.005340576
0.005699158
0.006202698
0.005088806
0.005104065
0.005126953
0.006256104
0.006240845
0.003555298
0.004035950
0.005630493
0.006225586
0.004028320
0.005119324
0.005241394
0.003601074
0.005226135
0.005630493
0.005668640
0.003829956
0.004714966
0.004028320
0.004760742
0.003532410
0.005142212
0.005859375
0.006172180
0.003555298
0.003562927
0.005111694
0.006187439
0.005699158
0.005912781
0.004486084
0.003540039
0.003715515
0.003562927
0.004295349
0.003547668
0.003509521
0.006225586
0.003517151
0.005111694
0.003509521
0.003898621
0.003540039
0.005004883
0.004852295
0.003601074
0.004722595
0.006011963
0.006187439
0.003471375
0.005722046
0.003974915
0.005561829
0.005676270
0.004051208
0.005775452
0.006118774
0.004211426
0.005119324
0.006217957
0.003860474
0.005294800
0.003486633
0.005729675
0.006240845
0.006195068
0.006248474
0.003768921
0.003501892
0.005310059
0.005134583
0.006210327
0.003570557
0.004432678
0.005119324
0.005752563
0.006195068
0.004837036
0.006134033
0.005645752
0.005645752
0.003547668
0.003562927
0.003532410
0.003517151
0.004577637
0.005378723
0.004096985
0.005790710
0.003501892
0.004066467
0.004966736
0.003524780
0.005706787
0.005821228
0.005661011
0.006156921
0.005424500
0.005691528
0.005920410
0.003517151
0.003501892
0.004867554
0.005104065
0.004104614
0.005409241
0.005661011
0.003440857
0.006187439
0.005722046
0.003562927
0.004562378
0.005279541
0.003547668
0.003479004
0.003738403
0.007049561
0.005638123
0.003524780
0.005348206
0.003952026
0.003944397
0.003646851
0.005126953
0.004974365
0.006134033
0.003898621
0.004447937
0.003532410
0.004394531
0.004714966
0.006187439
0.004608154
0.005294800
0.003662109
0.003509521
0.006240845
0.003448486
0.006027222
0.005699158
0.005607605
0.005302429
0.004814148
0.005691528
0.003578186
0.004074097
0.005699158
0.005973816
0.004051208
0.003440857
0.004615784
0.003517151
0.004898071
0.005676270
0.005676270
0.006195068
0.006217957
0.003684998
0.005241394
0.005439758
0.003593445
0.005622864
0.006240845
0.004440308
0.005119324
0.005729675
0.006225586
0.003562927
0.005622864
0.006172180
0.006225586
0.006080627
0.005668640
0.003746033
0.004592896
0.004058838
0.004585266
0.006202698
0.003532410
0.003707886
0.003570557
0.004066467
0.003997803
0.005737305
0.004600525
0.003616333
0.005104065
0.004501343
0.004554749
0.006149292
0.006233215
0.005676270
0.003562927
0.004554749
0.005081177
0.004020691
0.006278992
0.004615784
0.003494263
0.003768921
0.003517151
0.005142212
0.004753113
0.004600525
0.005554199
0.004600525
0.005332947
0.005119324
0.005470276
0.005142212
0.005714417
0.005081177
0.004562378
0.004570007
0.005020142
0.003906250
0.004859924
0.004562378
0.006065369
0.003570557
0.005706787
0.003547668
0.005195618
0.005386353
0.005683899
0.004043579
0.003997803
0.005088806
0.005729675
0.005683899
0.006225586
0.004241943
0.004760742
0.005065918
0.004737854
0.005043030
0.005508423
0.005157471
0.005683899
0.003524780
0.005157471
0.005668640
0.005661011
0.005088806
0.004623413
0.004737854
0.004035950
0.005111694
0.004585266
0.006324768
0.006225586
0.004318237
0.005714417
0.006156921
0.006172180
0.005744934
0.003959656
0.005142212
0.004089355
0.003547668
0.006248474
0.004524231
0.004829407
0.005401611
0.005142212
0.004524231
0.004058838
0.005722046
0.006210327
0.004692078
0.004615784
0.006164551
0.005447388
0.003494263
0.004058838
0.004280090
0.005088806
0.003837585
0.005149841
0.004257202
0.005096436
0.004684448
0.005393982
0.003593445
0.003509521
0.003578186
0.003479004
0.005966187
0.003562927
0.006179810
0.006217957
0.003631592
0.005699158
0.003799438
0.006217957
0.003547668
0.005165100
0.006263733
0.003570557
0.005653381
0.005706787
0.004043579
0.005172729
0.004653931
0.006202698
0.003707886
0.005722046
0.005676270
0.005180359
0.004058838
0.003761292
0.004676819
0.005805969
0.003593445
0.003761292
0.004028320
0.003707886
0.006088257
0.005096436
0.005828857
0.006141663
0.004081726
0.005706787
0.005714417
0.003555298
0.006187439
0.003684998
0.004638672
0.005676270
0.003746033
0.004028320
0.004341125
0.004600525
0.003616333
0.005119324
0.005760193
0.005661011
0.003700256
0.006164551
0.005065918
0.004638672
0.005798340
0.003578186
0.005744934
0.003601074
0.005256653
0.005401611
0.004730225
0.003608704
0.005661011
0.004638672
0.005386353
0.005126953
0.005340576
0.004844666
0.003555298
0.004669189
0.005111694
0.003890991
0.005096436
0.005126953
0.006210327
0.003570557
0.005149841
0.004089355
0.005012512
0.004997253
0.005653381
0.005683899
0.004585266
0.003540039
0.003570557
0.004096985
0.003509521
0.004661560
0.003593445
0.005111694
0.005432129
0.005577087
0.005958557
0.003791809
0.004623413
0.005096436
0.003868103
0.006210327
0.005569458
0.005714417
0.006225586
0.006675720
0.005088806
0.004066467
0.004348755
0.005699158
0.003517151
0.005706787
0.004623413
0.004074097
0.004821777
0.005134583
0.004051208
0.005157471
0.004600525
0.004257202
0.005706787
0.004844666
0.006233215
0.005889893
0.003593445
0.005676270
0.006195068
0.005149841
0.005821228
0.003494263
0.005332947
0.005104065
0.005386353
0.005195618
0.003677368
0.004058838
0.005691528
0.005401611
0.003898621
0.004035950
0.005699158
0.005119324
0.005157471
0.005088806
0.005172729
0.005340576
0.004951477
0.006217957
0.005867004
0.003662109
0.003517151
0.004753113
0.003532410
0.003509521
0.004432678
0.005668640
0.006240845
0.004379272
0.004768372
0.006202698
0.005332947
0.005722046
0.003585815
0.003456116
0.004608154
0.005218506
0.005729675
0.004600525
0.005371094
0.006156921
0.004058838
0.005149841
0.005897522
0.006187439
0.005004883
0.004402161
0.006195068
0.005119324
0.005607605
0.004577637
0.004600525
0.006225586
0.006217957
0.004623413
0.000007629
0.000000000
