0.000483799
0.000022507
0.000062827
0.000074880
0.000191617
0.005507154
0.006059147
0.006189860
0.004590325
0.005893379
0.005685225
0.003600329
0.004629225
0.005168796
0.006141767
0.006167039
0.003522649
0.004588276
0.005536973
0.005696654
0.005685925
0.004472941
0.005710155
0.005443633
0.006217152
0.004689217
0.003829718
0.005118996
0.005713284
0.003480524
0.003577113
0.004646838
0.005160213
0.005727112
0.005650520
0.006195843
0.008042455
0.006006420
0.003516972
0.004644036
0.005375624
0.005830288
0.006059885
0.003517747
0.005034864
0.005222797
0.005710721
0.003520191
0.006204724
0.005440354
0.005178332
0.006192148
0.004054964
0.003510892
0.004642308
0.006156921
0.005146742
0.003622293
0.003564358
0.006164074
0.005022407
0.005170226
0.005168319
0.005381346
0.005725384
0.006048679
0.006151557
0.003799558
0.003578067
0.005065322
0.005154252
0.004032135
0.006202102
0.006222248
0.004730582
0.005706072
0.005700469
0.005089521
0.005132556
0.006080866
0.005599737
0.005681753
0.003690362
0.006227374
0.004072547
0.005114436
0.005686760
0.005130529
0.004813433
0.005415559
0.005712509
0.004041314
0.003476024
0.004105449
0.005159497
0.004713058
0.005094647
0.005523682
0.005743384
0.005646586
0.003506541
0.003729463
0.004696608
0.004247546
0.005124092
0.005773664
0.005286217
0.007133722
0.004616976
0.006195307
0.003917933
0.004004717
0.005644560
0.004619598
0.004580498
0.003585100
0.003533840
0.004060507
0.004619837
0.005360842
0.005685806
0.006444454
0.004622698
0.004097700
0.004286528
0.005640268
0.005482197
0.003531694
0.003573895
0.003886938
0.004874945
0.006137848
0.004095793
0.005645752
0.004073381
0.005921841
0.005251646
0.004609585
0.003568649
0.005122900
0.004661083
0.005699873
0.005444527
0.003475666
0.005544662
0.006191969
0.005182505
0.005188227
0.005110264
0.003920794
0.004495859
0.005573273
0.005081415
0.004179239
0.006154776
0.005224943
0.006176233
0.003513575
0.004058123
0.003520727
0.004111528
0.005157948
0.003499746
0.004770279
0.003614902
0.004587889
0.005285025
0.005260229
0.005364418
0.004203796
0.005601168
0.005440235
0.006172180
0.005122662
0.005239010
0.006219149
0.005178213
0.004715681
0.004089117
0.005266905
0.005269289
0.004636765
0.005708218
0.005711794
0.004728317
0.006004810
0.005584240
0.003865719
0.005202532
0.004606485
0.005182266
0.005640745
0.004122019
0.004523516
0.004632711
0.005088329
0.003550053
0.005415201
0.006079435
0.005780220
0.006199598
0.005709410
0.003533125
0.003580332
0.004538298
0.004609823
0.006231308
0.005994320
0.003927708
0.004119873
0.004648209
0.004825592
0.005672932
0.004083633
0.004078865
0.004997253
0.005660057
0.006230354
0.003746986
0.004659653
0.005135536
0.006188393
0.005704880
0.003535748
0.004618645
0.005780220
0.003483772
0.003513813
0.004861832
0.004562855
0.005639076
0.004714489
0.004242420
0.004068375
0.003536224
0.005720139
0.003849983
0.005088806
0.006111145
0.005672455
0.005449295
0.005764008
0.004035473
0.004723072
0.004631042
0.005469322
0.006011486
0.005644798
0.003686428
0.005170822
0.004760265
0.005342484
0.005110264
0.004078865
0.003520966
0.003500462
0.003997326
0.005691528
0.003792286
0.004582405
0.005763531
0.005745411
0.005368710
0.005878448
0.005528927
0.005803108
0.006402969
0.005728245
0.004012108
0.005224705
0.005548000
0.004972458
0.003721237
0.004576683
0.004990578
0.006225109
0.005139828
0.004000187
0.004016876
0.005094528
0.003759861
0.005045414
0.003975868
0.005411148
0.006211281
0.004359722
0.003975868
0.004018784
0.004509926
0.004634380
0.003584862
0.003551006
0.004247665
0.004469395
0.003836632
0.004904747
0.005643368
0.004571438
0.004608154
0.006232738
0.004949570
0.004176617
0.004966259
0.003527641
0.003601551
0.003512859
0.005392075
0.005172253
0.004579544
0.004029751
0.005156994
0.005823135
0.006020546
0.003586769
0.005612850
0.003889561
0.005700588
0.005445957
0.003591061
0.003431797
0.004573822
0.005380154
0.004132748
0.005541325
0.004876614
0.003497124
0.005128860
0.003542423
0.008151054
0.004035950
0.005937099
0.005681515
0.005084515
0.003834248
0.006168365
0.005725384
0.005119801
0.005501270
0.006102085
0.004029751
0.004022598
0.005244732
0.006206512
0.003449917
0.005819798
0.005765915
0.005455494
0.006175995
0.005678654
0.005517006
0.005620480
0.004627228
0.005819798
0.006258011
0.005374908
0.005344391
0.005669594
0.005311966
0.003468513
0.003523350
0.005115032
0.005700111
0.003552914
0.005145550
0.004568100
0.003558636
0.005140305
0.003576279
0.003538609
0.003535748
0.005107880
0.005136013
0.005290508
0.004644871
0.006172180
0.004039764
0.005624771
0.005585670
0.005633831
0.006236076
0.005118370
0.005751133
0.005093575
0.004280090
0.004608631
0.005116463
0.004666328
0.006188869
0.003566265
0.005609035
0.004105568
0.003518105
0.004241943
0.005101204
0.005087376
0.005710602
0.005701065
0.004615307
0.003711224
0.005135059
0.004651070
0.006108284
0.005711555
0.006225586
0.005848885
0.003575325
0.005102158
0.004388809
0.005418777
0.005729675
0.006209373
0.005694389
0.003755569
0.005146027
0.003651619
0.003849030
0.005154610
0.003499031
0.005710602
0.005743027
0.004673958
0.005125999
0.005101204
0.005899429
0.005743027
0.004805565
0.003540039
0.005171776
0.006028175
0.003572464
0.003533363
0.005393028
0.004034042
0.007115364
0.005944252
0.005660057
0.004829407
0.006035805
0.005671501
0.005709648
0.005700111
0.006243706
0.003530502
0.004016876
0.004635811
0.003756523
0.005734444
0.005096436
0.005754471
0.003551483
0.004565239
0.003988266
0.005364418
0.005104065
0.005561829
0.006184578
0.005825996
0.003493309
0.004170418
0.006197929
0.005402565
0.005974770
0.005700111
0.005702019
0.005702972
0.006232262
0.006161690
0.003720284
0.004633904
0.004680634
0.005146027
0.006230354
0.007134438
0.004039764
0.005609512
0.005039215
0.004596710
0.004136086
0.005702019
0.006096840
0.004088402
0.004034042
0.005032539
0.006256104
0.003573418
0.006184578
0.003492355
0.004595757
0.004928589
0.006245613
0.004587173
0.004633904
0.005498886
0.004833221
0.005740166
0.004007339
0.003834724
0.003596306
0.004946709
0.005521774
0.005665779
0.005407333
0.004603386
0.005700111
0.005145073
0.004000664
0.003513336
0.004248619
0.005028725
0.004626274
0.004427910
0.005557060
0.003458023
0.005743027
0.004118919
0.005150795
0.006155014
0.003592491
0.004272461
0.004232407
0.004066467
0.004902840
0.004042625
0.005023956
0.006213188
0.003582954
0.005079269
0.005047798
0.005047798
0.003469467
0.004623413
0.004679680
0.006198883
0.006241798
0.004913330
0.005161285
0.006009102
0.003475189
0.003592491
0.005120277
0.003506660
0.005145073
0.005681992
0.004070282
0.004593849
0.003528595
0.005714417
0.005137444
0.006156921
0.005733490
0.005657196
0.005130768
0.003949165
0.004655838
0.004951477
0.003883362
0.005164146
0.003478050
0.005112648
0.004838943
0.004605293
0.005693436
0.004718781
0.006215096
0.005103111
0.005160332
0.006233215
0.005145073
0.005643845
0.005261421
0.005726814
0.005089760
0.005652428
0.006234169
0.006179810
0.005604744
0.006187439
0.003520012
0.004040718
0.005461693
0.003564835
0.005361557
0.005139351
0.005149841
0.005120277
0.003617287
0.005701065
0.004177094
0.004507065
0.004500389
0.005078316
0.004368782
0.005652428
0.004948616
0.006334305
0.003568649
0.006167412
0.005937576
0.005315781
0.004055977
0.003495216
0.005642891
0.004027367
0.004628181
0.004973412
0.005430222
0.003742218
0.005772591
0.004870415
0.005078316
0.003551483
0.003537178
0.005021095
0.005189896
0.004055023
0.004419327
0.003589630
0.006157875
0.003481865
0.005150795
0.005142212
0.004141808
0.005360603
0.004612923
0.005387306
0.004621506
0.004297256
0.003988266
0.003487587
0.003712654
0.005394936
0.005077362
0.006172180
0.003872871
0.003458023
0.005188942
0.005866051
0.003549576
0.004023552
0.007845879
0.003547668
0.005749702
0.003889084
0.004331589
0.006181717
0.005183220
0.005376816
0.006024361
0.004847527
0.003517151
0.005149841
0.003677368
0.006195068
0.005904198
0.006173134
0.003903389
0.006180763
0.005096436
0.004486084
0.005680084
0.003825188
0.005360603
0.004535675
0.004035950
0.003501892
0.003494263
0.004055023
0.003580093
0.005143166
0.006233215
0.003513336
0.005401611
0.006264687
0.004557610
0.003808975
0.004499435
0.004586220
0.004092216
0.005635262
0.006000519
0.003570557
0.005135536
0.006091118
0.008171082
0.003639221
0.004278183
0.005863190
0.006162643
0.005154610
0.006186485
0.005477905
0.005086899
0.003499985
0.004491806
0.003805161
0.005564690
0.005846977
0.005634308
0.005124092
0.005125046
0.003554344
0.005614281
0.003534317
0.005123138
0.005741119
0.006211281
0.004708290
0.005146027
0.003781319
0.004847527
0.004229546
0.004507065
0.004626274
0.004991531
0.006237984
0.005894661
0.004682541
0.004638672
0.005195618
0.005548477
0.005960464
0.005096436
0.005126953
0.004199982
0.004601479
0.004105568
0.004457474
0.004106522
0.006197929
0.005742073
0.004547119
0.005295753
0.005776405
0.006110191
0.005116463
0.004296303
0.005706787
0.004072189
0.005367279
0.005126953
0.006175995
0.006003380
0.005134583
0.004776001
0.003756523
0.005049706
0.004654884
0.005114555
0.003585815
0.003528595
0.004640579
0.005254745
0.005951881
0.006220818
0.005319595
0.006224632
0.004603386
0.005687714
0.005855560
0.003499985
0.004639626
0.004160881
0.005667686
0.003489494
0.006170273
0.003712654
0.005150795
0.003662109
0.003499985
0.004009247
0.005089760
0.006208420
0.006203651
0.003993034
0.006007195
0.005644798
0.004178047
0.006211281
0.003520966
0.004588127
0.005887032
0.003607750
0.005722046
0.004029274
0.004491806
0.006152153
0.003927231
0.003495216
0.006225586
0.004087448
0.005704880
0.006021500
0.006189346
0.004022598
0.004585266
0.006216049
0.006034851
0.003511429
0.004798889
0.005109787
0.004213333
0.004358292
0.005662918
0.003517151
0.004613876
0.006172180
0.006170273
0.004047394
0.005929947
0.005699158
0.005891800
0.006065369
0.007249832
0.005758286
0.006212234
0.006252289
0.006147385
0.004556656
0.003534317
0.003992081
0.005271912
0.005699158
0.005815506
0.005716324
0.003929138
0.007856369
0.004663467
0.005945206
0.003597260
0.006259918
0.003957748
0.005159378
0.004978180
0.003870010
0.004644394
0.006155014
0.003694534
0.003479004
0.005491257
0.007390976
0.005241394
0.003740311
0.006166458
0.003723145
0.003721237
0.005737305
0.006185532
0.004566193
0.003574371
0.003904343
0.003557205
0.004034042
0.004724503
0.006233215
0.004621506
0.005140305
0.005493164
0.003599167
0.005126953
0.006231308
0.005693436
0.004234314
0.004306793
0.005357742
0.003597260
0.004072189
0.003763199
0.004020691
0.003572464
0.006200790
0.006153107
0.004039764
0.006204605
0.003801346
0.005022049
0.005926132
0.003587723
0.003561020
0.008150101
0.003545761
0.006265640
0.006242752
0.004095078
0.005212784
0.006113052
0.004022598
0.004621506
0.006086349
0.004037857
0.005172729
0.005662918
0.003631592
0.003553391
0.003774643
0.003557205
0.005746841
0.005731583
0.004570007
0.006191254
0.005737305
0.003551483
0.005807877
0.006311417
0.004495621
0.003944397
0.003498077
0.006225586
0.003564835
0.005245209
0.005922318
0.003519058
0.003669739
0.005380630
0.006172180
0.007886887
0.006002426
0.003688812
0.005548477
0.005622864
0.004478455
0.004390717
0.005647659
0.005681992
0.005813599
0.006214142
0.004070282
0.003482819
0.004608154
0.005622864
0.006076813
0.005155563
0.003541946
0.005651474
0.005670547
0.003532410
0.004583359
0.005403519
0.005750656
0.006181717
0.003505707
0.003973007
0.003503799
0.005117416
0.005212784
0.006172180
0.004295349
0.005134583
0.003562927
0.003583908
0.006240845
0.005115509
0.005878448
0.005880356
0.005350113
0.004209518
0.005723953
0.003557205
0.006237030
0.006042480
0.005369186
0.004642487
0.003553391
0.003484726
0.005949020
0.003568649
0.004302979
0.005590439
0.005628586
0.004625320
0.005128860
0.005172729
0.006195068
0.005819321
0.004053116
0.004590988
0.003879547
0.003496170
0.004243851
0.003578186
0.003938675
0.006233215
0.006088257
0.004915237
0.003520966
0.004615784
0.004117966
0.005130768
0.005596161
0.003698349
0.003475189
0.005184174
0.006265640
0.005689621
0.005720139
0.006229401
0.006187439
0.006177902
0.006254196
0.005689621
0.004274368
0.003499985
0.004077911
0.003553391
0.005168915
0.005407333
0.006238937
0.005672455
0.003557205
0.003589630
0.005308151
0.005945206
0.003547668
0.005765915
0.005708694
0.005910873
0.003778458
0.004674911
0.005083084
0.005695343
0.005668640
0.006214142
0.004150391
0.004598618
0.005447388
0.003515244
0.005617142
0.005250931
0.005117416
0.006235123
0.005903244
0.003448486
0.004903793
0.006156921
0.005693436
0.004501343
0.004606247
0.005741119
0.004098892
0.004337311
0.003496170
0.005136490
0.004039764
0.003578186
0.004371643
0.005956650
0.005146027
0.005710602
0.006156921
0.004055023
0.005195618
0.003938675
0.003498077
0.003957748
0.006254196
0.006162643
0.005516052
0.006151199
0.005598068
0.003486633
0.005144119
0.003667831
0.005634308
0.005592346
0.005434036
0.006132126
0.005743027
0.006229401
0.003787994
0.005681992
0.005666733
0.006177902
0.003540039
0.005115509
0.003543854
0.004566193
0.003528595
0.005641937
0.003854752
0.005723953
0.005966187
0.006032944
0.006202698
0.004613876
0.005163193
0.005878448
0.003547668
0.003591537
0.003538132
0.004726410
0.004573822
0.005096436
0.006229401
0.003511429
0.004709244
0.003654480
0.005264282
0.003606796
0.005111694
0.005704880
0.005739212
0.004066467
0.005723953
0.003643036
0.005828857
0.005744934
0.005741119
0.005357742
0.006240845
0.003820419
0.005098343
0.005107880
0.005409241
0.006217957
0.005638123
0.003599167
0.006086349
0.006193161
0.005714417
0.003559113
0.004344940
0.005641937
0.005167007
0.003652573
0.004032135
0.005607605
0.004589081
0.005119324
0.005659103
0.005710602
0.003622055
0.005628586
0.005676270
0.005887985
0.006149292
0.003692627
0.004655838
0.005050659
0.005575180
0.005146027
0.007270813
0.005081177
0.008003235
0.005590439
0.004003525
0.004726410
0.005680084
0.004981995
0.005683899
0.005617142
0.006084442
0.005702972
0.003499985
0.003492355
0.005683899
0.005699158
0.006179810
0.006242752
0.004455566
0.005214691
0.003992081
0.004816055
0.005699158
0.007293701
0.005990982
0.004747391
0.005706787
0.006175995
0.003913879
0.005451202
0.003999710
0.004903793
0.005723953
0.006156921
0.004049301
0.004659653
0.003555298
0.004623413
0.005157471
0.004869461
0.005746841
0.005123138
0.005681992
0.005800247
0.003475189
0.004644394
0.005165100
0.006206512
0.004684448
0.005010605
0.005334854
0.006153107
0.005678177
0.006225586
0.005681992
0.006179810
0.005872726
0.005664825
0.005142212
0.006221771
0.004255295
0.005559921
0.005722046
0.006248474
0.005779266
0.004024506
0.004896164
0.005147934
0.005708694
0.005428314
0.006151199
0.005130768
0.005498886
0.005449295
0.004028320
0.005693436
0.005577087
0.004268646
0.006219864
0.003551483
0.005680084
0.004602432
0.004522324
0.005836487
0.003473282
0.004076004
0.005897522
0.006156921
0.004480362
0.005104065
0.005552292
0.006202698
0.004592896
0.004013062
0.005073547
0.004655838
0.003545761
0.004861832
0.005128860
0.006065369
0.003595352
0.004581451
0.004613876
0.006275177
0.005018234
0.004943848
0.005132675
0.005699158
0.003511429
0.005788803
0.003561020
0.005397797
0.003458023
0.004587173
0.004959106
0.006158829
0.003480911
0.004587173
0.005779266
0.003953934
0.003568649
0.004861832
0.006231308
0.005685806
0.005697250
0.003623962
0.005468369
0.005552292
0.005226135
0.005649567
0.004663467
0.005535126
0.005586624
0.004049301
0.005830765
0.003484726
0.006256104
0.006235123
0.004585266
0.004613876
0.006193161
0.006156921
0.003528595
0.003906250
0.004617691
0.005683899
0.004833221
0.004680634
0.005731583
0.004798889
0.004535675
0.003490448
0.003545761
0.006134033
0.003618240
0.006204605
0.003627777
0.004093170
0.006618500
0.004320145
0.005891800
0.003498077
0.004789352
0.005403519
0.003831863
0.005109787
0.005510330
0.005680084
0.003526688
0.004615784
0.004613876
0.005851746
0.005681992
0.006221771
0.005168915
0.004808426
0.004035950
0.004409790
0.003715515
0.005725861
0.006237030
0.006147385
0.005048752
0.004003525
0.004936218
0.005086899
0.005702972
0.005210876
0.004016876
0.003498077
0.005802155
0.005165100
0.004001617
0.003561020
0.003526688
0.004013062
0.005065918
0.006147385
0.006214142
0.004873276
0.005155563
0.005704880
0.005224228
0.004024506
0.006174088
0.005319595
0.003623962
0.003534317
0.004631042
0.003555298
0.005981445
0.006189346
0.005731583
0.003572464
0.006111145
0.003723145
0.005401611
0.004093170
0.003576279
0.003824234
0.005142212
0.004377365
0.004409790
0.004865646
0.004352570
0.006258011
0.003953934
0.005176544
0.004545212
0.005065918
0.005126953
0.004745483
0.004199982
0.004989624
0.004022598
0.005710602
0.004989624
0.004600525
0.006174088
0.006252289
0.005258560
0.004537582
0.004781723
0.004640579
0.004013062
0.005128860
0.006053925
0.004755020
0.004251480
0.004327774
0.005706787
0.003536224
0.005699158
0.006229401
0.003492355
0.004634857
0.004167557
0.005142212
0.005409241
0.005716324
0.006120682
0.004909515
0.005104065
0.006235123
0.005502701
0.005710602
0.003484726
0.005380630
0.005338669
0.003578186
0.004428864
0.004648209
0.003782272
0.005891800
0.004478455
0.004766464
0.003534317
0.004674911
0.005664825
0.005781174
0.003513336
0.005586624
0.004020691
0.006223679
0.004575729
0.003578186
0.004932404
0.003543854
0.004592896
0.003511429
0.004768372
0.005117416
0.003448486
0.004661560
0.004663467
0.005702972
0.003587723
0.005146027
0.006237030
0.004449844
0.004981995
0.005466461
0.005695343
0.005640030
0.005083084
0.006004333
0.005666733
0.005990982
0.005163193
0.005716324
0.003568649
0.005109787
0.005704880
0.005149841
0.004127502
0.005109787
0.006210327
0.003501892
0.004566193
0.005126953
0.005712509
0.004796982
0.005674362
0.005151749
0.005743027
0.006181717
0.005136490
0.004705429
0.005117416
0.003835678
0.004011154
0.005167007
0.006221771
0.006179810
0.004638672
0.006093979
0.006193161
0.004596710
0.005113602
0.004583359
0.004100800
0.006219864
0.005884171
0.005712509
0.003496170
0.006076813
0.005111694
0.004611969
0.005764008
0.004451752
0.006160736
0.004621506
0.004058838
0.005882263
0.003564835
0.004285812
0.006093979
0.003658295
0.006195068
0.005447388
0.006237030
0.005147934
0.004743576
0.003492355
0.006181717
0.003547668
0.004648209
0.004064560
0.004619598
0.005155563
0.004068375
0.006181717
0.003646851
0.004644394
0.004474640
0.005170822
0.003526688
0.004446030
0.004281998
0.003931046
0.005722046
0.005952835
0.004842758
0.004657745
0.005884171
0.005352020
0.005702972
0.004627228
0.003456116
0.004642487
0.005155563
0.005174637
0.005304337
0.006193161
0.004650116
0.004037857
0.003953934
0.004629135
0.004089355
0.003450394
0.003438950
0.005949020
0.003862381
0.003469467
0.005172729
0.004598618
0.006053925
0.004240036
0.004644394
0.004934311
0.003866196
0.005075455
0.004634857
0.003684998
0.003564835
0.004602432
0.006328583
0.003492355
0.004575729
0.004928589
0.005796432
0.004081726
0.005691528
0.005367279
0.003526688
0.003744125
0.003608704
0.005823135
0.003662109
0.006107330
0.006189346
0.004985809
0.004995346
0.005647659
0.006196976
0.005187988
0.004617691
0.003992081
0.004022598
0.004621506
0.004611969
0.003524780
0.005294800
0.005170822
0.003948212
0.004035950
0.005178452
0.005765915
0.004608154
0.006185532
0.005222321
0.005662918
0.006242752
0.005390167
0.005744934
0.004856110
0.004638672
0.006191254
0.003763199
0.003765106
0.005140305
0.004701614
0.004644394
0.006225586
0.006227493
0.003818512
0.004825592
0.005212784
0.003889084
0.005716324
0.004487991
0.004760742
0.005653381
0.005695343
0.005901337
0.006219864
0.005712509
0.004619598
0.005237579
0.004245758
0.004627228
0.005622864
0.005413055
0.005901337
0.004001617
0.006057739
0.003517151
0.005722046
0.005161285
0.005134583
0.003623962
0.003791809
0.004123688
0.004711151
0.004627228
0.003910065
0.005134583
0.005897522
0.004646301
0.004573822
0.005214691
0.005374908
0.005107880
0.005519867
0.004058838
0.005477905
0.006221771
0.005695343
0.006214142
0.005550385
0.004055023
0.005470276
0.005134583
0.005928040
0.004207611
0.003921509
0.005786896
0.005199432
0.004165649
0.004390717
0.004467010
0.004653931
0.004119873
0.006217957
0.003959656
0.003570557
0.005550385
0.005451202
0.004650116
0.006214142
0.003959656
0.005527496
0.005691528
0.006168365
0.004650116
0.004039764
0.003589630
0.003547668
0.004299164
0.005695343
0.004844666
0.005146027
0.003818512
0.004066467
0.004848480
0.005691528
0.006134033
0.006015778
0.003475189
0.004077911
0.005794525
0.004722595
0.006164551
0.003490448
0.005123138
0.003551483
0.005180359
0.005821228
0.005107880
0.004863739
0.004638672
0.004005432
0.005088806
0.003551483
0.005336761
0.003540039
0.005741119
0.008178711
0.005672455
0.003517151
0.003711700
0.005970001
0.007942200
0.005142212
0.006214142
0.003520966
0.004802704
0.005153656
0.005157471
0.006092072
0.004245758
0.004192352
0.004604340
0.005123138
0.003818512
0.003524780
0.005695343
0.006240845
0.005977631
0.005096436
0.006038666
0.004615784
0.006458282
0.005695343
0.004558563
0.005729675
0.005676270
0.005138397
0.005699158
0.005134583
0.003971100
0.004611969
0.004638672
0.005630493
0.003566742
0.005664825
0.004539490
0.004600525
0.005661011
0.004352570
0.004680634
0.004646301
0.005634308
0.003833771
0.005680084
0.004581451
0.005699158
0.005908966
0.005851746
0.004680634
0.005084991
0.005702972
0.003646851
0.005435944
0.003459930
0.003562927
0.005672455
0.004589081
0.005584717
0.005187988
0.003452301
0.004070282
0.005092621
0.005672455
0.003990173
0.003501892
0.006214142
0.003555298
0.005107880
0.005687714
0.005153656
0.005523682
0.005187988
0.003593445
0.004627228
0.006160736
0.003887177
0.004077911
0.004749298
0.003990173
0.005550385
0.003463745
0.003551483
0.005676270
0.005092621
0.004665375
0.004718781
0.005317688
0.003528595
0.003505707
0.005130768
0.005245209
0.006233215
0.006225586
0.004631042
0.006164551
0.005321503
0.005348206
0.006206512
0.006214142
0.004745483
0.005081177
0.004619598
0.006420135
0.004619598
0.006134033
0.004661560
0.003875732
0.006210327
0.003524780
0.004886627
0.005329132
0.005737305
0.006732941
0.003814697
0.006210327
0.006206512
0.003536224
0.005088806
0.003562927
0.006191254
0.003498077
0.004665375
0.005878448
0.005836487
0.006019592
0.003566742
0.005897522
0.005668640
0.006175995
0.005001068
0.005680084
0.004039764
0.005794525
0.005699158
0.005081177
0.005657196
0.006050110
0.006973267
0.004047394
0.005130768
0.004783630
0.006240845
0.004920959
0.003746033
0.005096436
0.005115509
0.006168365
0.006084442
0.006210327
0.004634857
0.005130768
0.003551483
0.004627228
0.006172180
0.005653381
0.005390167
0.006240845
0.005668640
0.003868103
0.003879547
0.004039764
0.005985260
0.005649567
0.004619598
0.006202698
0.005126953
0.004692078
0.006244659
0.005794525
0.006259918
0.008064270
0.003467560
0.003608704
0.006183624
0.003524780
0.003551483
0.004096985
0.004661560
0.004577637
0.004646301
0.005401611
0.004611969
0.004981995
0.005123138
0.003578186
0.004066467
0.003578186
0.005687714
0.005092621
0.004611969
0.004467010
0.005207062
0.003498077
0.004013062
0.003993988
0.004642487
0.005447388
0.005195618
0.004089355
0.004020691
0.006225586
0.004302979
0.003669739
0.004413605
0.005989075
0.005126953
0.005649567
0.003906250
0.004722595
0.006103516
0.005752563
0.003604889
0.004657745
0.005653381
0.005546570
0.003513336
0.005676270
0.005722046
0.003528595
0.005142212
0.003536224
0.004634857
0.004722595
0.004642487
0.004272461
0.005100250
0.005882263
0.005714417
0.005653381
0.005989075
0.003528595
0.004817963
0.005130768
0.004833221
0.004161835
0.005416870
0.003650665
0.005710602
0.005966187
0.004028320
0.005695343
0.004776001
0.005306244
0.003540039
0.004268646
0.004100800
0.004848480
0.003852844
0.004215240
0.006225586
0.004600525
0.004425049
0.005119324
0.004642487
0.005439758
0.005378723
0.006225586
0.005008698
0.004619598
0.006095886
0.005584717
0.005653381
0.004161835
0.003620148
0.005176544
0.006084442
0.005390167
0.005115509
0.005718231
0.004070282
0.004627228
0.005084991
0.004062653
0.005138397
0.004058838
0.004005432
0.004108429
0.005702972
0.005783081
0.005107880
0.004890442
0.004722595
0.006156921
0.003860474
0.003517151
0.005020142
0.005683899
0.005130768
0.005142212
0.005279541
0.004051208
0.005065918
0.004962921
0.004596710
0.005081177
0.005741119
0.004657745
0.005680084
0.005634308
0.003582001
0.005683899
0.006240845
0.004615784
0.004657745
0.003593445
0.004615784
0.005622864
0.005084991
0.004882812
0.003490448
0.004196167
0.006187439
0.004760742
0.004051208
0.003540039
0.003608704
0.004299164
0.004047394
0.006221771
0.006172180
0.003501892
0.006237030
0.003787994
0.005512238
0.004611969
0.006221771
0.006076813
0.005462646
0.003440857
0.004024506
0.004623413
0.006019592
0.005691528
0.004325867
0.003528595
0.005115509
0.006263733
0.003547668
0.005634308
0.005073547
0.004379272
0.005149841
0.005020142
0.004596710
0.004066467
0.004650116
0.003486633
0.004146576
0.004470825
0.005706787
0.005786896
0.003505707
0.005119324
0.005485535
0.003898621
0.005149841
0.005130768
0.006221771
0.003479004
0.005115509
0.004596710
0.003700256
0.004570007
0.003589630
0.003517151
0.003883362
0.003746033
0.005580902
0.003494263
0.003536224
0.004592896
0.003562927
0.005096436
0.004566193
0.005683899
0.005016327
0.005817413
0.005214691
0.005088806
0.003883362
0.005149841
0.005542755
0.005645752
0.004898071
0.004848480
0.005126953
0.003990173
0.004570007
0.004123688
0.005702972
0.003494263
0.003547668
0.004920959
0.007614136
0.005687714
0.004661560
0.005077362
0.005691528
0.005130768
0.005714417
0.006149292
0.006137848
0.005180359
0.006168365
0.007316589
0.003669739
0.003593445
0.005119324
0.003654480
0.003467560
0.004619598
0.004318237
0.005729675
0.003551483
0.003486633
0.004970551
0.005176544
0.005840302
0.005706787
0.005306244
0.005031586
0.004581451
0.003570557
0.004604340
0.004878998
0.005393982
0.004589081
0.006214142
0.006134033
0.004634857
0.004482269
0.004970551
0.004062653
0.005966187
0.004352570
0.005451202
0.005718231
0.003894806
0.005477905
0.007633209
0.005615234
0.005119324
0.005634308
0.007919312
0.004882812
0.004661560
0.003890991
0.006202698
0.006175995
0.005157471
0.004604340
0.004245758
0.004058838
0.005676270
0.004776001
0.005172729
0.005195618
0.006149292
0.005100250
0.005081177
0.003505707
0.003898621
0.005920410
0.005123138
0.005470276
0.005664825
0.005390167
0.005134583
0.005737305
0.004947662
0.006134033
0.003543854
0.005157471
0.006259918
0.006076813
0.004032135
0.003528595
0.005916595
0.007266998
0.003543854
0.004966736
0.006134033
0.003810883
0.006221771
0.006229401
0.004669189
0.005123138
0.004932404
0.003692627
0.003993988
0.005084991
0.004589081
0.004989624
0.005680084
0.006202698
0.005119324
0.003566742
0.005699158
0.006298065
0.004554749
0.005153656
0.006210327
0.003547668
0.004596710
0.006252289
0.004619598
0.003673553
0.004940033
0.004116058
0.005947113
0.005409241
0.005924225
0.005641937
0.005123138
0.003650665
0.005088806
0.003479004
0.004661560
0.004611969
0.006202698
0.004589081
0.006225586
0.004600525
0.004981995
0.004909515
0.003501892
0.005096436
0.005119324
0.005626678
0.006252289
0.005722046
0.005161285
0.004344940
0.005065918
0.005725861
0.003509521
0.005714417
0.004627228
0.003791809
0.004096985
0.005794525
0.004791260
0.005737305
0.005683899
0.006168365
0.003768921
0.003776550
0.005020142
0.005081177
0.003513336
0.005649567
0.005641937
0.005664825
0.005096436
0.006202698
0.004253387
0.005477905
0.005710602
0.005096436
0.005702972
0.003559113
0.005195618
0.006225586
0.006175995
0.004096985
0.003879547
0.004455566
0.003635406
0.004047394
0.003635406
0.005718231
0.006038666
0.005790710
0.006023407
0.006187439
0.003787994
0.004711151
0.004611969
0.006225586
0.003639221
0.006141663
0.004039764
0.005149841
0.004596710
0.004428864
0.006214142
0.004596710
0.003948212
0.003520966
0.005165100
0.004920959
0.005641937
0.003540039
0.003948212
0.005893707
0.003566742
0.003555298
0.005149841
0.005332947
0.004096985
0.005638123
0.006168365
0.004627228
0.004070282
0.004070282
0.006061554
0.003692627
0.005023956
0.004119873
0.003528595
0.003536224
0.004653931
0.006202698
0.006233215
0.004138947
0.004016876
0.005668640
0.004981995
0.004611969
0.005664825
0.004684448
0.004077911
0.006187439
0.005012512
0.005725861
0.006206512
0.003532410
0.005546570
0.004066467
0.003570557
0.003986359
0.005371094
0.003627777
0.003650665
0.003559113
0.005527496
0.005157471
0.006122589
0.005756378
0.005729675
0.006237030
0.004211426
0.006149292
0.004615784
0.003467560
0.006221771
0.005348206
0.005157471
0.004653931
0.005992889
0.004543304
0.004634857
0.006210327
0.003520966
0.005313873
0.006122589
0.003726959
0.003665924
0.004108429
0.006214142
0.005214691
0.005645752
0.004653931
0.006168365
0.004238129
0.006206512
0.003719330
0.003524780
0.006465912
0.006179810
0.004066467
0.003582001
0.006183624
0.003536224
0.003597260
0.006214142
0.003738403
0.005073547
0.006237030
0.003849030
0.003528595
0.003520966
0.003646851
0.003952026
0.005123138
0.005702972
0.003479004
0.004642487
0.003993988
0.003547668
0.004493713
0.005191803
0.004997253
0.003448486
0.005138397
0.005695343
0.004993439
0.005405426
0.006141663
0.003501892
0.003597260
0.006195068
0.003616333
0.004634857
0.005054474
0.005691528
0.003543854
0.004936218
0.004520416
0.004070282
0.005306244
0.005867004
0.005256653
0.003768921
0.004478455
0.005096436
0.003620148
0.004524231
0.003860474
0.003711700
0.005237579
0.005718231
0.006206512
0.005638123
0.005443573
0.004035950
0.005092621
0.003498077
0.006210327
0.005725861
0.003681183
0.005050659
0.006198883
0.005706787
0.003540039
0.005748749
0.005809784
0.003898621
0.005123138
0.005107880
0.005737305
0.005725861
0.006256104
0.005107880
0.006122589
0.004158020
0.003566742
0.005954742
0.006332397
0.003601074
0.003532410
0.005104065
0.003494263
0.003520966
0.003578186
0.005126953
0.003509521
0.006057739
0.005710602
0.005104065
0.003791809
0.003585815
0.006221771
0.006202698
0.003501892
0.005126953
0.003540039
0.004787445
0.003913879
0.005065918
0.003662109
0.004760742
0.005184174
0.003528595
0.005367279
0.004898071
0.004894257
0.003429413
0.004089355
0.003524780
0.005725861
0.003479004
0.003601074
0.004756927
0.003582001
0.005130768
0.003498077
0.004730225
0.006183624
0.004039764
0.003574371
0.004585266
0.004886627
0.006233215
0.006042480
0.005687714
0.006187439
0.003818512
0.003505707
0.006175995
0.004631042
0.005516052
0.006179810
0.003570557
0.005153656
0.006206512
0.003540039
0.005115509
0.005146027
0.006172180
0.003829956
0.004642487
0.003475189
0.003959656
0.004577637
0.005645752
0.005748749
0.006130219
0.005714417
0.005767822
0.006202698
0.005527496
0.006244659
0.005809784
0.003475189
0.005104065
0.005516052
0.004619598
0.003543854
0.005424500
0.005519867
0.006217957
0.004333496
0.005115509
0.005657196
0.005493164
0.005744934
0.003673553
0.004047394
0.005161285
0.005668640
0.006164551
0.005699158
0.006187439
0.005611420
0.003543854
0.003684998
0.005241394
0.003475189
0.005683899
0.004405975
0.004554749
0.006198883
0.004074097
0.004600525
0.005767822
0.005718231
0.005668640
0.005313873
0.004405975
0.004459381
0.005718231
0.006008148
0.004573822
0.006191254
0.004089355
0.004627228
0.003532410
0.003990173
0.004802704
0.005825043
0.003784180
0.005691528
0.006214142
0.005664825
0.004047394
0.004592896
0.005649567
0.004669189
0.004981995
0.005474091
0.007934570
0.003566742
0.004062653
0.005142212
0.005733490
0.005870819
0.005882263
0.003547668
0.006214142
0.004089355
0.004810333
0.005447388
0.003517151
0.005130768
0.003490448
0.006221771
0.005176544
0.005863190
0.005672455
0.003524780
0.004116058
0.003784180
0.004627228
0.005126953
0.003589630
0.004642487
0.005645752
0.005699158
0.006221771
0.003849030
0.004650116
0.003570557
0.005706787
0.003616333
0.005096436
0.004669189
0.005958557
0.005287170
0.005680084
0.003566742
0.005046844
0.005050659
0.005996704
0.006145477
0.003517151
0.003894806
0.005836487
0.005653381
0.003582001
0.004611969
0.005111694
0.006015778
0.006172180
0.003547668
0.004817963
0.005710602
0.004592896
0.005123138
0.004833221
0.003475189
0.004089355
0.004852295
0.005107880
0.005695343
0.005722046
0.003818512
0.005691528
0.004821777
0.005512238
0.006233215
0.003452301
0.004852295
0.003723145
0.004062653
0.005741119
0.005134583
0.004043579
0.005638123
0.006202698
0.003582001
0.004634857
0.006233215
0.005695343
0.006172180
0.004226685
0.005889893
0.003509521
0.004589081
0.007255554
0.003810883
0.004634857
0.005699158
0.003623962
0.005134583
0.004291534
0.005599976
0.003524780
0.006172180
0.006259918
0.005123138
0.003833771
0.005100250
0.005031586
0.003566742
0.003974915
0.004573822
0.005584717
0.005157471
0.004295349
0.004058838
0.004596710
0.004104614
0.005115509
0.004592896
0.006237030
0.003852844
0.004562378
0.003654480
0.004390717
0.003971100
0.003547668
0.004608154
0.004596710
0.005359650
0.003704071
0.007587433
0.005699158
0.005641937
0.004615784
0.004043579
0.005157471
0.006179810
0.005668640
0.003486633
0.005767822
0.005710602
0.003471375
0.004638672
0.005477905
0.005683899
0.005535126
0.005050659
0.005203247
0.006225586
0.005249023
0.006229401
0.004661560
0.004726410
0.006195068
0.005653381
0.004215240
0.004108429
0.003501892
0.005184174
0.003486633
0.005130768
0.004581451
0.005508423
0.004619598
0.005157471
0.003551483
0.004844666
0.006210327
0.003543854
0.004905701
0.005607605
0.006072998
0.003582001
0.004573822
0.007850647
0.005378723
0.004573822
0.004047394
0.003498077
0.004600525
0.005695343
0.003566742
0.005149841
0.005153656
0.005702972
0.005886078
0.003585815
0.006225586
0.005409241
0.006202698
0.003719330
0.004283905
0.004203796
0.004985809
0.003787994
0.005260468
0.006217957
0.003566742
0.004554749
0.005649567
0.006015778
0.003944397
0.005699158
0.005302429
0.003582001
0.004024506
0.004570007
0.004493713
0.004634857
0.004085541
0.005443573
0.005153656
0.005680084
0.005355835
0.005657196
0.004642487
0.004615784
0.006214142
0.005649567
0.005947113
0.004600525
0.004058838
0.005931854
0.004619598
0.004913330
0.006225586
0.005626678
0.005619049
0.005134583
0.007976532
0.005161285
0.006202698
0.003517151
0.004650116
0.006217957
0.005088806
0.006263733
0.004592896
0.004051208
0.005130768
0.005130768
0.004253387
0.003528595
0.004005432
0.003799438
0.006256104
0.004089355
0.005439758
0.005016327
0.003551483
0.003498077
0.004592896
0.006187439
0.006099701
0.003475189
0.005401611
0.006134033
0.003845215
0.005138397
0.005718231
0.005153656
0.005737305
0.005725861
0.004623413
0.005668640
0.005691528
0.005123138
0.004596710
0.006237030
0.005138397
0.006298065
0.005111694
0.005924225
0.005752563
0.005668640
0.006225586
0.005664825
0.003547668
0.005687714
0.004814148
0.005661011
0.004650116
0.004062653
0.006542206
0.006175995
0.005619049
0.004776001
0.005649567
0.004970551
0.004619598
0.004562378
0.004844666
0.004089355
0.005077362
0.004020691
0.005138397
0.004989624
0.005416870
0.004199982
0.005672455
0.005821228
0.005725861
0.006195068
0.004592896
0.004882812
0.005241394
0.005706787
0.004795074
0.005081177
0.006183624
0.003547668
0.004589081
0.005218506
0.003528595
0.003772736
0.005191803
0.004863739
0.005214691
0.005077362
0.005306244
0.003692627
0.005077362
0.005725861
0.005676270
0.004035950
0.005119324
0.005725861
0.004055023
0.004753113
0.003501892
0.006038666
0.004318237
0.005199432
0.006084442
0.005634308
0.004802704
0.005657196
0.005699158
0.003486633
0.003776550
0.005332947
0.005100250
0.006259918
0.003482819
0.005466461
0.004589081
0.005439758
0.006217957
0.006084442
0.004577637
0.004920959
0.003562927
0.004596710
0.004623413
0.005786896
0.005146027
0.004154205
0.005355835
0.006210327
0.004341125
0.004093170
0.006195068
0.004615784
0.004066467
0.005668640
0.005981445
0.003993988
0.003578186
0.004692078
0.003501892
0.005100250
0.005664825
0.004405975
0.004997253
0.003547668
0.005344391
0.005691528
0.006252289
0.005645752
0.006179810
0.006019592
0.005592346
0.004627228
0.005146027
0.004611969
0.007381439
0.005321503
0.003582001
0.005184174
0.005222321
0.003532410
0.004039764
0.004615784
0.003952026
0.005184174
0.003501892
0.004619598
0.004577637
0.005062103
0.004837036
0.005935669
0.005260468
0.005741119
0.006256104
0.005439758
0.006195068
0.004516602
0.003551483
0.006202698
0.005390167
0.005943298
0.005729675
0.006244659
0.005874634
0.005111694
0.004985809
0.006263733
0.003555298
0.005134583
0.004211426
0.005130768
0.003456116
0.003505707
0.006179810
0.005207062
0.006214142
0.005882263
0.005661011
0.003944397
0.004066467
0.003612518
0.005695343
0.003601074
0.006237030
0.006267548
0.006237030
0.005054474
0.006187439
0.004333496
0.003501892
0.005718231
0.005153656
0.005573273
0.004604340
0.004631042
0.004634857
0.006221771
0.006164551
0.003490448
0.004619598
0.004600525
0.004043579
0.005107880
0.004058838
0.005897522
0.004596710
0.004287720
0.005710602
0.005195618
0.005008698
0.006004333
0.004096985
0.005176544
0.006229401
0.006191254
0.005615234
0.006107330
0.005725861
0.003959656
0.005744934
0.006153107
0.004348755
0.005153656
0.007198334
0.005908966
0.005107880
0.005130768
0.006141663
0.006206512
0.005371094
0.003952026
0.005165100
0.003829956
0.004051208
0.003566742
0.005123138
0.003635406
0.003967285
0.005649567
0.004653931
0.003547668
0.004016876
0.004112244
0.005661011
0.004100800
0.005203247
0.004249573
0.008121490
0.004631042
0.005668640
0.005107880
0.003772736
0.004512787
0.005718231
0.005680084
0.004550934
0.004005432
0.004829407
0.005691528
0.003585815
0.004100800
0.005104065
0.005123138
0.004066467
0.004886627
0.004650116
0.005645752
0.005489349
0.003463745
0.005794525
0.005935669
0.005645752
0.005737305
0.005104065
0.005184174
0.005661011
0.005126953
0.003585815
0.005966187
0.003990173
0.005516052
0.005142212
0.005550385
0.003665924
0.003517151
0.005138397
0.005668640
0.003585815
0.003543854
0.003734589
0.005172729
0.005020142
0.006275177
0.004596710
0.005012512
0.005489349
0.004524231
0.004570007
0.005729675
0.005561829
0.004615784
0.004623413
0.003799438
0.005157471
0.004661560
0.005954742
0.006252289
0.004585266
0.005676270
0.005714417
0.005844116
0.005702972
0.005699158
0.005573273
0.004615784
0.005729675
0.005138397
0.004356384
0.004150391
0.004936218
0.004051208
0.004081726
0.003486633
0.005657196
0.005947113
0.005233765
0.004909515
0.006267548
0.005130768
0.004028320
0.005508423
0.005142212
0.005687714
0.005115509
0.004283905
0.004657745
0.004028320
0.004028320
0.005687714
0.003486633
0.004013062
0.004600525
0.004451752
0.005714417
0.003456116
0.004013062
0.006175995
0.004638672
0.004096985
0.004817963
0.004646301
0.005687714
0.005706787
0.005168915
0.004165649
0.004875183
0.005119324
0.003952026
0.005756378
0.005115509
0.005321503
0.005661011
0.003555298
0.004070282
0.006202698
0.004676819
0.005298615
0.003593445
0.003524780
0.005718231
0.005695343
0.005718231
0.005153656
0.004432678
0.005687714
0.006202698
0.004077911
0.007087708
0.005210876
0.006164551
0.006172180
0.005142212
0.004611969
0.004886627
0.005027771
0.005195618
0.005111694
0.005073547
0.004714966
0.005249023
0.003547668
0.004287720
0.005393982
0.003944397
0.006065369
0.005569458
0.006202698
0.005760193
0.006195068
0.005676270
0.004653931
0.003562927
0.004066467
0.003494263
0.005157471
0.005187988
0.005744934
0.005531311
0.003494263
0.006317139
0.003532410
0.005485535
0.006019592
0.003486633
0.006141663
0.003662109
0.003509521
0.005767822
0.003494263
0.006179810
0.003608704
0.004600525
0.005279541
0.004241943
0.005386353
0.006202698
0.003494263
0.005149841
0.006263733
0.005134583
0.004608154
0.004035950
0.006210327
0.005943298
0.005699158
0.004020691
0.005508423
0.005226135
0.005966187
0.005661011
0.005195618
0.006225586
0.004730225
0.005699158
0.006164551
0.004074097
0.005096436
0.005111694
0.003684998
0.006477356
0.004379272
0.003822327
0.004455566
0.004600525
0.004013062
0.005874634
0.005661011
0.005325317
0.005775452
0.004867554
0.004699707
0.005752563
0.004417419
0.005836487
0.005645752
0.005462646
0.006225586
0.005676270
0.003494263
0.005714417
0.003555298
0.006210327
0.006156921
0.005645752
0.005393982
0.006187439
0.005561829
0.005020142
0.003524780
0.005661011
0.004348755
0.003890991
0.003570557
0.003494263
0.006149292
0.003623962
0.004020691
0.004623413
0.005722046
0.004402161
0.004013062
0.004356384
0.006202698
0.004882812
0.005081177
0.005599976
0.005584717
0.005439758
0.004005432
0.003684998
0.005477905
0.005470276
0.003509521
0.003776550
0.005844116
0.003494263
0.004089355
0.004127502
0.005157471
0.005561829
0.005714417
0.006248474
0.004341125
0.004364014
0.005622864
0.005691528
0.005653381
0.004135132
0.004592896
0.006004333
0.004020691
0.004142761
0.004173279
0.005271912
0.004234314
0.004631042
0.005706787
0.003524780
0.005691528
0.005714417
0.005355835
0.005241394
0.005310059
0.006011963
0.004653931
0.005554199
0.003868103
0.006172180
0.003540039
0.006187439
0.004646301
0.004585266
0.005546570
0.005859375
0.004653931
0.005111694
0.005752563
0.007316589
0.005119324
0.006103516
0.005401611
0.006164551
0.006195068
0.003494263
0.005966187
0.006233215
0.003913879
0.006156921
0.005683899
0.004661560
0.005538940
0.005699158
0.004104614
0.006042480
0.005187988
0.005706787
0.005340576
0.005119324
0.006278992
0.004631042
0.005187988
0.004714966
0.005752563
0.004028320
0.004577637
0.003494263
0.004470825
0.006217957
0.006179810
0.004730225
0.005111694
0.006095886
0.004875183
0.005043030
0.004173279
0.004631042
0.003997803
0.005828857
0.005065918
0.005416870
0.004592896
0.003509521
0.005004883
0.005722046
0.005729675
0.005119324
0.006172180
0.006225586
0.005599976
0.003517151
0.006164551
0.005012512
0.004638672
0.005653381
0.005943298
0.004005432
0.003547668
0.006210327
0.005661011
0.005950928
0.004600525
0.003990173
0.005706787
0.005966187
0.006271362
0.004867554
0.003517151
0.005691528
0.005882263
0.005966187
0.005661011
0.005142212
0.004516602
0.003547668
0.004249573
0.003677368
0.004631042
0.006172180
0.005767822
0.008117676
0.004623413
0.005691528
0.004753113
0.003845215
0.004592896
0.005172729
0.005683899
0.003524780
0.003562927
0.003990173
0.004623413
0.004829407
0.005683899
0.005691528
0.004653931
0.005691528
0.003471375
0.004920959
0.005111694
0.006202698
0.003562927
0.005096436
0.005096436
0.004272461
0.004722595
0.006118774
0.005134583
0.005073547
0.005668640
0.003532410
0.003448486
0.003570557
0.006225586
0.006210327
0.003463745
0.005607605
0.003448486
0.003601074
0.006217957
0.005729675
0.005714417
0.003479004
0.005683899
0.005134583
0.003746033
0.006248474
0.004043579
0.004020691
0.004348755
0.004035950
0.005744934
0.005622864
0.004554749
0.005134583
0.006263733
0.004028320
0.003692627
0.003646851
0.006179810
0.004615784
0.005744934
0.003593445
0.006233215
0.003578186
0.005126953
0.005409241
0.003532410
0.005249023
0.005058289
0.006164551
0.004089355
0.004127502
0.005844116
0.003890991
0.005546570
0.005676270
0.006233215
0.003700256
0.006156921
0.004051208
0.005294800
0.004356384
0.003540039
0.003562927
0.005104065
0.005477905
0.003707886
0.005088806
0.003677368
0.005500793
0.004425049
0.005111694
0.003677368
0.003479004
0.004524231
0.005088806
0.003501892
0.006164551
0.004585266
0.005462646
0.005912781
0.005432129
0.005699158
0.004638672
0.005661011
0.005104065
0.005165100
0.005699158
0.005668640
0.006187439
0.003524780
0.005134583
0.005294800
0.006217957
0.003555298
0.004600525
0.005691528
0.004043579
0.004043579
0.006187439
0.005187988
0.004905701
0.004028320
0.005477905
0.004646301
0.006195068
0.004890442
0.003448486
0.004867554
0.004585266
0.004760742
0.005714417
0.005142212
0.005111694
0.006256104
0.007926941
0.005867004
0.005226135
0.004882812
0.005264282
0.005676270
0.004409790
0.004043579
0.006118774
0.006111145
0.003982544
0.005882263
0.006080627
0.004547119
0.005668640
0.005393982
0.003517151
0.005058289
0.005729675
0.003471375
0.004364014
0.003547668
0.003738403
0.005676270
0.004081726
0.005310059
0.005363464
0.005310059
0.004570007
0.005149841
0.007522583
0.004234314
0.005516052
0.005447388
0.006210327
0.003532410
0.004623413
0.004653931
0.004623413
0.005187988
0.003479004
0.005165100
0.004508972
0.005493164
0.004776001
0.004333496
0.005500793
0.006759644
0.006195068
0.006164551
0.006217957
0.003486633
0.004814148
0.004058838
0.004562378
0.004051208
0.004096985
0.004653931
0.004669189
0.004150391
0.005065918
0.006217957
0.004013062
0.005737305
0.003990173
0.004020691
0.006217957
0.004341125
0.005760193
0.005676270
0.003585815
0.004104614
0.003952026
0.005111694
0.006584167
0.003578186
0.003623962
0.005294800
0.004028320
0.004653931
0.006179810
0.005844116
0.005722046
0.005348206
0.005371094
0.006256104
0.005119324
0.003898621
0.004035950
0.004882812
0.005363464
0.004043579
0.005119324
0.006126404
0.003684998
0.004074097
0.004638672
0.003715515
0.005554199
0.005836487
0.005516052
0.003547668
0.006195068
0.005905151
0.003562927
0.005714417
0.006164551
0.005683899
0.005767822
0.005714417
0.003517151
0.003479004
0.004035950
0.004638672
0.004829407
0.003463745
0.004577637
0.005111694
0.005699158
0.006202698
0.003555298
0.004577637
0.003982544
0.006164551
0.005149841
0.005805969
0.006095886
0.004089355
0.004631042
0.005027771
0.004661560
0.006225586
0.006156921
0.006050110
0.006225586
0.004035950
0.004463196
0.006233215
0.004600525
0.005348206
0.005989075
0.004562378
0.004554749
0.006210327
0.003631592
0.004600525
0.005149841
0.006187439
0.004989624
0.005287170
0.005943298
0.005210876
0.006248474
0.005142212
0.004608154
0.006240845
0.004066467
0.004035950
0.006240845
0.003768921
0.004295349
0.003562927
0.004745483
0.003517151
0.004875183
0.006202698
0.006065369
0.003494263
0.006217957
0.003494263
0.004096985
0.005928040
0.005699158
0.003684998
0.003906250
0.003608704
0.004043579
0.005783081
0.005134583
0.003791809
0.005691528
0.006111145
0.006217957
0.006164551
0.006187439
0.005149841
0.003517151
0.006195068
0.004028320
0.003479004
0.006202698
0.003524780
0.005157471
0.006050110
0.003601074
0.005447388
0.006225586
0.005989075
0.003952026
0.006057739
0.003578186
0.003479004
0.006164551
0.003494263
0.005485535
0.006179810
0.005676270
0.005081177
0.006210327
0.005691528
0.006202698
0.003807068
0.004623413
0.005668640
0.003974915
0.003601074
0.004516602
0.003684998
0.003524780
0.004051208
0.005577087
0.005104065
0.003509521
0.006027222
0.005935669
0.005729675
0.005111694
0.003784180
0.004615784
0.005729675
0.004035950
0.004600525
0.005119324
0.004066467
0.003524780
0.003471375
0.004020691
0.003540039
0.004302979
0.004058838
0.005134583
0.005638123
0.003509521
0.005989075
0.003517151
0.005699158
0.006195068
0.003959656
0.005142212
0.006065369
0.005691528
0.003562927
0.006027222
0.004096985
0.006172180
0.005348206
0.003540039
0.005226135
0.006233215
0.005683899
0.003562927
0.004066467
0.005096436
0.004882812
0.003890991
0.005172729
0.005149841
0.003997803
0.005737305
0.005691528
0.003646851
0.003540039
0.004013062
0.005104065
0.004249573
0.003555298
0.004661560
0.003860474
0.003509521
0.004020691
0.004203796
0.005676270
0.003700256
0.005172729
0.005599976
0.004653931
0.005096436
0.005874634
0.005668640
0.005798340
0.003913879
0.003646851
0.005165100
0.005722046
0.003616333
0.006011963
0.003944397
0.005630493
0.006217957
0.004051208
0.003593445
0.006034851
0.003753662
0.004219055
0.003707886
0.003540039
0.003532410
0.004379272
0.006080627
0.005149841
0.006210327
0.006217957
0.006011963
0.005599976
0.003936768
0.003639221
0.005195618
0.004821777
0.006179810
0.004631042
0.005157471
0.006202698
0.005722046
0.006210327
0.005691528
0.005645752
0.003921509
0.003562927
0.004074097
0.005386353
0.005561829
0.005706787
0.003944397
0.004615784
0.005340576
0.006072998
0.005722046
0.005805969
0.005134583
0.004623413
0.003524780
0.004570007
0.007354736
0.004714966
0.005889893
0.006172180
0.003440857
0.005653381
0.003570557
0.003494263
0.005294800
0.003585815
0.003601074
0.004501343
0.005859375
0.005867004
0.003509521
0.005676270
0.005256653
0.006164551
0.005889893
0.004211426
0.005676270
0.006103516
0.003547668
0.005867004
0.003463745
0.006225586
0.004722595
0.004882812
0.005722046
0.004974365
0.005416870
0.005683899
0.005737305
0.005683899
0.005859375
0.006118774
0.003829956
0.005683899
0.005157471
0.005630493
0.005096436
0.006065369
0.005706787
0.005119324
0.005714417
0.003532410
0.004905701
0.005950928
0.005653381
0.003974915
0.004951477
0.005104065
0.005889893
0.005691528
0.005752563
0.005981445
0.005554199
0.006172180
0.005905151
0.004058838
0.004631042
0.005691528
0.006004333
0.008102417
0.004631042
0.004043579
0.004959106
0.005813599
0.006126404
0.006225586
0.005104065
0.005722046
0.006172180
0.005676270
0.004035950
0.003578186
0.004760742
0.003524780
0.004043579
0.005157471
0.003471375
0.005996704
0.006187439
0.004028320
0.005760193
0.005203247
0.003959656
0.005142212
0.004653931
0.004867554
0.006187439
0.003601074
0.005104065
0.003639221
0.006233215
0.004020691
0.004760742
0.005737305
0.003509521
0.004463196
0.003517151
0.004348755
0.003471375
0.006225586
0.005142212
0.005096436
0.004692078
0.004394531
0.004653931
0.004905701
0.005371094
0.003524780
0.004295349
0.004913330
0.004112244
0.004699707
0.006195068
0.003494263
0.004364014
0.003593445
0.005081177
0.003517151
0.005081177
0.005668640
0.006202698
0.005706787
0.003540039
0.004638672
0.006202698
0.006210327
0.003784180
0.005737305
0.003616333
0.004676819
0.006050110
0.005058289
0.005645752
0.003509521
0.005622864
0.005851746
0.004058838
0.005722046
0.003562927
0.005729675
0.004058838
0.005348206
0.005760193
0.006179810
0.003616333
0.003524780
0.004661560
0.003585815
0.005836487
0.004074097
0.004753113
0.005378723
0.005371094
0.005683899
0.003829956
0.005630493
0.004806519
0.003532410
0.003456116
0.005180359
0.003570557
0.003578186
0.003540039
0.003669739
0.005165100
0.003524780
0.003547668
0.004615784
0.005683899
0.005256653
0.005165100
0.003494263
0.003585815
0.003463745
0.003524780
0.003746033
0.003852844
0.005424500
0.003562927
0.003746033
0.005325317
0.003486633
0.005302429
0.003509521
0.005905151
0.004035950
0.005165100
0.005638123
0.006050110
0.005729675
0.003501892
0.006210327
0.006149292
0.004501343
0.004577637
0.003517151
0.005172729
0.005195618
0.005271912
0.006027222
0.006233215
0.005928040
0.004676819
0.004600525
0.003585815
0.003799438
0.004035950
0.004623413
0.003570557
0.004295349
0.005737305
0.003593445
0.005233765
0.004852295
0.006080627
0.005607605
0.004974365
0.006210327
0.006004333
0.005676270
0.005462646
0.005325317
0.005348206
0.004524231
0.003990173
0.005096436
0.004272461
0.004676819
0.006713867
0.005165100
0.005073547
0.006019592
0.005088806
0.003601074
0.005676270
0.005722046
0.005805969
0.004165649
0.004821777
0.005317688
0.004081726
0.004699707
0.004974365
0.005264282
0.005310059
0.006256104
0.005409241
0.003479004
0.003509521
0.004623413
0.005104065
0.005157471
0.005691528
0.006050110
0.003883362
0.005477905
0.007728577
0.006027222
0.003585815
0.005706787
0.005783081
0.004364014
0.004570007
0.005699158
0.005172729
0.005653381
0.005447388
0.005668640
0.003524780
0.004409790
0.004951477
0.005447388
0.003723145
0.005691528
0.005676270
0.003532410
0.004371643
0.003585815
0.003479004
0.004570007
0.005554199
0.004013062
0.003479004
0.004585266
0.005912781
0.005805969
0.005714417
0.003540039
0.005630493
0.003944397
0.003517151
0.004547119
0.006187439
0.004974365
0.005744934
0.005371094
0.006187439
0.006164551
0.003715515
0.005661011
0.003585815
0.006202698
0.006042480
0.005729675
0.004005432
0.005676270
0.005714417
0.005729675
0.003578186
0.005424500
0.005767822
0.006195068
0.005157471
0.005744934
0.003837585
0.004188538
0.003898621
0.004341125
0.006011963
0.006256104
0.003860474
0.003822327
0.004013062
0.003585815
0.005050659
0.004669189
0.003959656
0.004692078
0.004119873
0.005096436
0.006202698
0.005996704
0.006256104
0.006233215
0.004005432
0.004913330
0.003860474
0.006362915
0.004592896
0.003585815
0.004257202
0.003532410
0.005249023
0.005706787
0.004455566
0.006156921
0.005241394
0.004936218
0.005073547
0.005851746
0.005088806
0.005447388
0.005722046
0.004600525
0.004623413
0.004936218
0.006172180
0.003486633
0.004592896
0.005653381
0.003715515
0.005836487
0.003555298
0.005737305
0.005828857
0.005645752
0.004455566
0.003852844
0.005096436
0.003677368
0.006149292
0.005783081
0.004608154
0.004646301
0.005065918
0.004806519
0.005676270
0.005432129
0.005111694
0.003601074
0.003585815
0.005462646
0.003677368
0.005088806
0.004920959
0.004623413
0.004608154
0.003921509
0.006065369
0.004615784
0.006149292
0.004035950
0.004051208
0.005714417
0.003509521
0.005722046
0.005706787
0.003974915
0.005516052
0.004653931
0.003532410
0.006195068
0.004646301
0.005165100
0.005722046
0.003501892
0.004837036
0.004066467
0.006210327
0.006057739
0.005149841
0.005577087
0.003829956
0.005668640
0.003486633
0.003814697
0.004463196
0.005737305
0.003936768
0.005142212
0.004661560
0.004608154
0.005004883
0.005798340
0.003555298
0.003524780
0.003547668
0.003532410
0.005424500
0.003479004
0.006103516
0.005500793
0.006172180
0.005111694
0.006225586
0.003601074
0.004959106
0.005050659
0.003883362
0.006225586
0.005096436
0.005676270
0.003700256
0.004646301
0.004631042
0.005821228
0.006172180
0.005905151
0.005706787
0.005439758
0.004364014
0.006225586
0.004394531
0.003860474
0.003540039
0.005897522
0.004020691
0.006225586
0.005676270
0.005737305
0.006233215
0.003524780
0.005081177
0.005714417
0.005325317
0.003524780
0.004058838
0.006042480
0.005012512
0.003608704
0.006217957
0.003517151
0.005104065
0.004089355
0.003524780
0.005294800
0.005119324
0.006195068
0.003700256
0.005180359
0.005149841
0.004577637
0.005119324
0.005737305
0.005905151
0.003623962
0.005081177
0.005744934
0.005119324
0.003570557
0.005691528
0.005088806
0.005638123
0.005752563
0.005142212
0.005088806
0.003540039
0.004600525
0.005203247
0.003707886
0.004592896
0.005310059
0.004081726
0.003982544
0.005157471
0.004600525
0.005439758
0.005134583
0.005432129
0.005134583
0.004577637
0.006179810
0.003509521
0.004264832
0.003570557
0.004196167
0.006179810
0.004219055
0.006111145
0.005867004
0.005493164
0.006233215
0.003578186
0.004417419
0.006217957
0.004028320
0.005119324
0.004707336
0.003883362
0.007202148
0.003440857
0.004600525
0.005027771
0.005569458
0.003585815
0.006172180
0.004585266
0.004524231
0.005157471
0.004676819
0.004104614
0.005088806
0.004364014
0.004760742
0.003837585
0.004661560
0.005859375
0.006149292
0.006202698
0.005645752
0.003814697
0.005279541
0.005699158
0.003501892
0.005500793
0.005432129
0.005691528
0.005134583
0.003631592
0.004203796
0.005706787
0.005546570
0.004692078
0.003982544
0.005897522
0.005165100
0.005332947
0.005653381
0.005393982
0.005081177
0.005088806
0.003509521
0.005653381
0.004051208
0.003509521
0.004615784
0.006179810
0.006225586
0.005126953
0.005958557
0.005828857
0.004631042
0.004608154
0.005661011
0.005668640
0.005592346
0.003463745
0.003425598
0.004638672
0.005149841
0.006225586
0.004943848
0.005432129
0.003463745
0.006172180
0.005126953
0.006164551
0.006187439
0.004600525
0.004493713
0.006217957
0.005714417
0.005744934
0.004608154
0.005096436
0.006225586
0.006233215
0.004791260
0.000015259
0.000000000
